start_time,end_time,integral_left,integral_right,integral_total
0,0,10675,11178,21853
0,10,95889,99801,195690
0,20,132201,137235,269436
0,30,143046,148506,291552
0,40,148019,153687,301706
0,50,151047,156860,307907
0,60,153152,158947,312099
0,70,154674,160535,315209
0,80,155895,161646,317541
0,90,156708,162432,319140
0,100,157125,162838,319963
0,110,157333,163072,320405
0,120,157508,163242,320750
0,130,157668,163408,321076
0,140,157815,163567,321382
0,150,157970,163745,321715
0,160,158124,163918,322042
0,170,158280,164084,322364
0,180,158403,164227,322630
0,190,158559,164385,322944
0,200,158699,164536,323235
0,210,158837,164686,323523
0,220,158995,164850,323845
0,230,159167,165003,324170
0,240,159322,165154,324476
0,250,159488,165312,324800
0,260,159613,165449,325062
0,270,159763,165620,325383
0,280,159897,165775,325672
0,290,160067,165934,326001
0,300,160215,166124,326339
0,310,160398,166303,326701
0,320,160563,166477,327040
0,330,160709,166646,327355
0,340,160856,166796,327652
0,350,161017,166958,327975
0,360,161167,167128,328295
0,370,161303,167317,328620
0,380,161453,167480,328933
0,390,161601,167650,329251
0,400,161769,167802,329571
0,410,161924,167969,329893
0,420,162082,168125,330207
0,430,162232,168299,330531
0,440,162410,168451,330861
0,450,162558,168620,331178
0,460,162714,168765,331479
0,470,162873,168938,331811
0,480,163052,169073,332125
0,490,163202,169241,332443
0,500,163351,169407,332758
0,510,163505,169574,333079
0,520,163673,169757,333430
0,530,163857,169940,333797
0,540,163995,170085,334080
0,550,164139,170237,334376
0,560,164301,170394,334695
0,570,164444,170563,335007
0,580,164597,170707,335304
0,590,164759,170886,335645
0,600,164900,171046,335946
0,610,165035,171213,336248
0,620,165205,171377,336582
0,630,165352,171548,336900
0,640,165504,171701,337205
0,650,165649,171873,337522
0,660,165800,172003,337803
0,670,165953,172153,338106
0,680,166088,172310,338398
0,690,166230,172480,338710
0,700,166381,172629,339010
0,710,166559,172785,339344
0,720,166735,172937,339672
0,730,166881,173077,339958
0,740,167030,173208,340238
0,750,167203,173347,340550
0,760,167355,173523,340878
0,770,167492,173690,341182
0,780,167635,173845,341480
0,790,167768,174007,341775
0,800,167914,174175,342089
0,810,168066,174312,342378
0,820,168221,174474,342695
0,830,168385,174644,343029
0,840,168531,174781,343312
0,850,168685,174934,343619
0,860,168834,175096,343930
0,870,168980,175249,344229
0,880,169137,175420,344557
0,890,169291,175570,344861
0,900,169425,175721,345146
0,910,169553,175874,345427
0,920,169695,176032,345727
0,930,169835,176191,346026
0,940,169984,176349,346333
0,950,170140,176502,346642
0,960,170283,176646,346929
0,970,170422,176811,347233
0,980,170569,176996,347565
0,990,170725,177166,347891
0,1000,170864,177318,348182
0,1010,171028,177470,348498
0,1020,171175,177609,348784
0,1030,171316,177778,349094
0,1040,171436,177932,349368
0,1050,171563,178089,349652
0,1060,171706,178249,349955
0,1070,171851,178403,350254
0,1080,171983,178562,350545
0,1090,172158,178710,350868
0,1100,172301,178863,351164
0,1110,172449,179002,351451
0,1120,172587,179148,351735
0,1130,172741,179307,352048
0,1140,172882,179456,352338
0,1150,173019,179631,352650
0,1160,173161,179774,352935
0,1170,173319,179928,353247
0,1180,173470,180068,353538
0,1190,173637,180221,353858
0,1200,173778,180385,354163
0,1210,173925,180571,354496
0,1220,174084,180726,354810
0,1230,174253,180887,355140
0,1240,174411,181021,355432
0,1250,174568,181182,355750
0,1260,174674,181358,356032
0,1270,174825,181542,356367
0,1280,174968,181708,356676
0,1290,175118,181865,356983
0,1300,175264,182007,357271
0,1310,175434,182167,357601
0,1320,175567,182314,357881
0,1330,175707,182456,358163
0,1340,175862,182598,358460
0,1350,176018,182760,358778
0,1360,176171,182909,359080
0,1370,176312,183066,359378
0,1380,176463,183227,359690
0,1390,176646,183363,360009
0,1400,176778,183526,360304
0,1410,176915,183710,360625
0,1420,177042,183862,360904
0,1430,177206,184017,361223
0,1440,177352,184171,361523
0,1450,177515,184329,361844
0,1460,177668,184452,362120
0,1470,177825,184603,362428
0,1480,177961,184748,362709
0,1490,178127,184886,363013
0,1500,178289,185033,363322
0,1510,178440,185184,363624
0,1520,178588,185354,363942
0,1530,178732,185511,364243
0,1540,178885,185651,364536
0,1550,179033,185797,364830
0,1560,179224,185974,365198
0,1570,179378,186136,365514
0,1580,179520,186295,365815
0,1590,179697,186448,366145
0,1600,179829,186598,366427
0,1610,179971,186757,366728
0,1620,180132,186931,367063
0,1630,180294,187086,367380
0,1640,180442,187213,367655
0,1650,180586,187356,367942
0,1660,180731,187505,368236
0,1670,180884,187634,368518
0,1680,181003,187793,368796
0,1690,181128,187949,369077
0,1700,181285,188110,369395
0,1710,181411,188267,369678
0,1720,181565,188405,369970
0,1730,181725,188566,370291
0,1740,181864,188726,370590
0,1750,181974,188876,370850
0,1760,182087,189007,371094
0,1770,182201,189131,371332
0,1780,182328,189274,371602
0,1790,182462,189398,371860
0,1800,182607,189520,372127
0,1810,182722,189646,372368
0,1820,182829,189769,372598
0,1830,182965,189897,372862
0,1840,183097,190023,373120
0,1850,183218,190137,373355
0,1860,183333,190223,373556
0,1870,183457,190354,373811
0,1880,183595,190470,374065
0,1890,183732,190599,374331
0,1900,183836,190729,374565
0,1910,183938,190845,374783
0,1920,184038,190973,375011
0,1930,184131,191093,375224
0,1940,184235,191244,375479
0,1950,184353,191388,375741
0,1960,184483,191517,376000
0,1970,184592,191633,376225
0,1980,184717,191753,376470
0,1990,184820,191858,376678
10,10,6596,6884,13480
10,20,42908,44318,87226
10,30,53753,55589,109342
10,40,58726,60770,119496
10,50,61754,63943,125697
10,60,63859,66030,129889
10,70,65381,67618,132999
10,80,66602,68729,135331
10,90,67415,69515,136930
10,100,67832,69921,137753
10,110,68040,70155,138195
10,120,68215,70325,138540
10,130,68375,70491,138866
10,140,68522,70650,139172
10,150,68677,70828,139505
10,160,68831,71001,139832
10,170,68987,71167,140154
10,180,69110,71310,140420
10,190,69266,71468,140734
10,200,69406,71619,141025
10,210,69544,71769,141313
10,220,69702,71933,141635
10,230,69874,72086,141960
10,240,70029,72237,142266
10,250,70195,72395,142590
10,260,70320,72532,142852
10,270,70470,72703,143173
10,280,70604,72858,143462
10,290,70774,73017,143791
10,300,70922,73207,144129
10,310,71105,73386,144491
10,320,71270,73560,144830
10,330,71416,73729,145145
10,340,71563,73879,145442
10,350,71724,74041,145765
10,360,71874,74211,146085
10,370,72010,74400,146410
10,380,72160,74563,146723
10,390,72308,74733,147041
10,400,72476,74885,147361
10,410,72631,75052,147683
10,420,72789,75208,147997
10,430,72939,75382,148321
10,440,73117,75534,148651
10,450,73265,75703,148968
10,460,73421,75848,149269
10,470,73580,76021,149601
10,480,73759,76156,149915
10,490,73909,76324,150233
10,500,74058,76490,150548
10,510,74212,76657,150869
10,520,74380,76840,151220
10,530,74564,77023,151587
10,540,74702,77168,151870
10,550,74846,77320,152166
10,560,75008,77477,152485
10,570,75151,77646,152797
10,580,75304,77790,153094
10,590,75466,77969,153435
10,600,75607,78129,153736
10,610,75742,78296,154038
10,620,75912,78460,154372
10,630,76059,78631,154690
10,640,76211,78784,154995
10,650,76356,78956,155312
10,660,76507,79086,155593
10,670,76660,79236,155896
10,680,76795,79393,156188
10,690,76937,79563,156500
10,700,77088,79712,156800
10,710,77266,79868,157134
10,720,77442,80020,157462
10,730,77588,80160,157748
10,740,77737,80291,158028
10,750,77910,80430,158340
10,760,78062,80606,158668
10,770,78199,80773,158972
10,780,78342,80928,159270
10,790,78475,81090,159565
10,800,78621,81258,159879
10,810,78773,81395,160168
10,820,78928,81557,160485
10,830,79092,81727,160819
10,840,79238,81864,161102
10,850,79392,82017,161409
10,860,79541,82179,161720
10,870,79687,82332,162019
10,880,79844,82503,162347
10,890,79998,82653,162651
10,900,80132,82804,162936
10,910,80260,82957,163217
10,920,80402,83115,163517
10,930,80542,83274,163816
10,940,80691,83432,164123
10,950,80847,83585,164432
10,960,80990,83729,164719
10,970,81129,83894,165023
10,980,81276,84079,165355
10,990,81432,84249,165681
10,1000,81571,84401,165972
10,1010,81735,84553,166288
10,1020,81882,84692,166574
10,1030,82023,84861,166884
10,1040,82143,85015,167158
10,1050,82270,85172,167442
10,1060,82413,85332,167745
10,1070,82558,85486,168044
10,1080,82690,85645,168335
10,1090,82865,85793,168658
10,1100,83008,85946,168954
10,1110,83156,86085,169241
10,1120,83294,86231,169525
10,1130,83448,86390,169838
10,1140,83589,86539,170128
10,1150,83726,86714,170440
10,1160,83868,86857,170725
10,1170,84026,87011,171037
10,1180,84177,87151,171328
10,1190,84344,87304,171648
10,1200,84485,87468,171953
10,1210,84632,87654,172286
10,1220,84791,87809,172600
10,1230,84960,87970,172930
10,1240,85118,88104,173222
10,1250,85275,88265,173540
10,1260,85381,88441,173822
10,1270,85532,88625,174157
10,1280,85675,88791,174466
10,1290,85825,88948,174773
10,1300,85971,89090,175061
10,1310,86141,89250,175391
10,1320,86274,89397,175671
10,1330,86414,89539,175953
10,1340,86569,89681,176250
10,1350,86725,89843,176568
10,1360,86878,89992,176870
10,1370,87019,90149,177168
10,1380,87170,90310,177480
10,1390,87353,90446,177799
10,1400,87485,90609,178094
10,1410,87622,90793,178415
10,1420,87749,90945,178694
10,1430,87913,91100,179013
10,1440,88059,91254,179313
10,1450,88222,91412,179634
10,1460,88375,91535,179910
10,1470,88532,91686,180218
10,1480,88668,91831,180499
10,1490,88834,91969,180803
10,1500,88996,92116,181112
10,1510,89147,92267,181414
10,1520,89295,92437,181732
10,1530,89439,92594,182033
10,1540,89592,92734,182326
10,1550,89740,92880,182620
10,1560,89931,93057,182988
10,1570,90085,93219,183304
10,1580,90227,93378,183605
10,1590,90404,93531,183935
10,1600,90536,93681,184217
10,1610,90678,93840,184518
10,1620,90839,94014,184853
10,1630,91001,94169,185170
10,1640,91149,94296,185445
10,1650,91293,94439,185732
10,1660,91438,94588,186026
10,1670,91591,94717,186308
10,1680,91710,94876,186586
10,1690,91835,95032,186867
10,1700,91992,95193,187185
10,1710,92118,95350,187468
10,1720,92272,95488,187760
10,1730,92432,95649,188081
10,1740,92571,95809,188380
10,1750,92681,95959,188640
10,1760,92794,96090,188884
10,1770,92908,96214,189122
10,1780,93035,96357,189392
10,1790,93169,96481,189650
10,1800,93314,96603,189917
10,1810,93429,96729,190158
10,1820,93536,96852,190388
10,1830,93672,96980,190652
10,1840,93804,97106,190910
10,1850,93925,97220,191145
10,1860,94040,97306,191346
10,1870,94164,97437,191601
10,1880,94302,97553,191855
10,1890,94439,97682,192121
10,1900,94543,97812,192355
10,1910,94645,97928,192573
10,1920,94745,98056,192801
10,1930,94838,98176,193014
10,1940,94942,98327,193269
10,1950,95060,98471,193531
10,1960,95190,98600,193790
10,1970,95299,98716,194015
10,1980,95424,98836,194260
10,1990,95527,98941,194468
20,20,2099,2219,4318
20,30,12944,13490,26434
20,40,17917,18671,36588
20,50,20945,21844,42789
20,60,23050,23931,46981
20,70,24572,25519,50091
20,80,25793,26630,52423
20,90,26606,27416,54022
20,100,27023,27822,54845
20,110,27231,28056,55287
20,120,27406,28226,55632
20,130,27566,28392,55958
20,140,27713,28551,56264
20,150,27868,28729,56597
20,160,28022,28902,56924
20,170,28178,29068,57246
20,180,28301,29211,57512
20,190,28457,29369,57826
20,200,28597,29520,58117
20,210,28735,29670,58405
20,220,28893,29834,58727
20,230,29065,29987,59052
20,240,29220,30138,59358
20,250,29386,30296,59682
20,260,29511,30433,59944
20,270,29661,30604,60265
20,280,29795,30759,60554
20,290,29965,30918,60883
20,300,30113,31108,61221
20,310,30296,31287,61583
20,320,30461,31461,61922
20,330,30607,31630,62237
20,340,30754,31780,62534
20,350,30915,31942,62857
20,360,31065,32112,63177
20,370,31201,32301,63502
20,380,31351,32464,63815
20,390,31499,32634,64133
20,400,31667,32786,64453
20,410,31822,32953,64775
20,420,31980,33109,65089
20,430,32130,33283,65413
20,440,32308,33435,65743
20,450,32456,33604,66060
20,460,32612,33749,66361
20,470,32771,33922,66693
20,480,32950,34057,67007
20,490,33100,34225,67325
20,500,33249,34391,67640
20,510,33403,34558,67961
20,520,33571,34741,68312
20,530,33755,34924,68679
20,540,33893,35069,68962
20,550,34037,35221,69258
20,560,34199,35378,69577
20,570,34342,35547,69889
20,580,34495,35691,70186
20,590,34657,35870,70527
20,600,34798,36030,70828
20,610,34933,36197,71130
20,620,35103,36361,71464
20,630,35250,36532,71782
20,640,35402,36685,72087
20,650,35547,36857,72404
20,660,35698,36987,72685
20,670,35851,37137,72988
20,680,35986,37294,73280
20,690,36128,37464,73592
20,700,36279,37613,73892
20,710,36457,37769,74226
20,720,36633,37921,74554
20,730,36779,38061,74840
20,740,36928,38192,75120
20,750,37101,38331,75432
20,760,37253,38507,75760
20,770,37390,38674,76064
20,780,37533,38829,76362
20,790,37666,38991,76657
20,800,37812,39159,76971
20,810,37964,39296,77260
20,820,38119,39458,77577
20,830,38283,39628,77911
20,840,38429,39765,78194
20,850,38583,39918,78501
20,860,38732,40080,78812
20,870,38878,40233,79111
20,880,39035,40404,79439
20,890,39189,40554,79743
20,900,39323,40705,80028
20,910,39451,40858,80309
20,920,39593,41016,80609
20,930,39733,41175,80908
20,940,39882,41333,81215
20,950,40038,41486,81524
20,960,40181,41630,81811
20,970,40320,41795,82115
20,980,40467,41980,82447
20,990,40623,42150,82773
20,1000,40762,42302,83064
20,1010,40926,42454,83380
20,1020,41073,42593,83666
20,1030,41214,42762,83976
20,1040,41334,42916,84250
20,1050,41461,43073,84534
20,1060,41604,43233,84837
20,1070,41749,43387,85136
20,1080,41881,43546,85427
20,1090,42056,43694,85750
20,1100,42199,43847,86046
20,1110,42347,43986,86333
20,1120,42485,44132,86617
20,1130,42639,44291,86930
20,1140,42780,44440,87220
20,1150,42917,44615,87532
20,1160,43059,44758,87817
20,1170,43217,44912,88129
20,1180,43368,45052,88420
20,1190,43535,45205,88740
20,1200,43676,45369,89045
20,1210,43823,45555,89378
20,1220,43982,45710,89692
20,1230,44151,45871,90022
20,1240,44309,46005,90314
20,1250,44466,46166,90632
20,1260,44572,46342,90914
20,1270,44723,46526,91249
20,1280,44866,46692,91558
20,1290,45016,46849,91865
20,1300,45162,46991,92153
20,1310,45332,47151,92483
20,1320,45465,47298,92763
20,1330,45605,47440,93045
20,1340,45760,47582,93342
20,1350,45916,47744,93660
20,1360,46069,47893,93962
20,1370,46210,48050,94260
20,1380,46361,48211,94572
20,1390,46544,48347,94891
20,1400,46676,48510,95186
20,1410,46813,48694,95507
20,1420,46940,48846,95786
20,1430,47104,49001,96105
20,1440,47250,49155,96405
20,1450,47413,49313,96726
20,1460,47566,49436,97002
20,1470,47723,49587,97310
20,1480,47859,49732,97591
20,1490,48025,49870,97895
20,1500,48187,50017,98204
20,1510,48338,50168,98506
20,1520,48486,50338,98824
20,1530,48630,50495,99125
20,1540,48783,50635,99418
20,1550,48931,50781,99712
20,1560,49122,50958,100080
20,1570,49276,51120,100396
20,1580,49418,51279,100697
20,1590,49595,51432,101027
20,1600,49727,51582,101309
20,1610,49869,51741,101610
20,1620,50030,51915,101945
20,1630,50192,52070,102262
20,1640,50340,52197,102537
20,1650,50484,52340,102824
20,1660,50629,52489,103118
20,1670,50782,52618,103400
20,1680,50901,52777,103678
20,1690,51026,52933,103959
20,1700,51183,53094,104277
20,1710,51309,53251,104560
20,1720,51463,53389,104852
20,1730,51623,53550,105173
20,1740,51762,53710,105472
20,1750,51872,53860,105732
20,1760,51985,53991,105976
20,1770,52099,54115,106214
20,1780,52226,54258,106484
20,1790,52360,54382,106742
20,1800,52505,54504,107009
20,1810,52620,54630,107250
20,1820,52727,54753,107480
20,1830,52863,54881,107744
20,1840,52995,55007,108002
20,1850,53116,55121,108237
20,1860,53231,55207,108438
20,1870,53355,55338,108693
20,1880,53493,55454,108947
20,1890,53630,55583,109213
20,1900,53734,55713,109447
20,1910,53836,55829,109665
20,1920,53936,55957,109893
20,1930,54029,56077,110106
20,1940,54133,56228,110361
20,1950,54251,56372,110623
20,1960,54381,56501,110882
20,1970,54490,56617,111107
20,1980,54615,56737,111352
20,1990,54718,56842,111560
30,30,736,791,1527
30,40,5709,5972,11681
30,50,8737,9145,17882
30,60,10842,11232,22074
30,70,12364,12820,25184
30,80,13585,13931,27516
30,90,14398,14717,29115
30,100,14815,15123,29938
30,110,15023,15357,30380
30,120,15198,15527,30725
30,130,15358,15693,31051
30,140,15505,15852,31357
30,150,15660,16030,31690
30,160,15814,16203,32017
30,170,15970,16369,32339
30,180,16093,16512,32605
30,190,16249,16670,32919
30,200,16389,16821,33210
30,210,16527,16971,33498
30,220,16685,17135,33820
30,230,16857,17288,34145
30,240,17012,17439,34451
30,250,17178,17597,34775
30,260,17303,17734,35037
30,270,17453,17905,35358
30,280,17587,18060,35647
30,290,17757,18219,35976
30,300,17905,18409,36314
30,310,18088,18588,36676
30,320,18253,18762,37015
30,330,18399,18931,37330
30,340,18546,19081,37627
30,350,18707,19243,37950
30,360,18857,19413,38270
30,370,18993,19602,38595
30,380,19143,19765,38908
30,390,19291,19935,39226
30,400,19459,20087,39546
30,410,19614,20254,39868
30,420,19772,20410,40182
30,430,19922,20584,40506
30,440,20100,20736,40836
30,450,20248,20905,41153
30,460,20404,21050,41454
30,470,20563,21223,41786
30,480,20742,21358,42100
30,490,20892,21526,42418
30,500,21041,21692,42733
30,510,21195,21859,43054
30,520,21363,22042,43405
30,530,21547,22225,43772
30,540,21685,22370,44055
30,550,21829,22522,44351
30,560,21991,22679,44670
30,570,22134,22848,44982
30,580,22287,22992,45279
30,590,22449,23171,45620
30,600,22590,23331,45921
30,610,22725,23498,46223
30,620,22895,23662,46557
30,630,23042,23833,46875
30,640,23194,23986,47180
30,650,23339,24158,47497
30,660,23490,24288,47778
30,670,23643,24438,48081
30,680,23778,24595,48373
30,690,23920,24765,48685
30,700,24071,24914,48985
30,710,24249,25070,49319
30,720,24425,25222,49647
30,730,24571,25362,49933
30,740,24720,25493,50213
30,750,24893,25632,50525
30,760,25045,25808,50853
30,770,25182,25975,51157
30,780,25325,26130,51455
30,790,25458,26292,51750
30,800,25604,26460,52064
30,810,25756,26597,52353
30,820,25911,26759,52670
30,830,26075,26929,53004
30,840,26221,27066,53287
30,850,26375,27219,53594
30,860,26524,27381,53905
30,870,26670,27534,54204
30,880,26827,27705,54532
30,890,26981,27855,54836
30,900,27115,28006,55121
30,910,27243,28159,55402
30,920,27385,28317,55702
30,930,27525,28476,56001
30,940,27674,28634,56308
30,950,27830,28787,56617
30,960,27973,28931,56904
30,970,28112,29096,57208
30,980,28259,29281,57540
30,990,28415,29451,57866
30,1000,28554,29603,58157
30,1010,28718,29755,58473
30,1020,28865,29894,58759
30,1030,29006,30063,59069
30,1040,29126,30217,59343
30,1050,29253,30374,59627
30,1060,29396,30534,59930
30,1070,29541,30688,60229
30,1080,29673,30847,60520
30,1090,29848,30995,60843
30,1100,29991,31148,61139
30,1110,30139,31287,61426
30,1120,30277,31433,61710
30,1130,30431,31592,62023
30,1140,30572,31741,62313
30,1150,30709,31916,62625
30,1160,30851,32059,62910
30,1170,31009,32213,63222
30,1180,31160,32353,63513
30,1190,31327,32506,63833
30,1200,31468,32670,64138
30,1210,31615,32856,64471
30,1220,31774,33011,64785
30,1230,31943,33172,65115
30,1240,32101,33306,65407
30,1250,32258,33467,65725
30,1260,32364,33643,66007
30,1270,32515,33827,66342
30,1280,32658,33993,66651
30,1290,32808,34150,66958
30,1300,32954,34292,67246
30,1310,33124,34452,67576
30,1320,33257,34599,67856
30,1330,33397,34741,68138
30,1340,33552,34883,68435
30,1350,33708,35045,68753
30,1360,33861,35194,69055
30,1370,34002,35351,69353
30,1380,34153,35512,69665
30,1390,34336,35648,69984
30,1400,34468,35811,70279
30,1410,34605,35995,70600
30,1420,34732,36147,70879
30,1430,34896,36302,71198
30,1440,35042,36456,71498
30,1450,35205,36614,71819
30,1460,35358,36737,72095
30,1470,35515,36888,72403
30,1480,35651,37033,72684
30,1490,35817,37171,72988
30,1500,35979,37318,73297
30,1510,36130,37469,73599
30,1520,36278,37639,73917
30,1530,36422,37796,74218
30,1540,36575,37936,74511
30,1550,36723,38082,74805
30,1560,36914,38259,75173
30,1570,37068,38421,75489
30,1580,37210,38580,75790
30,1590,37387,38733,76120
30,1600,37519,38883,76402
30,1610,37661,39042,76703
30,1620,37822,39216,77038
30,1630,37984,39371,77355
30,1640,38132,39498,77630
30,1650,38276,39641,77917
30,1660,38421,39790,78211
30,1670,38574,39919,78493
30,1680,38693,40078,78771
30,1690,38818,40234,79052
30,1700,38975,40395,79370
30,1710,39101,40552,79653
30,1720,39255,40690,79945
30,1730,39415,40851,80266
30,1740,39554,41011,80565
30,1750,39664,41161,80825
30,1760,39777,41292,81069
30,1770,39891,41416,81307
30,1780,40018,41559,81577
30,1790,40152,41683,81835
30,1800,40297,41805,82102
30,1810,40412,41931,82343
30,1820,40519,42054,82573
30,1830,40655,42182,82837
30,1840,40787,42308,83095
30,1850,40908,42422,83330
30,1860,41023,42508,83531
30,1870,41147,42639,83786
30,1880,41285,42755,84040
30,1890,41422,42884,84306
30,1900,41526,43014,84540
30,1910,41628,43130,84758
30,1920,41728,43258,84986
30,1930,41821,43378,85199
30,1940,41925,43529,85454
30,1950,42043,43673,85716
30,1960,42173,43802,85975
30,1970,42282,43918,86200
30,1980,42407,44038,86445
30,1990,42510,44143,86653
40,40,400,409,809
40,50,3428,3582,7010
40,60,5533,5669,11202
40,70,7055,7257,14312
40,80,8276,8368,16644
40,90,9089,9154,18243
40,100,9506,9560,19066
40,110,9714,9794,19508
40,120,9889,9964,19853
40,130,10049,10130,20179
40,140,10196,10289,20485
40,150,10351,10467,20818
40,160,10505,10640,21145
40,170,10661,10806,21467
40,180,10784,10949,21733
40,190,10940,11107,22047
40,200,11080,11258,22338
40,210,11218,11408,22626
40,220,11376,11572,22948
40,230,11548,11725,23273
40,240,11703,11876,23579
40,250,11869,12034,23903
40,260,11994,12171,24165
40,270,12144,12342,24486
40,280,12278,12497,24775
40,290,12448,12656,25104
40,300,12596,12846,25442
40,310,12779,13025,25804
40,320,12944,13199,26143
40,330,13090,13368,26458
40,340,13237,13518,26755
40,350,13398,13680,27078
40,360,13548,13850,27398
40,370,13684,14039,27723
40,380,13834,14202,28036
40,390,13982,14372,28354
40,400,14150,14524,28674
40,410,14305,14691,28996
40,420,14463,14847,29310
40,430,14613,15021,29634
40,440,14791,15173,29964
40,450,14939,15342,30281
40,460,15095,15487,30582
40,470,15254,15660,30914
40,480,15433,15795,31228
40,490,15583,15963,31546
40,500,15732,16129,31861
40,510,15886,16296,32182
40,520,16054,16479,32533
40,530,16238,16662,32900
40,540,16376,16807,33183
40,550,16520,16959,33479
40,560,16682,17116,33798
40,570,16825,17285,34110
40,580,16978,17429,34407
40,590,17140,17608,34748
40,600,17281,17768,35049
40,610,17416,17935,35351
40,620,17586,18099,35685
40,630,17733,18270,36003
40,640,17885,18423,36308
40,650,18030,18595,36625
40,660,18181,18725,36906
40,670,18334,18875,37209
40,680,18469,19032,37501
40,690,18611,19202,37813
40,700,18762,19351,38113
40,710,18940,19507,38447
40,720,19116,19659,38775
40,730,19262,19799,39061
40,740,19411,19930,39341
40,750,19584,20069,39653
40,760,19736,20245,39981
40,770,19873,20412,40285
40,780,20016,20567,40583
40,790,20149,20729,40878
40,800,20295,20897,41192
40,810,20447,21034,41481
40,820,20602,21196,41798
40,830,20766,21366,42132
40,840,20912,21503,42415
40,850,21066,21656,42722
40,860,21215,21818,43033
40,870,21361,21971,43332
40,880,21518,22142,43660
40,890,21672,22292,43964
40,900,21806,22443,44249
40,910,21934,22596,44530
40,920,22076,22754,44830
40,930,22216,22913,45129
40,940,22365,23071,45436
40,950,22521,23224,45745
40,960,22664,23368,46032
40,970,22803,23533,46336
40,980,22950,23718,46668
40,990,23106,23888,46994
40,1000,23245,24040,47285
40,1010,23409,24192,47601
40,1020,23556,24331,47887
40,1030,23697,24500,48197
40,1040,23817,24654,48471
40,1050,23944,24811,48755
40,1060,24087,24971,49058
40,1070,24232,25125,49357
40,1080,24364,25284,49648
40,1090,24539,25432,49971
40,1100,24682,25585,50267
40,1110,24830,25724,50554
40,1120,24968,25870,50838
40,1130,25122,26029,51151
40,1140,25263,26178,51441
40,1150,25400,26353,51753
40,1160,25542,26496,52038
40,1170,25700,26650,52350
40,1180,25851,26790,52641
40,1190,26018,26943,52961
40,1200,26159,27107,53266
40,1210,26306,27293,53599
40,1220,26465,27448,53913
40,1230,26634,27609,54243
40,1240,26792,27743,54535
40,1250,26949,27904,54853
40,1260,27055,28080,55135
40,1270,27206,28264,55470
40,1280,27349,28430,55779
40,1290,27499,28587,56086
40,1300,27645,28729,56374
40,1310,27815,28889,56704
40,1320,27948,29036,56984
40,1330,28088,29178,57266
40,1340,28243,29320,57563
40,1350,28399,29482,57881
40,1360,28552,29631,58183
40,1370,28693,29788,58481
40,1380,28844,29949,58793
40,1390,29027,30085,59112
40,1400,29159,30248,59407
40,1410,29296,30432,59728
40,1420,29423,30584,60007
40,1430,29587,30739,60326
40,1440,29733,30893,60626
40,1450,29896,31051,60947
40,1460,30049,31174,61223
40,1470,30206,31325,61531
40,1480,30342,31470,61812
40,1490,30508,31608,62116
40,1500,30670,31755,62425
40,1510,30821,31906,62727
40,1520,30969,32076,63045
40,1530,31113,32233,63346
40,1540,31266,32373,63639
40,1550,31414,32519,63933
40,1560,31605,32696,64301
40,1570,31759,32858,64617
40,1580,31901,33017,64918
40,1590,32078,33170,65248
40,1600,32210,33320,65530
40,1610,32352,33479,65831
40,1620,32513,33653,66166
40,1630,32675,33808,66483
40,1640,32823,33935,66758
40,1650,32967,34078,67045
40,1660,33112,34227,67339
40,1670,33265,34356,67621
40,1680,33384,34515,67899
40,1690,33509,34671,68180
40,1700,33666,34832,68498
40,1710,33792,34989,68781
40,1720,33946,35127,69073
40,1730,34106,35288,69394
40,1740,34245,35448,69693
40,1750,34355,35598,69953
40,1760,34468,35729,70197
40,1770,34582,35853,70435
40,1780,34709,35996,70705
40,1790,34843,36120,70963
40,1800,34988,36242,71230
40,1810,35103,36368,71471
40,1820,35210,36491,71701
40,1830,35346,36619,71965
40,1840,35478,36745,72223
40,1850,35599,36859,72458
40,1860,35714,36945,72659
40,1870,35838,37076,72914
40,1880,35976,37192,73168
40,1890,36113,37321,73434
40,1900,36217,37451,73668
40,1910,36319,37567,73886
40,1920,36419,37695,74114
40,1930,36512,37815,74327
40,1940,36616,37966,74582
40,1950,36734,38110,74844
40,1960,36864,38239,75103
40,1970,36973,38355,75328
40,1980,37098,38475,75573
40,1990,37201,38580,75781
50,50,270,283,553
50,60,2375,2370,4745
50,70,3897,3958,7855
50,80,5118,5069,10187
50,90,5931,5855,11786
50,100,6348,6261,12609
50,110,6556,6495,13051
50,120,6731,6665,13396
50,130,6891,6831,13722
50,140,7038,6990,14028
50,150,7193,7168,14361
50,160,7347,7341,14688
50,170,7503,7507,15010
50,180,7626,7650,15276
50,190,7782,7808,15590
50,200,7922,7959,15881
50,210,8060,8109,16169
50,220,8218,8273,16491
50,230,8390,8426,16816
50,240,8545,8577,17122
50,250,8711,8735,17446
50,260,8836,8872,17708
50,270,8986,9043,18029
50,280,9120,9198,18318
50,290,9290,9357,18647
50,300,9438,9547,18985
50,310,9621,9726,19347
50,320,9786,9900,19686
50,330,9932,10069,20001
50,340,10079,10219,20298
50,350,10240,10381,20621
50,360,10390,10551,20941
50,370,10526,10740,21266
50,380,10676,10903,21579
50,390,10824,11073,21897
50,400,10992,11225,22217
50,410,11147,11392,22539
50,420,11305,11548,22853
50,430,11455,11722,23177
50,440,11633,11874,23507
50,450,11781,12043,23824
50,460,11937,12188,24125
50,470,12096,12361,24457
50,480,12275,12496,24771
50,490,12425,12664,25089
50,500,12574,12830,25404
50,510,12728,12997,25725
50,520,12896,13180,26076
50,530,13080,13363,26443
50,540,13218,13508,26726
50,550,13362,13660,27022
50,560,13524,13817,27341
50,570,13667,13986,27653
50,580,13820,14130,27950
50,590,13982,14309,28291
50,600,14123,14469,28592
50,610,14258,14636,28894
50,620,14428,14800,29228
50,630,14575,14971,29546
50,640,14727,15124,29851
50,650,14872,15296,30168
50,660,15023,15426,30449
50,670,15176,15576,30752
50,680,15311,15733,31044
50,690,15453,15903,31356
50,700,15604,16052,31656
50,710,15782,16208,31990
50,720,15958,16360,32318
50,730,16104,16500,32604
50,740,16253,16631,32884
50,750,16426,16770,33196
50,760,16578,16946,33524
50,770,16715,17113,33828
50,780,16858,17268,34126
50,790,16991,17430,34421
50,800,17137,17598,34735
50,810,17289,17735,35024
50,820,17444,17897,35341
50,830,17608,18067,35675
50,840,17754,18204,35958
50,850,17908,18357,36265
50,860,18057,18519,36576
50,870,18203,18672,36875
50,880,18360,18843,37203
50,890,18514,18993,37507
50,900,18648,19144,37792
50,910,18776,19297,38073
50,920,18918,19455,38373
50,930,19058,19614,38672
50,940,19207,19772,38979
50,950,19363,19925,39288
50,960,19506,20069,39575
50,970,19645,20234,39879
50,980,19792,20419,40211
50,990,19948,20589,40537
50,1000,20087,20741,40828
50,1010,20251,20893,41144
50,1020,20398,21032,41430
50,1030,20539,21201,41740
50,1040,20659,21355,42014
50,1050,20786,21512,42298
50,1060,20929,21672,42601
50,1070,21074,21826,42900
50,1080,21206,21985,43191
50,1090,21381,22133,43514
50,1100,21524,22286,43810
50,1110,21672,22425,44097
50,1120,21810,22571,44381
50,1130,21964,22730,44694
50,1140,22105,22879,44984
50,1150,22242,23054,45296
50,1160,22384,23197,45581
50,1170,22542,23351,45893
50,1180,22693,23491,46184
50,1190,22860,23644,46504
50,1200,23001,23808,46809
50,1210,23148,23994,47142
50,1220,23307,24149,47456
50,1230,23476,24310,47786
50,1240,23634,24444,48078
50,1250,23791,24605,48396
50,1260,23897,24781,48678
50,1270,24048,24965,49013
50,1280,24191,25131,49322
50,1290,24341,25288,49629
50,1300,24487,25430,49917
50,1310,24657,25590,50247
50,1320,24790,25737,50527
50,1330,24930,25879,50809
50,1340,25085,26021,51106
50,1350,25241,26183,51424
50,1360,25394,26332,51726
50,1370,25535,26489,52024
50,1380,25686,26650,52336
50,1390,25869,26786,52655
50,1400,26001,26949,52950
50,1410,26138,27133,53271
50,1420,26265,27285,53550
50,1430,26429,27440,53869
50,1440,26575,27594,54169
50,1450,26738,27752,54490
50,1460,26891,27875,54766
50,1470,27048,28026,55074
50,1480,27184,28171,55355
50,1490,27350,28309,55659
50,1500,27512,28456,55968
50,1510,27663,28607,56270
50,1520,27811,28777,56588
50,1530,27955,28934,56889
50,1540,28108,29074,57182
50,1550,28256,29220,57476
50,1560,28447,29397,57844
50,1570,28601,29559,58160
50,1580,28743,29718,58461
50,1590,28920,29871,58791
50,1600,29052,30021,59073
50,1610,29194,30180,59374
50,1620,29355,30354,59709
50,1630,29517,30509,60026
50,1640,29665,30636,60301
50,1650,29809,30779,60588
50,1660,29954,30928,60882
50,1670,30107,31057,61164
50,1680,30226,31216,61442
50,1690,30351,31372,61723
50,1700,30508,31533,62041
50,1710,30634,31690,62324
50,1720,30788,31828,62616
50,1730,30948,31989,62937
50,1740,31087,32149,63236
50,1750,31197,32299,63496
50,1760,31310,32430,63740
50,1770,31424,32554,63978
50,1780,31551,32697,64248
50,1790,31685,32821,64506
50,1800,31830,32943,64773
50,1810,31945,33069,65014
50,1820,32052,33192,65244
50,1830,32188,33320,65508
50,1840,32320,33446,65766
50,1850,32441,33560,66001
50,1860,32556,33646,66202
50,1870,32680,33777,66457
50,1880,32818,33893,66711
50,1890,32955,34022,66977
50,1900,33059,34152,67211
50,1910,33161,34268,67429
50,1920,33261,34396,67657
50,1930,33354,34516,67870
50,1940,33458,34667,68125
50,1950,33576,34811,68387
50,1960,33706,34940,68646
50,1970,33815,35056,68871
50,1980,33940,35176,69116
50,1990,34043,35281,69324
60,60,180,172,352
60,70,1702,1760,3462
60,80,2923,2871,5794
60,90,3736,3657,7393
60,100,4153,4063,8216
60,110,4361,4297,8658
60,120,4536,4467,9003
60,130,4696,4633,9329
60,140,4843,4792,9635
60,150,4998,4970,9968
60,160,5152,5143,10295
60,170,5308,5309,10617
60,180,5431,5452,10883
60,190,5587,5610,11197
60,200,5727,5761,11488
60,210,5865,5911,11776
60,220,6023,6075,12098
60,230,6195,6228,12423
60,240,6350,6379,12729
60,250,6516,6537,13053
60,260,6641,6674,13315
60,270,6791,6845,13636
60,280,6925,7000,13925
60,290,7095,7159,14254
60,300,7243,7349,14592
60,310,7426,7528,14954
60,320,7591,7702,15293
60,330,7737,7871,15608
60,340,7884,8021,15905
60,350,8045,8183,16228
60,360,8195,8353,16548
60,370,8331,8542,16873
60,380,8481,8705,17186
60,390,8629,8875,17504
60,400,8797,9027,17824
60,410,8952,9194,18146
60,420,9110,9350,18460
60,430,9260,9524,18784
60,440,9438,9676,19114
60,450,9586,9845,19431
60,460,9742,9990,19732
60,470,9901,10163,20064
60,480,10080,10298,20378
60,490,10230,10466,20696
60,500,10379,10632,21011
60,510,10533,10799,21332
60,520,10701,10982,21683
60,530,10885,11165,22050
60,540,11023,11310,22333
60,550,11167,11462,22629
60,560,11329,11619,22948
60,570,11472,11788,23260
60,580,11625,11932,23557
60,590,11787,12111,23898
60,600,11928,12271,24199
60,610,12063,12438,24501
60,620,12233,12602,24835
60,630,12380,12773,25153
60,640,12532,12926,25458
60,650,12677,13098,25775
60,660,12828,13228,26056
60,670,12981,13378,26359
60,680,13116,13535,26651
60,690,13258,13705,26963
60,700,13409,13854,27263
60,710,13587,14010,27597
60,720,13763,14162,27925
60,730,13909,14302,28211
60,740,14058,14433,28491
60,750,14231,14572,28803
60,760,14383,14748,29131
60,770,14520,14915,29435
60,780,14663,15070,29733
60,790,14796,15232,30028
60,800,14942,15400,30342
60,810,15094,15537,30631
60,820,15249,15699,30948
60,830,15413,15869,31282
60,840,15559,16006,31565
60,850,15713,16159,31872
60,860,15862,16321,32183
60,870,16008,16474,32482
60,880,16165,16645,32810
60,890,16319,16795,33114
60,900,16453,16946,33399
60,910,16581,17099,33680
60,920,16723,17257,33980
60,930,16863,17416,34279
60,940,17012,17574,34586
60,950,17168,17727,34895
60,960,17311,17871,35182
60,970,17450,18036,35486
60,980,17597,18221,35818
60,990,17753,18391,36144
60,1000,17892,18543,36435
60,1010,18056,18695,36751
60,1020,18203,18834,37037
60,1030,18344,19003,37347
60,1040,18464,19157,37621
60,1050,18591,19314,37905
60,1060,18734,19474,38208
60,1070,18879,19628,38507
60,1080,19011,19787,38798
60,1090,19186,19935,39121
60,1100,19329,20088,39417
60,1110,19477,20227,39704
60,1120,19615,20373,39988
60,1130,19769,20532,40301
60,1140,19910,20681,40591
60,1150,20047,20856,40903
60,1160,20189,20999,41188
60,1170,20347,21153,41500
60,1180,20498,21293,41791
60,1190,20665,21446,42111
60,1200,20806,21610,42416
60,1210,20953,21796,42749
60,1220,21112,21951,43063
60,1230,21281,22112,43393
60,1240,21439,22246,43685
60,1250,21596,22407,44003
60,1260,21702,22583,44285
60,1270,21853,22767,44620
60,1280,21996,22933,44929
60,1290,22146,23090,45236
60,1300,22292,23232,45524
60,1310,22462,23392,45854
60,1320,22595,23539,46134
60,1330,22735,23681,46416
60,1340,22890,23823,46713
60,1350,23046,23985,47031
60,1360,23199,24134,47333
60,1370,23340,24291,47631
60,1380,23491,24452,47943
60,1390,23674,24588,48262
60,1400,23806,24751,48557
60,1410,23943,24935,48878
60,1420,24070,25087,49157
60,1430,24234,25242,49476
60,1440,24380,25396,49776
60,1450,24543,25554,50097
60,1460,24696,25677,50373
60,1470,24853,25828,50681
60,1480,24989,25973,50962
60,1490,25155,26111,51266
60,1500,25317,26258,51575
60,1510,25468,26409,51877
60,1520,25616,26579,52195
60,1530,25760,26736,52496
60,1540,25913,26876,52789
60,1550,26061,27022,53083
60,1560,26252,27199,53451
60,1570,26406,27361,53767
60,1580,26548,27520,54068
60,1590,26725,27673,54398
60,1600,26857,27823,54680
60,1610,26999,27982,54981
60,1620,27160,28156,55316
60,1630,27322,28311,55633
60,1640,27470,28438,55908
60,1650,27614,28581,56195
60,1660,27759,28730,56489
60,1670,27912,28859,56771
60,1680,28031,29018,57049
60,1690,28156,29174,57330
60,1700,28313,29335,57648
60,1710,28439,29492,57931
60,1720,28593,29630,58223
60,1730,28753,29791,58544
60,1740,28892,29951,58843
60,1750,29002,30101,59103
60,1760,29115,30232,59347
60,1770,29229,30356,59585
60,1780,29356,30499,59855
60,1790,29490,30623,60113
60,1800,29635,30745,60380
60,1810,29750,30871,60621
60,1820,29857,30994,60851
60,1830,29993,31122,61115
60,1840,30125,31248,61373
60,1850,30246,31362,61608
60,1860,30361,31448,61809
60,1870,30485,31579,62064
60,1880,30623,31695,62318
60,1890,30760,31824,62584
60,1900,30864,31954,62818
60,1910,30966,32070,63036
60,1920,31066,32198,63264
60,1930,31159,32318,63477
60,1940,31263,32469,63732
60,1950,31381,32613,63994
60,1960,31511,32742,64253
60,1970,31620,32858,64478
60,1980,31745,32978,64723
60,1990,31848,33083,64931
70,70,117,150,267
70,80,1338,1261,2599
70,90,2151,2047,4198
70,100,2568,2453,5021
70,110,2776,2687,5463
70,120,2951,2857,5808
70,130,3111,3023,6134
70,140,3258,3182,6440
70,150,3413,3360,6773
70,160,3567,3533,7100
70,170,3723,3699,7422
70,180,3846,3842,7688
70,190,4002,4000,8002
70,200,4142,4151,8293
70,210,4280,4301,8581
70,220,4438,4465,8903
70,230,4610,4618,9228
70,240,4765,4769,9534
70,250,4931,4927,9858
70,260,5056,5064,10120
70,270,5206,5235,10441
70,280,5340,5390,10730
70,290,5510,5549,11059
70,300,5658,5739,11397
70,310,5841,5918,11759
70,320,6006,6092,12098
70,330,6152,6261,12413
70,340,6299,6411,12710
70,350,6460,6573,13033
70,360,6610,6743,13353
70,370,6746,6932,13678
70,380,6896,7095,13991
70,390,7044,7265,14309
70,400,7212,7417,14629
70,410,7367,7584,14951
70,420,7525,7740,15265
70,430,7675,7914,15589
70,440,7853,8066,15919
70,450,8001,8235,16236
70,460,8157,8380,16537
70,470,8316,8553,16869
70,480,8495,8688,17183
70,490,8645,8856,17501
70,500,8794,9022,17816
70,510,8948,9189,18137
70,520,9116,9372,18488
70,530,9300,9555,18855
70,540,9438,9700,19138
70,550,9582,9852,19434
70,560,9744,10009,19753
70,570,9887,10178,20065
70,580,10040,10322,20362
70,590,10202,10501,20703
70,600,10343,10661,21004
70,610,10478,10828,21306
70,620,10648,10992,21640
70,630,10795,11163,21958
70,640,10947,11316,22263
70,650,11092,11488,22580
70,660,11243,11618,22861
70,670,11396,11768,23164
70,680,11531,11925,23456
70,690,11673,12095,23768
70,700,11824,12244,24068
70,710,12002,12400,24402
70,720,12178,12552,24730
70,730,12324,12692,25016
70,740,12473,12823,25296
70,750,12646,12962,25608
70,760,12798,13138,25936
70,770,12935,13305,26240
70,780,13078,13460,26538
70,790,13211,13622,26833
70,800,13357,13790,27147
70,810,13509,13927,27436
70,820,13664,14089,27753
70,830,13828,14259,28087
70,840,13974,14396,28370
70,850,14128,14549,28677
70,860,14277,14711,28988
70,870,14423,14864,29287
70,880,14580,15035,29615
70,890,14734,15185,29919
70,900,14868,15336,30204
70,910,14996,15489,30485
70,920,15138,15647,30785
70,930,15278,15806,31084
70,940,15427,15964,31391
70,950,15583,16117,31700
70,960,15726,16261,31987
70,970,15865,16426,32291
70,980,16012,16611,32623
70,990,16168,16781,32949
70,1000,16307,16933,33240
70,1010,16471,17085,33556
70,1020,16618,17224,33842
70,1030,16759,17393,34152
70,1040,16879,17547,34426
70,1050,17006,17704,34710
70,1060,17149,17864,35013
70,1070,17294,18018,35312
70,1080,17426,18177,35603
70,1090,17601,18325,35926
70,1100,17744,18478,36222
70,1110,17892,18617,36509
70,1120,18030,18763,36793
70,1130,18184,18922,37106
70,1140,18325,19071,37396
70,1150,18462,19246,37708
70,1160,18604,19389,37993
70,1170,18762,19543,38305
70,1180,18913,19683,38596
70,1190,19080,19836,38916
70,1200,19221,20000,39221
70,1210,19368,20186,39554
70,1220,19527,20341,39868
70,1230,19696,20502,40198
70,1240,19854,20636,40490
70,1250,20011,20797,40808
70,1260,20117,20973,41090
70,1270,20268,21157,41425
70,1280,20411,21323,41734
70,1290,20561,21480,42041
70,1300,20707,21622,42329
70,1310,20877,21782,42659
70,1320,21010,21929,42939
70,1330,21150,22071,43221
70,1340,21305,22213,43518
70,1350,21461,22375,43836
70,1360,21614,22524,44138
70,1370,21755,22681,44436
70,1380,21906,22842,44748
70,1390,22089,22978,45067
70,1400,22221,23141,45362
70,1410,22358,23325,45683
70,1420,22485,23477,45962
70,1430,22649,23632,46281
70,1440,22795,23786,46581
70,1450,22958,23944,46902
70,1460,23111,24067,47178
70,1470,23268,24218,47486
70,1480,23404,24363,47767
70,1490,23570,24501,48071
70,1500,23732,24648,48380
70,1510,23883,24799,48682
70,1520,24031,24969,49000
70,1530,24175,25126,49301
70,1540,24328,25266,49594
70,1550,24476,25412,49888
70,1560,24667,25589,50256
70,1570,24821,25751,50572
70,1580,24963,25910,50873
70,1590,25140,26063,51203
70,1600,25272,26213,51485
70,1610,25414,26372,51786
70,1620,25575,26546,52121
70,1630,25737,26701,52438
70,1640,25885,26828,52713
70,1650,26029,26971,53000
70,1660,26174,27120,53294
70,1670,26327,27249,53576
70,1680,26446,27408,53854
70,1690,26571,27564,54135
70,1700,26728,27725,54453
70,1710,26854,27882,54736
70,1720,27008,28020,55028
70,1730,27168,28181,55349
70,1740,27307,28341,55648
70,1750,27417,28491,55908
70,1760,27530,28622,56152
70,1770,27644,28746,56390
70,1780,27771,28889,56660
70,1790,27905,29013,56918
70,1800,28050,29135,57185
70,1810,28165,29261,57426
70,1820,28272,29384,57656
70,1830,28408,29512,57920
70,1840,28540,29638,58178
70,1850,28661,29752,58413
70,1860,28776,29838,58614
70,1870,28900,29969,58869
70,1880,29038,30085,59123
70,1890,29175,30214,59389
70,1900,29279,30344,59623
70,1910,29381,30460,59841
70,1920,29481,30588,60069
70,1930,29574,30708,60282
70,1940,29678,30859,60537
70,1950,29796,31003,60799
70,1960,29926,31132,61058
70,1970,30035,31248,61283
70,1980,30160,31368,61528
70,1990,30263,31473,61736
80,80,96,105,201
80,90,909,891,1800
80,100,1326,1297,2623
80,110,1534,1531,3065
80,120,1709,1701,3410
80,130,1869,1867,3736
80,140,2016,2026,4042
80,150,2171,2204,4375
80,160,2325,2377,4702
80,170,2481,2543,5024
80,180,2604,2686,5290
80,190,2760,2844,5604
80,200,2900,2995,5895
80,210,3038,3145,6183
80,220,3196,3309,6505
80,230,3368,3462,6830
80,240,3523,3613,7136
80,250,3689,3771,7460
80,260,3814,3908,7722
80,270,3964,4079,8043
80,280,4098,4234,8332
80,290,4268,4393,8661
80,300,4416,4583,8999
80,310,4599,4762,9361
80,320,4764,4936,9700
80,330,4910,5105,10015
80,340,5057,5255,10312
80,350,5218,5417,10635
80,360,5368,5587,10955
80,370,5504,5776,11280
80,380,5654,5939,11593
80,390,5802,6109,11911
80,400,5970,6261,12231
80,410,6125,6428,12553
80,420,6283,6584,12867
80,430,6433,6758,13191
80,440,6611,6910,13521
80,450,6759,7079,13838
80,460,6915,7224,14139
80,470,7074,7397,14471
80,480,7253,7532,14785
80,490,7403,7700,15103
80,500,7552,7866,15418
80,510,7706,8033,15739
80,520,7874,8216,16090
80,530,8058,8399,16457
80,540,8196,8544,16740
80,550,8340,8696,17036
80,560,8502,8853,17355
80,570,8645,9022,17667
80,580,8798,9166,17964
80,590,8960,9345,18305
80,600,9101,9505,18606
80,610,9236,9672,18908
80,620,9406,9836,19242
80,630,9553,10007,19560
80,640,9705,10160,19865
80,650,9850,10332,20182
80,660,10001,10462,20463
80,670,10154,10612,20766
80,680,10289,10769,21058
80,690,10431,10939,21370
80,700,10582,11088,21670
80,710,10760,11244,22004
80,720,10936,11396,22332
80,730,11082,11536,22618
80,740,11231,11667,22898
80,750,11404,11806,23210
80,760,11556,11982,23538
80,770,11693,12149,23842
80,780,11836,12304,24140
80,790,11969,12466,24435
80,800,12115,12634,24749
80,810,12267,12771,25038
80,820,12422,12933,25355
80,830,12586,13103,25689
80,840,12732,13240,25972
80,850,12886,13393,26279
80,860,13035,13555,26590
80,870,13181,13708,26889
80,880,13338,13879,27217
80,890,13492,14029,27521
80,900,13626,14180,27806
80,910,13754,14333,28087
80,920,13896,14491,28387
80,930,14036,14650,28686
80,940,14185,14808,28993
80,950,14341,14961,29302
80,960,14484,15105,29589
80,970,14623,15270,29893
80,980,14770,15455,30225
80,990,14926,15625,30551
80,1000,15065,15777,30842
80,1010,15229,15929,31158
80,1020,15376,16068,31444
80,1030,15517,16237,31754
80,1040,15637,16391,32028
80,1050,15764,16548,32312
80,1060,15907,16708,32615
80,1070,16052,16862,32914
80,1080,16184,17021,33205
80,1090,16359,17169,33528
80,1100,16502,17322,33824
80,1110,16650,17461,34111
80,1120,16788,17607,34395
80,1130,16942,17766,34708
80,1140,17083,17915,34998
80,1150,17220,18090,35310
80,1160,17362,18233,35595
80,1170,17520,18387,35907
80,1180,17671,18527,36198
80,1190,17838,18680,36518
80,1200,17979,18844,36823
80,1210,18126,19030,37156
80,1220,18285,19185,37470
80,1230,18454,19346,37800
80,1240,18612,19480,38092
80,1250,18769,19641,38410
80,1260,18875,19817,38692
80,1270,19026,20001,39027
80,1280,19169,20167,39336
80,1290,19319,20324,39643
80,1300,19465,20466,39931
80,1310,19635,20626,40261
80,1320,19768,20773,40541
80,1330,19908,20915,40823
80,1340,20063,21057,41120
80,1350,20219,21219,41438
80,1360,20372,21368,41740
80,1370,20513,21525,42038
80,1380,20664,21686,42350
80,1390,20847,21822,42669
80,1400,20979,21985,42964
80,1410,21116,22169,43285
80,1420,21243,22321,43564
80,1430,21407,22476,43883
80,1440,21553,22630,44183
80,1450,21716,22788,44504
80,1460,21869,22911,44780
80,1470,22026,23062,45088
80,1480,22162,23207,45369
80,1490,22328,23345,45673
80,1500,22490,23492,45982
80,1510,22641,23643,46284
80,1520,22789,23813,46602
80,1530,22933,23970,46903
80,1540,23086,24110,47196
80,1550,23234,24256,47490
80,1560,23425,24433,47858
80,1570,23579,24595,48174
80,1580,23721,24754,48475
80,1590,23898,24907,48805
80,1600,24030,25057,49087
80,1610,24172,25216,49388
80,1620,24333,25390,49723
80,1630,24495,25545,50040
80,1640,24643,25672,50315
80,1650,24787,25815,50602
80,1660,24932,25964,50896
80,1670,25085,26093,51178
80,1680,25204,26252,51456
80,1690,25329,26408,51737
80,1700,25486,26569,52055
80,1710,25612,26726,52338
80,1720,25766,26864,52630
80,1730,25926,27025,52951
80,1740,26065,27185,53250
80,1750,26175,27335,53510
80,1760,26288,27466,53754
80,1770,26402,27590,53992
80,1780,26529,27733,54262
80,1790,26663,27857,54520
80,1800,26808,27979,54787
80,1810,26923,28105,55028
80,1820,27030,28228,55258
80,1830,27166,28356,55522
80,1840,27298,28482,55780
80,1850,27419,28596,56015
80,1860,27534,28682,56216
80,1870,27658,28813,56471
80,1880,27796,28929,56725
80,1890,27933,29058,56991
80,1900,28037,29188,57225
80,1910,28139,29304,57443
80,1920,28239,29432,57671
80,1930,28332,29552,57884
80,1940,28436,29703,58139
80,1950,28554,29847,58401
80,1960,28684,29976,58660
80,1970,28793,30092,58885
80,1980,28918,30212,59130
80,1990,29021,30317,59338
90,90,66,73,139
90,100,483,479,962
90,110,691,713,1404
90,120,866,883,1749
90,130,1026,1049,2075
90,140,1173,1208,2381
90,150,1328,1386,2714
90,160,1482,1559,3041
90,170,1638,1725,3363
90,180,1761,1868,3629
90,190,1917,2026,3943
90,200,2057,2177,4234
90,210,2195,2327,4522
90,220,2353,2491,4844
90,230,2525,2644,5169
90,240,2680,2795,5475
90,250,2846,2953,5799
90,260,2971,3090,6061
90,270,3121,3261,6382
90,280,3255,3416,6671
90,290,3425,3575,7000
90,300,3573,3765,7338
90,310,3756,3944,7700
90,320,3921,4118,8039
90,330,4067,4287,8354
90,340,4214,4437,8651
90,350,4375,4599,8974
90,360,4525,4769,9294
90,370,4661,4958,9619
90,380,4811,5121,9932
90,390,4959,5291,10250
90,400,5127,5443,10570
90,410,5282,5610,10892
90,420,5440,5766,11206
90,430,5590,5940,11530
90,440,5768,6092,11860
90,450,5916,6261,12177
90,460,6072,6406,12478
90,470,6231,6579,12810
90,480,6410,6714,13124
90,490,6560,6882,13442
90,500,6709,7048,13757
90,510,6863,7215,14078
90,520,7031,7398,14429
90,530,7215,7581,14796
90,540,7353,7726,15079
90,550,7497,7878,15375
90,560,7659,8035,15694
90,570,7802,8204,16006
90,580,7955,8348,16303
90,590,8117,8527,16644
90,600,8258,8687,16945
90,610,8393,8854,17247
90,620,8563,9018,17581
90,630,8710,9189,17899
90,640,8862,9342,18204
90,650,9007,9514,18521
90,660,9158,9644,18802
90,670,9311,9794,19105
90,680,9446,9951,19397
90,690,9588,10121,19709
90,700,9739,10270,20009
90,710,9917,10426,20343
90,720,10093,10578,20671
90,730,10239,10718,20957
90,740,10388,10849,21237
90,750,10561,10988,21549
90,760,10713,11164,21877
90,770,10850,11331,22181
90,780,10993,11486,22479
90,790,11126,11648,22774
90,800,11272,11816,23088
90,810,11424,11953,23377
90,820,11579,12115,23694
90,830,11743,12285,24028
90,840,11889,12422,24311
90,850,12043,12575,24618
90,860,12192,12737,24929
90,870,12338,12890,25228
90,880,12495,13061,25556
90,890,12649,13211,25860
90,900,12783,13362,26145
90,910,12911,13515,26426
90,920,13053,13673,26726
90,930,13193,13832,27025
90,940,13342,13990,27332
90,950,13498,14143,27641
90,960,13641,14287,27928
90,970,13780,14452,28232
90,980,13927,14637,28564
90,990,14083,14807,28890
90,1000,14222,14959,29181
90,1010,14386,15111,29497
90,1020,14533,15250,29783
90,1030,14674,15419,30093
90,1040,14794,15573,30367
90,1050,14921,15730,30651
90,1060,15064,15890,30954
90,1070,15209,16044,31253
90,1080,15341,16203,31544
90,1090,15516,16351,31867
90,1100,15659,16504,32163
90,1110,15807,16643,32450
90,1120,15945,16789,32734
90,1130,16099,16948,33047
90,1140,16240,17097,33337
90,1150,16377,17272,33649
90,1160,16519,17415,33934
90,1170,16677,17569,34246
90,1180,16828,17709,34537
90,1190,16995,17862,34857
90,1200,17136,18026,35162
90,1210,17283,18212,35495
90,1220,17442,18367,35809
90,1230,17611,18528,36139
90,1240,17769,18662,36431
90,1250,17926,18823,36749
90,1260,18032,18999,37031
90,1270,18183,19183,37366
90,1280,18326,19349,37675
90,1290,18476,19506,37982
90,1300,18622,19648,38270
90,1310,18792,19808,38600
90,1320,18925,19955,38880
90,1330,19065,20097,39162
90,1340,19220,20239,39459
90,1350,19376,20401,39777
90,1360,19529,20550,40079
90,1370,19670,20707,40377
90,1380,19821,20868,40689
90,1390,20004,21004,41008
90,1400,20136,21167,41303
90,1410,20273,21351,41624
90,1420,20400,21503,41903
90,1430,20564,21658,42222
90,1440,20710,21812,42522
90,1450,20873,21970,42843
90,1460,21026,22093,43119
90,1470,21183,22244,43427
90,1480,21319,22389,43708
90,1490,21485,22527,44012
90,1500,21647,22674,44321
90,1510,21798,22825,44623
90,1520,21946,22995,44941
90,1530,22090,23152,45242
90,1540,22243,23292,45535
90,1550,22391,23438,45829
90,1560,22582,23615,46197
90,1570,22736,23777,46513
90,1580,22878,23936,46814
90,1590,23055,24089,47144
90,1600,23187,24239,47426
90,1610,23329,24398,47727
90,1620,23490,24572,48062
90,1630,23652,24727,48379
90,1640,23800,24854,48654
90,1650,23944,24997,48941
90,1660,24089,25146,49235
90,1670,24242,25275,49517
90,1680,24361,25434,49795
90,1690,24486,25590,50076
90,1700,24643,25751,50394
90,1710,24769,25908,50677
90,1720,24923,26046,50969
90,1730,25083,26207,51290
90,1740,25222,26367,51589
90,1750,25332,26517,51849
90,1760,25445,26648,52093
90,1770,25559,26772,52331
90,1780,25686,26915,52601
90,1790,25820,27039,52859
90,1800,25965,27161,53126
90,1810,26080,27287,53367
90,1820,26187,27410,53597
90,1830,26323,27538,53861
90,1840,26455,27664,54119
90,1850,26576,27778,54354
90,1860,26691,27864,54555
90,1870,26815,27995,54810
90,1880,26953,28111,55064
90,1890,27090,28240,55330
90,1900,27194,28370,55564
90,1910,27296,28486,55782
90,1920,27396,28614,56010
90,1930,27489,28734,56223
90,1940,27593,28885,56478
90,1950,27711,29029,56740
90,1960,27841,29158,56999
90,1970,27950,29274,57224
90,1980,28075,29394,57469
90,1990,28178,29499,57677
100,100,30,39,69
100,110,238,273,511
100,120,413,443,856
100,130,573,609,1182
100,140,720,768,1488
100,150,875,946,1821
100,160,1029,1119,2148
100,170,1185,1285,2470
100,180,1308,1428,2736
100,190,1464,1586,3050
100,200,1604,1737,3341
100,210,1742,1887,3629
100,220,1900,2051,3951
100,230,2072,2204,4276
100,240,2227,2355,4582
100,250,2393,2513,4906
100,260,2518,2650,5168
100,270,2668,2821,5489
100,280,2802,2976,5778
100,290,2972,3135,6107
100,300,3120,3325,6445
100,310,3303,3504,6807
100,320,3468,3678,7146
100,330,3614,3847,7461
100,340,3761,3997,7758
100,350,3922,4159,8081
100,360,4072,4329,8401
100,370,4208,4518,8726
100,380,4358,4681,9039
100,390,4506,4851,9357
100,400,4674,5003,9677
100,410,4829,5170,9999
100,420,4987,5326,10313
100,430,5137,5500,10637
100,440,5315,5652,10967
100,450,5463,5821,11284
100,460,5619,5966,11585
100,470,5778,6139,11917
100,480,5957,6274,12231
100,490,6107,6442,12549
100,500,6256,6608,12864
100,510,6410,6775,13185
100,520,6578,6958,13536
100,530,6762,7141,13903
100,540,6900,7286,14186
100,550,7044,7438,14482
100,560,7206,7595,14801
100,570,7349,7764,15113
100,580,7502,7908,15410
100,590,7664,8087,15751
100,600,7805,8247,16052
100,610,7940,8414,16354
100,620,8110,8578,16688
100,630,8257,8749,17006
100,640,8409,8902,17311
100,650,8554,9074,17628
100,660,8705,9204,17909
100,670,8858,9354,18212
100,680,8993,9511,18504
100,690,9135,9681,18816
100,700,9286,9830,19116
100,710,9464,9986,19450
100,720,9640,10138,19778
100,730,9786,10278,20064
100,740,9935,10409,20344
100,750,10108,10548,20656
100,760,10260,10724,20984
100,770,10397,10891,21288
100,780,10540,11046,21586
100,790,10673,11208,21881
100,800,10819,11376,22195
100,810,10971,11513,22484
100,820,11126,11675,22801
100,830,11290,11845,23135
100,840,11436,11982,23418
100,850,11590,12135,23725
100,860,11739,12297,24036
100,870,11885,12450,24335
100,880,12042,12621,24663
100,890,12196,12771,24967
100,900,12330,12922,25252
100,910,12458,13075,25533
100,920,12600,13233,25833
100,930,12740,13392,26132
100,940,12889,13550,26439
100,950,13045,13703,26748
100,960,13188,13847,27035
100,970,13327,14012,27339
100,980,13474,14197,27671
100,990,13630,14367,27997
100,1000,13769,14519,28288
100,1010,13933,14671,28604
100,1020,14080,14810,28890
100,1030,14221,14979,29200
100,1040,14341,15133,29474
100,1050,14468,15290,29758
100,1060,14611,15450,30061
100,1070,14756,15604,30360
100,1080,14888,15763,30651
100,1090,15063,15911,30974
100,1100,15206,16064,31270
100,1110,15354,16203,31557
100,1120,15492,16349,31841
100,1130,15646,16508,32154
100,1140,15787,16657,32444
100,1150,15924,16832,32756
100,1160,16066,16975,33041
100,1170,16224,17129,33353
100,1180,16375,17269,33644
100,1190,16542,17422,33964
100,1200,16683,17586,34269
100,1210,16830,17772,34602
100,1220,16989,17927,34916
100,1230,17158,18088,35246
100,1240,17316,18222,35538
100,1250,17473,18383,35856
100,1260,17579,18559,36138
100,1270,17730,18743,36473
100,1280,17873,18909,36782
100,1290,18023,19066,37089
100,1300,18169,19208,37377
100,1310,18339,19368,37707
100,1320,18472,19515,37987
100,1330,18612,19657,38269
100,1340,18767,19799,38566
100,1350,18923,19961,38884
100,1360,19076,20110,39186
100,1370,19217,20267,39484
100,1380,19368,20428,39796
100,1390,19551,20564,40115
100,1400,19683,20727,40410
100,1410,19820,20911,40731
100,1420,19947,21063,41010
100,1430,20111,21218,41329
100,1440,20257,21372,41629
100,1450,20420,21530,41950
100,1460,20573,21653,42226
100,1470,20730,21804,42534
100,1480,20866,21949,42815
100,1490,21032,22087,43119
100,1500,21194,22234,43428
100,1510,21345,22385,43730
100,1520,21493,22555,44048
100,1530,21637,22712,44349
100,1540,21790,22852,44642
100,1550,21938,22998,44936
100,1560,22129,23175,45304
100,1570,22283,23337,45620
100,1580,22425,23496,45921
100,1590,22602,23649,46251
100,1600,22734,23799,46533
100,1610,22876,23958,46834
100,1620,23037,24132,47169
100,1630,23199,24287,47486
100,1640,23347,24414,47761
100,1650,23491,24557,48048
100,1660,23636,24706,48342
100,1670,23789,24835,48624
100,1680,23908,24994,48902
100,1690,24033,25150,49183
100,1700,24190,25311,49501
100,1710,24316,25468,49784
100,1720,24470,25606,50076
100,1730,24630,25767,50397
100,1740,24769,25927,50696
100,1750,24879,26077,50956
100,1760,24992,26208,51200
100,1770,25106,26332,51438
100,1780,25233,26475,51708
100,1790,25367,26599,51966
100,1800,25512,26721,52233
100,1810,25627,26847,52474
100,1820,25734,26970,52704
100,1830,25870,27098,52968
100,1840,26002,27224,53226
100,1850,26123,27338,53461
100,1860,26238,27424,53662
100,1870,26362,27555,53917
100,1880,26500,27671,54171
100,1890,26637,27800,54437
100,1900,26741,27930,54671
100,1910,26843,28046,54889
100,1920,26943,28174,55117
100,1930,27036,28294,55330
100,1940,27140,28445,55585
100,1950,27258,28589,55847
100,1960,27388,28718,56106
100,1970,27497,28834,56331
100,1980,27622,28954,56576
100,1990,27725,29059,56784
110,110,22,18,40
110,120,197,188,385
110,130,357,354,711
110,140,504,513,1017
110,150,659,691,1350
110,160,813,864,1677
110,170,969,1030,1999
110,180,1092,1173,2265
110,190,1248,1331,2579
110,200,1388,1482,2870
110,210,1526,1632,3158
110,220,1684,1796,3480
110,230,1856,1949,3805
110,240,2011,2100,4111
110,250,2177,2258,4435
110,260,2302,2395,4697
110,270,2452,2566,5018
110,280,2586,2721,5307
110,290,2756,2880,5636
110,300,2904,3070,5974
110,310,3087,3249,6336
110,320,3252,3423,6675
110,330,3398,3592,6990
110,340,3545,3742,7287
110,350,3706,3904,7610
110,360,3856,4074,7930
110,370,3992,4263,8255
110,380,4142,4426,8568
110,390,4290,4596,8886
110,400,4458,4748,9206
110,410,4613,4915,9528
110,420,4771,5071,9842
110,430,4921,5245,10166
110,440,5099,5397,10496
110,450,5247,5566,10813
110,460,5403,5711,11114
110,470,5562,5884,11446
110,480,5741,6019,11760
110,490,5891,6187,12078
110,500,6040,6353,12393
110,510,6194,6520,12714
110,520,6362,6703,13065
110,530,6546,6886,13432
110,540,6684,7031,13715
110,550,6828,7183,14011
110,560,6990,7340,14330
110,570,7133,7509,14642
110,580,7286,7653,14939
110,590,7448,7832,15280
110,600,7589,7992,15581
110,610,7724,8159,15883
110,620,7894,8323,16217
110,630,8041,8494,16535
110,640,8193,8647,16840
110,650,8338,8819,17157
110,660,8489,8949,17438
110,670,8642,9099,17741
110,680,8777,9256,18033
110,690,8919,9426,18345
110,700,9070,9575,18645
110,710,9248,9731,18979
110,720,9424,9883,19307
110,730,9570,10023,19593
110,740,9719,10154,19873
110,750,9892,10293,20185
110,760,10044,10469,20513
110,770,10181,10636,20817
110,780,10324,10791,21115
110,790,10457,10953,21410
110,800,10603,11121,21724
110,810,10755,11258,22013
110,820,10910,11420,22330
110,830,11074,11590,22664
110,840,11220,11727,22947
110,850,11374,11880,23254
110,860,11523,12042,23565
110,870,11669,12195,23864
110,880,11826,12366,24192
110,890,11980,12516,24496
110,900,12114,12667,24781
110,910,12242,12820,25062
110,920,12384,12978,25362
110,930,12524,13137,25661
110,940,12673,13295,25968
110,950,12829,13448,26277
110,960,12972,13592,26564
110,970,13111,13757,26868
110,980,13258,13942,27200
110,990,13414,14112,27526
110,1000,13553,14264,27817
110,1010,13717,14416,28133
110,1020,13864,14555,28419
110,1030,14005,14724,28729
110,1040,14125,14878,29003
110,1050,14252,15035,29287
110,1060,14395,15195,29590
110,1070,14540,15349,29889
110,1080,14672,15508,30180
110,1090,14847,15656,30503
110,1100,14990,15809,30799
110,1110,15138,15948,31086
110,1120,15276,16094,31370
110,1130,15430,16253,31683
110,1140,15571,16402,31973
110,1150,15708,16577,32285
110,1160,15850,16720,32570
110,1170,16008,16874,32882
110,1180,16159,17014,33173
110,1190,16326,17167,33493
110,1200,16467,17331,33798
110,1210,16614,17517,34131
110,1220,16773,17672,34445
110,1230,16942,17833,34775
110,1240,17100,17967,35067
110,1250,17257,18128,35385
110,1260,17363,18304,35667
110,1270,17514,18488,36002
110,1280,17657,18654,36311
110,1290,17807,18811,36618
110,1300,17953,18953,36906
110,1310,18123,19113,37236
110,1320,18256,19260,37516
110,1330,18396,19402,37798
110,1340,18551,19544,38095
110,1350,18707,19706,38413
110,1360,18860,19855,38715
110,1370,19001,20012,39013
110,1380,19152,20173,39325
110,1390,19335,20309,39644
110,1400,19467,20472,39939
110,1410,19604,20656,40260
110,1420,19731,20808,40539
110,1430,19895,20963,40858
110,1440,20041,21117,41158
110,1450,20204,21275,41479
110,1460,20357,21398,41755
110,1470,20514,21549,42063
110,1480,20650,21694,42344
110,1490,20816,21832,42648
110,1500,20978,21979,42957
110,1510,21129,22130,43259
110,1520,21277,22300,43577
110,1530,21421,22457,43878
110,1540,21574,22597,44171
110,1550,21722,22743,44465
110,1560,21913,22920,44833
110,1570,22067,23082,45149
110,1580,22209,23241,45450
110,1590,22386,23394,45780
110,1600,22518,23544,46062
110,1610,22660,23703,46363
110,1620,22821,23877,46698
110,1630,22983,24032,47015
110,1640,23131,24159,47290
110,1650,23275,24302,47577
110,1660,23420,24451,47871
110,1670,23573,24580,48153
110,1680,23692,24739,48431
110,1690,23817,24895,48712
110,1700,23974,25056,49030
110,1710,24100,25213,49313
110,1720,24254,25351,49605
110,1730,24414,25512,49926
110,1740,24553,25672,50225
110,1750,24663,25822,50485
110,1760,24776,25953,50729
110,1770,24890,26077,50967
110,1780,25017,26220,51237
110,1790,25151,26344,51495
110,1800,25296,26466,51762
110,1810,25411,26592,52003
110,1820,25518,26715,52233
110,1830,25654,26843,52497
110,1840,25786,26969,52755
110,1850,25907,27083,52990
110,1860,26022,27169,53191
110,1870,26146,27300,53446
110,1880,26284,27416,53700
110,1890,26421,27545,53966
110,1900,26525,27675,54200
110,1910,26627,27791,54418
110,1920,26727,27919,54646
110,1930,26820,28039,54859
110,1940,26924,28190,55114
110,1950,27042,28334,55376
110,1960,27172,28463,55635
110,1970,27281,28579,55860
110,1980,27406,28699,56105
110,1990,27509,28804,56313
120,120,18,14,32
120,130,178,180,358
120,140,325,339,664
120,150,480,517,997
120,160,634,690,1324
120,170,790,856,1646
120,180,913,999,1912
120,190,1069,1157,2226
120,200,1209,1308,2517
120,210,1347,1458,2805
120,220,1505,1622,3127
120,230,1677,1775,3452
120,240,1832,1926,3758
120,250,1998,2084,4082
120,260,2123,2221,4344
120,270,2273,2392,4665
120,280,2407,2547,4954
120,290,2577,2706,5283
120,300,2725,2896,5621
120,310,2908,3075,5983
120,320,3073,3249,6322
120,330,3219,3418,6637
120,340,3366,3568,6934
120,350,3527,3730,7257
120,360,3677,3900,7577
120,370,3813,4089,7902
120,380,3963,4252,8215
120,390,4111,4422,8533
120,400,4279,4574,8853
120,410,4434,4741,9175
120,420,4592,4897,9489
120,430,4742,5071,9813
120,440,4920,5223,10143
120,450,5068,5392,10460
120,460,5224,5537,10761
120,470,5383,5710,11093
120,480,5562,5845,11407
120,490,5712,6013,11725
120,500,5861,6179,12040
120,510,6015,6346,12361
120,520,6183,6529,12712
120,530,6367,6712,13079
120,540,6505,6857,13362
120,550,6649,7009,13658
120,560,6811,7166,13977
120,570,6954,7335,14289
120,580,7107,7479,14586
120,590,7269,7658,14927
120,600,7410,7818,15228
120,610,7545,7985,15530
120,620,7715,8149,15864
120,630,7862,8320,16182
120,640,8014,8473,16487
120,650,8159,8645,16804
120,660,8310,8775,17085
120,670,8463,8925,17388
120,680,8598,9082,17680
120,690,8740,9252,17992
120,700,8891,9401,18292
120,710,9069,9557,18626
120,720,9245,9709,18954
120,730,9391,9849,19240
120,740,9540,9980,19520
120,750,9713,10119,19832
120,760,9865,10295,20160
120,770,10002,10462,20464
120,780,10145,10617,20762
120,790,10278,10779,21057
120,800,10424,10947,21371
120,810,10576,11084,21660
120,820,10731,11246,21977
120,830,10895,11416,22311
120,840,11041,11553,22594
120,850,11195,11706,22901
120,860,11344,11868,23212
120,870,11490,12021,23511
120,880,11647,12192,23839
120,890,11801,12342,24143
120,900,11935,12493,24428
120,910,12063,12646,24709
120,920,12205,12804,25009
120,930,12345,12963,25308
120,940,12494,13121,25615
120,950,12650,13274,25924
120,960,12793,13418,26211
120,970,12932,13583,26515
120,980,13079,13768,26847
120,990,13235,13938,27173
120,1000,13374,14090,27464
120,1010,13538,14242,27780
120,1020,13685,14381,28066
120,1030,13826,14550,28376
120,1040,13946,14704,28650
120,1050,14073,14861,28934
120,1060,14216,15021,29237
120,1070,14361,15175,29536
120,1080,14493,15334,29827
120,1090,14668,15482,30150
120,1100,14811,15635,30446
120,1110,14959,15774,30733
120,1120,15097,15920,31017
120,1130,15251,16079,31330
120,1140,15392,16228,31620
120,1150,15529,16403,31932
120,1160,15671,16546,32217
120,1170,15829,16700,32529
120,1180,15980,16840,32820
120,1190,16147,16993,33140
120,1200,16288,17157,33445
120,1210,16435,17343,33778
120,1220,16594,17498,34092
120,1230,16763,17659,34422
120,1240,16921,17793,34714
120,1250,17078,17954,35032
120,1260,17184,18130,35314
120,1270,17335,18314,35649
120,1280,17478,18480,35958
120,1290,17628,18637,36265
120,1300,17774,18779,36553
120,1310,17944,18939,36883
120,1320,18077,19086,37163
120,1330,18217,19228,37445
120,1340,18372,19370,37742
120,1350,18528,19532,38060
120,1360,18681,19681,38362
120,1370,18822,19838,38660
120,1380,18973,19999,38972
120,1390,19156,20135,39291
120,1400,19288,20298,39586
120,1410,19425,20482,39907
120,1420,19552,20634,40186
120,1430,19716,20789,40505
120,1440,19862,20943,40805
120,1450,20025,21101,41126
120,1460,20178,21224,41402
120,1470,20335,21375,41710
120,1480,20471,21520,41991
120,1490,20637,21658,42295
120,1500,20799,21805,42604
120,1510,20950,21956,42906
120,1520,21098,22126,43224
120,1530,21242,22283,43525
120,1540,21395,22423,43818
120,1550,21543,22569,44112
120,1560,21734,22746,44480
120,1570,21888,22908,44796
120,1580,22030,23067,45097
120,1590,22207,23220,45427
120,1600,22339,23370,45709
120,1610,22481,23529,46010
120,1620,22642,23703,46345
120,1630,22804,23858,46662
120,1640,22952,23985,46937
120,1650,23096,24128,47224
120,1660,23241,24277,47518
120,1670,23394,24406,47800
120,1680,23513,24565,48078
120,1690,23638,24721,48359
120,1700,23795,24882,48677
120,1710,23921,25039,48960
120,1720,24075,25177,49252
120,1730,24235,25338,49573
120,1740,24374,25498,49872
120,1750,24484,25648,50132
120,1760,24597,25779,50376
120,1770,24711,25903,50614
120,1780,24838,26046,50884
120,1790,24972,26170,51142
120,1800,25117,26292,51409
120,1810,25232,26418,51650
120,1820,25339,26541,51880
120,1830,25475,26669,52144
120,1840,25607,26795,52402
120,1850,25728,26909,52637
120,1860,25843,26995,52838
120,1870,25967,27126,53093
120,1880,26105,27242,53347
120,1890,26242,27371,53613
120,1900,26346,27501,53847
120,1910,26448,27617,54065
120,1920,26548,27745,54293
120,1930,26641,27865,54506
120,1940,26745,28016,54761
120,1950,26863,28160,55023
120,1960,26993,28289,55282
120,1970,27102,28405,55507
120,1980,27227,28525,55752
120,1990,27330,28630,55960
130,130,12,14,26
130,140,159,173,332
130,150,314,351,665
130,160,468,524,992
130,170,624,690,1314
130,180,747,833,1580
130,190,903,991,1894
130,200,1043,1142,2185
130,210,1181,1292,2473
130,220,1339,1456,2795
130,230,1511,1609,3120
130,240,1666,1760,3426
130,250,1832,1918,3750
130,260,1957,2055,4012
130,270,2107,2226,4333
130,280,2241,2381,4622
130,290,2411,2540,4951
130,300,2559,2730,5289
130,310,2742,2909,5651
130,320,2907,3083,5990
130,330,3053,3252,6305
130,340,3200,3402,6602
130,350,3361,3564,6925
130,360,3511,3734,7245
130,370,3647,3923,7570
130,380,3797,4086,7883
130,390,3945,4256,8201
130,400,4113,4408,8521
130,410,4268,4575,8843
130,420,4426,4731,9157
130,430,4576,4905,9481
130,440,4754,5057,9811
130,450,4902,5226,10128
130,460,5058,5371,10429
130,470,5217,5544,10761
130,480,5396,5679,11075
130,490,5546,5847,11393
130,500,5695,6013,11708
130,510,5849,6180,12029
130,520,6017,6363,12380
130,530,6201,6546,12747
130,540,6339,6691,13030
130,550,6483,6843,13326
130,560,6645,7000,13645
130,570,6788,7169,13957
130,580,6941,7313,14254
130,590,7103,7492,14595
130,600,7244,7652,14896
130,610,7379,7819,15198
130,620,7549,7983,15532
130,630,7696,8154,15850
130,640,7848,8307,16155
130,650,7993,8479,16472
130,660,8144,8609,16753
130,670,8297,8759,17056
130,680,8432,8916,17348
130,690,8574,9086,17660
130,700,8725,9235,17960
130,710,8903,9391,18294
130,720,9079,9543,18622
130,730,9225,9683,18908
130,740,9374,9814,19188
130,750,9547,9953,19500
130,760,9699,10129,19828
130,770,9836,10296,20132
130,780,9979,10451,20430
130,790,10112,10613,20725
130,800,10258,10781,21039
130,810,10410,10918,21328
130,820,10565,11080,21645
130,830,10729,11250,21979
130,840,10875,11387,22262
130,850,11029,11540,22569
130,860,11178,11702,22880
130,870,11324,11855,23179
130,880,11481,12026,23507
130,890,11635,12176,23811
130,900,11769,12327,24096
130,910,11897,12480,24377
130,920,12039,12638,24677
130,930,12179,12797,24976
130,940,12328,12955,25283
130,950,12484,13108,25592
130,960,12627,13252,25879
130,970,12766,13417,26183
130,980,12913,13602,26515
130,990,13069,13772,26841
130,1000,13208,13924,27132
130,1010,13372,14076,27448
130,1020,13519,14215,27734
130,1030,13660,14384,28044
130,1040,13780,14538,28318
130,1050,13907,14695,28602
130,1060,14050,14855,28905
130,1070,14195,15009,29204
130,1080,14327,15168,29495
130,1090,14502,15316,29818
130,1100,14645,15469,30114
130,1110,14793,15608,30401
130,1120,14931,15754,30685
130,1130,15085,15913,30998
130,1140,15226,16062,31288
130,1150,15363,16237,31600
130,1160,15505,16380,31885
130,1170,15663,16534,32197
130,1180,15814,16674,32488
130,1190,15981,16827,32808
130,1200,16122,16991,33113
130,1210,16269,17177,33446
130,1220,16428,17332,33760
130,1230,16597,17493,34090
130,1240,16755,17627,34382
130,1250,16912,17788,34700
130,1260,17018,17964,34982
130,1270,17169,18148,35317
130,1280,17312,18314,35626
130,1290,17462,18471,35933
130,1300,17608,18613,36221
130,1310,17778,18773,36551
130,1320,17911,18920,36831
130,1330,18051,19062,37113
130,1340,18206,19204,37410
130,1350,18362,19366,37728
130,1360,18515,19515,38030
130,1370,18656,19672,38328
130,1380,18807,19833,38640
130,1390,18990,19969,38959
130,1400,19122,20132,39254
130,1410,19259,20316,39575
130,1420,19386,20468,39854
130,1430,19550,20623,40173
130,1440,19696,20777,40473
130,1450,19859,20935,40794
130,1460,20012,21058,41070
130,1470,20169,21209,41378
130,1480,20305,21354,41659
130,1490,20471,21492,41963
130,1500,20633,21639,42272
130,1510,20784,21790,42574
130,1520,20932,21960,42892
130,1530,21076,22117,43193
130,1540,21229,22257,43486
130,1550,21377,22403,43780
130,1560,21568,22580,44148
130,1570,21722,22742,44464
130,1580,21864,22901,44765
130,1590,22041,23054,45095
130,1600,22173,23204,45377
130,1610,22315,23363,45678
130,1620,22476,23537,46013
130,1630,22638,23692,46330
130,1640,22786,23819,46605
130,1650,22930,23962,46892
130,1660,23075,24111,47186
130,1670,23228,24240,47468
130,1680,23347,24399,47746
130,1690,23472,24555,48027
130,1700,23629,24716,48345
130,1710,23755,24873,48628
130,1720,23909,25011,48920
130,1730,24069,25172,49241
130,1740,24208,25332,49540
130,1750,24318,25482,49800
130,1760,24431,25613,50044
130,1770,24545,25737,50282
130,1780,24672,25880,50552
130,1790,24806,26004,50810
130,1800,24951,26126,51077
130,1810,25066,26252,51318
130,1820,25173,26375,51548
130,1830,25309,26503,51812
130,1840,25441,26629,52070
130,1850,25562,26743,52305
130,1860,25677,26829,52506
130,1870,25801,26960,52761
130,1880,25939,27076,53015
130,1890,26076,27205,53281
130,1900,26180,27335,53515
130,1910,26282,27451,53733
130,1920,26382,27579,53961
130,1930,26475,27699,54174
130,1940,26579,27850,54429
130,1950,26697,27994,54691
130,1960,26827,28123,54950
130,1970,26936,28239,55175
130,1980,27061,28359,55420
130,1990,27164,28464,55628
140,140,12,24,36
140,150,167,202,369
140,160,321,375,696
140,170,477,541,1018
140,180,600,684,1284
140,190,756,842,1598
140,200,896,993,1889
140,210,1034,1143,2177
140,220,1192,1307,2499
140,230,1364,1460,2824
140,240,1519,1611,3130
140,250,1685,1769,3454
140,260,1810,1906,3716
140,270,1960,2077,4037
140,280,2094,2232,4326
140,290,2264,2391,4655
140,300,2412,2581,4993
140,310,2595,2760,5355
140,320,2760,2934,5694
140,330,2906,3103,6009
140,340,3053,3253,6306
140,350,3214,3415,6629
140,360,3364,3585,6949
140,370,3500,3774,7274
140,380,3650,3937,7587
140,390,3798,4107,7905
140,400,3966,4259,8225
140,410,4121,4426,8547
140,420,4279,4582,8861
140,430,4429,4756,9185
140,440,4607,4908,9515
140,450,4755,5077,9832
140,460,4911,5222,10133
140,470,5070,5395,10465
140,480,5249,5530,10779
140,490,5399,5698,11097
140,500,5548,5864,11412
140,510,5702,6031,11733
140,520,5870,6214,12084
140,530,6054,6397,12451
140,540,6192,6542,12734
140,550,6336,6694,13030
140,560,6498,6851,13349
140,570,6641,7020,13661
140,580,6794,7164,13958
140,590,6956,7343,14299
140,600,7097,7503,14600
140,610,7232,7670,14902
140,620,7402,7834,15236
140,630,7549,8005,15554
140,640,7701,8158,15859
140,650,7846,8330,16176
140,660,7997,8460,16457
140,670,8150,8610,16760
140,680,8285,8767,17052
140,690,8427,8937,17364
140,700,8578,9086,17664
140,710,8756,9242,17998
140,720,8932,9394,18326
140,730,9078,9534,18612
140,740,9227,9665,18892
140,750,9400,9804,19204
140,760,9552,9980,19532
140,770,9689,10147,19836
140,780,9832,10302,20134
140,790,9965,10464,20429
140,800,10111,10632,20743
140,810,10263,10769,21032
140,820,10418,10931,21349
140,830,10582,11101,21683
140,840,10728,11238,21966
140,850,10882,11391,22273
140,860,11031,11553,22584
140,870,11177,11706,22883
140,880,11334,11877,23211
140,890,11488,12027,23515
140,900,11622,12178,23800
140,910,11750,12331,24081
140,920,11892,12489,24381
140,930,12032,12648,24680
140,940,12181,12806,24987
140,950,12337,12959,25296
140,960,12480,13103,25583
140,970,12619,13268,25887
140,980,12766,13453,26219
140,990,12922,13623,26545
140,1000,13061,13775,26836
140,1010,13225,13927,27152
140,1020,13372,14066,27438
140,1030,13513,14235,27748
140,1040,13633,14389,28022
140,1050,13760,14546,28306
140,1060,13903,14706,28609
140,1070,14048,14860,28908
140,1080,14180,15019,29199
140,1090,14355,15167,29522
140,1100,14498,15320,29818
140,1110,14646,15459,30105
140,1120,14784,15605,30389
140,1130,14938,15764,30702
140,1140,15079,15913,30992
140,1150,15216,16088,31304
140,1160,15358,16231,31589
140,1170,15516,16385,31901
140,1180,15667,16525,32192
140,1190,15834,16678,32512
140,1200,15975,16842,32817
140,1210,16122,17028,33150
140,1220,16281,17183,33464
140,1230,16450,17344,33794
140,1240,16608,17478,34086
140,1250,16765,17639,34404
140,1260,16871,17815,34686
140,1270,17022,17999,35021
140,1280,17165,18165,35330
140,1290,17315,18322,35637
140,1300,17461,18464,35925
140,1310,17631,18624,36255
140,1320,17764,18771,36535
140,1330,17904,18913,36817
140,1340,18059,19055,37114
140,1350,18215,19217,37432
140,1360,18368,19366,37734
140,1370,18509,19523,38032
140,1380,18660,19684,38344
140,1390,18843,19820,38663
140,1400,18975,19983,38958
140,1410,19112,20167,39279
140,1420,19239,20319,39558
140,1430,19403,20474,39877
140,1440,19549,20628,40177
140,1450,19712,20786,40498
140,1460,19865,20909,40774
140,1470,20022,21060,41082
140,1480,20158,21205,41363
140,1490,20324,21343,41667
140,1500,20486,21490,41976
140,1510,20637,21641,42278
140,1520,20785,21811,42596
140,1530,20929,21968,42897
140,1540,21082,22108,43190
140,1550,21230,22254,43484
140,1560,21421,22431,43852
140,1570,21575,22593,44168
140,1580,21717,22752,44469
140,1590,21894,22905,44799
140,1600,22026,23055,45081
140,1610,22168,23214,45382
140,1620,22329,23388,45717
140,1630,22491,23543,46034
140,1640,22639,23670,46309
140,1650,22783,23813,46596
140,1660,22928,23962,46890
140,1670,23081,24091,47172
140,1680,23200,24250,47450
140,1690,23325,24406,47731
140,1700,23482,24567,48049
140,1710,23608,24724,48332
140,1720,23762,24862,48624
140,1730,23922,25023,48945
140,1740,24061,25183,49244
140,1750,24171,25333,49504
140,1760,24284,25464,49748
140,1770,24398,25588,49986
140,1780,24525,25731,50256
140,1790,24659,25855,50514
140,1800,24804,25977,50781
140,1810,24919,26103,51022
140,1820,25026,26226,51252
140,1830,25162,26354,51516
140,1840,25294,26480,51774
140,1850,25415,26594,52009
140,1860,25530,26680,52210
140,1870,25654,26811,52465
140,1880,25792,26927,52719
140,1890,25929,27056,52985
140,1900,26033,27186,53219
140,1910,26135,27302,53437
140,1920,26235,27430,53665
140,1930,26328,27550,53878
140,1940,26432,27701,54133
140,1950,26550,27845,54395
140,1960,26680,27974,54654
140,1970,26789,28090,54879
140,1980,26914,28210,55124
140,1990,27017,28315,55332
150,150,14,13,27
150,160,168,186,354
150,170,324,352,676
150,180,447,495,942
150,190,603,653,1256
150,200,743,804,1547
150,210,881,954,1835
150,220,1039,1118,2157
150,230,1211,1271,2482
150,240,1366,1422,2788
150,250,1532,1580,3112
150,260,1657,1717,3374
150,270,1807,1888,3695
150,280,1941,2043,3984
150,290,2111,2202,4313
150,300,2259,2392,4651
150,310,2442,2571,5013
150,320,2607,2745,5352
150,330,2753,2914,5667
150,340,2900,3064,5964
150,350,3061,3226,6287
150,360,3211,3396,6607
150,370,3347,3585,6932
150,380,3497,3748,7245
150,390,3645,3918,7563
150,400,3813,4070,7883
150,410,3968,4237,8205
150,420,4126,4393,8519
150,430,4276,4567,8843
150,440,4454,4719,9173
150,450,4602,4888,9490
150,460,4758,5033,9791
150,470,4917,5206,10123
150,480,5096,5341,10437
150,490,5246,5509,10755
150,500,5395,5675,11070
150,510,5549,5842,11391
150,520,5717,6025,11742
150,530,5901,6208,12109
150,540,6039,6353,12392
150,550,6183,6505,12688
150,560,6345,6662,13007
150,570,6488,6831,13319
150,580,6641,6975,13616
150,590,6803,7154,13957
150,600,6944,7314,14258
150,610,7079,7481,14560
150,620,7249,7645,14894
150,630,7396,7816,15212
150,640,7548,7969,15517
150,650,7693,8141,15834
150,660,7844,8271,16115
150,670,7997,8421,16418
150,680,8132,8578,16710
150,690,8274,8748,17022
150,700,8425,8897,17322
150,710,8603,9053,17656
150,720,8779,9205,17984
150,730,8925,9345,18270
150,740,9074,9476,18550
150,750,9247,9615,18862
150,760,9399,9791,19190
150,770,9536,9958,19494
150,780,9679,10113,19792
150,790,9812,10275,20087
150,800,9958,10443,20401
150,810,10110,10580,20690
150,820,10265,10742,21007
150,830,10429,10912,21341
150,840,10575,11049,21624
150,850,10729,11202,21931
150,860,10878,11364,22242
150,870,11024,11517,22541
150,880,11181,11688,22869
150,890,11335,11838,23173
150,900,11469,11989,23458
150,910,11597,12142,23739
150,920,11739,12300,24039
150,930,11879,12459,24338
150,940,12028,12617,24645
150,950,12184,12770,24954
150,960,12327,12914,25241
150,970,12466,13079,25545
150,980,12613,13264,25877
150,990,12769,13434,26203
150,1000,12908,13586,26494
150,1010,13072,13738,26810
150,1020,13219,13877,27096
150,1030,13360,14046,27406
150,1040,13480,14200,27680
150,1050,13607,14357,27964
150,1060,13750,14517,28267
150,1070,13895,14671,28566
150,1080,14027,14830,28857
150,1090,14202,14978,29180
150,1100,14345,15131,29476
150,1110,14493,15270,29763
150,1120,14631,15416,30047
150,1130,14785,15575,30360
150,1140,14926,15724,30650
150,1150,15063,15899,30962
150,1160,15205,16042,31247
150,1170,15363,16196,31559
150,1180,15514,16336,31850
150,1190,15681,16489,32170
150,1200,15822,16653,32475
150,1210,15969,16839,32808
150,1220,16128,16994,33122
150,1230,16297,17155,33452
150,1240,16455,17289,33744
150,1250,16612,17450,34062
150,1260,16718,17626,34344
150,1270,16869,17810,34679
150,1280,17012,17976,34988
150,1290,17162,18133,35295
150,1300,17308,18275,35583
150,1310,17478,18435,35913
150,1320,17611,18582,36193
150,1330,17751,18724,36475
150,1340,17906,18866,36772
150,1350,18062,19028,37090
150,1360,18215,19177,37392
150,1370,18356,19334,37690
150,1380,18507,19495,38002
150,1390,18690,19631,38321
150,1400,18822,19794,38616
150,1410,18959,19978,38937
150,1420,19086,20130,39216
150,1430,19250,20285,39535
150,1440,19396,20439,39835
150,1450,19559,20597,40156
150,1460,19712,20720,40432
150,1470,19869,20871,40740
150,1480,20005,21016,41021
150,1490,20171,21154,41325
150,1500,20333,21301,41634
150,1510,20484,21452,41936
150,1520,20632,21622,42254
150,1530,20776,21779,42555
150,1540,20929,21919,42848
150,1550,21077,22065,43142
150,1560,21268,22242,43510
150,1570,21422,22404,43826
150,1580,21564,22563,44127
150,1590,21741,22716,44457
150,1600,21873,22866,44739
150,1610,22015,23025,45040
150,1620,22176,23199,45375
150,1630,22338,23354,45692
150,1640,22486,23481,45967
150,1650,22630,23624,46254
150,1660,22775,23773,46548
150,1670,22928,23902,46830
150,1680,23047,24061,47108
150,1690,23172,24217,47389
150,1700,23329,24378,47707
150,1710,23455,24535,47990
150,1720,23609,24673,48282
150,1730,23769,24834,48603
150,1740,23908,24994,48902
150,1750,24018,25144,49162
150,1760,24131,25275,49406
150,1770,24245,25399,49644
150,1780,24372,25542,49914
150,1790,24506,25666,50172
150,1800,24651,25788,50439
150,1810,24766,25914,50680
150,1820,24873,26037,50910
150,1830,25009,26165,51174
150,1840,25141,26291,51432
150,1850,25262,26405,51667
150,1860,25377,26491,51868
150,1870,25501,26622,52123
150,1880,25639,26738,52377
150,1890,25776,26867,52643
150,1900,25880,26997,52877
150,1910,25982,27113,53095
150,1920,26082,27241,53323
150,1930,26175,27361,53536
150,1940,26279,27512,53791
150,1950,26397,27656,54053
150,1960,26527,27785,54312
150,1970,26636,27901,54537
150,1980,26761,28021,54782
150,1990,26864,28126,54990
160,160,16,25,41
160,170,172,191,363
160,180,295,334,629
160,190,451,492,943
160,200,591,643,1234
160,210,729,793,1522
160,220,887,957,1844
160,230,1059,1110,2169
160,240,1214,1261,2475
160,250,1380,1419,2799
160,260,1505,1556,3061
160,270,1655,1727,3382
160,280,1789,1882,3671
160,290,1959,2041,4000
160,300,2107,2231,4338
160,310,2290,2410,4700
160,320,2455,2584,5039
160,330,2601,2753,5354
160,340,2748,2903,5651
160,350,2909,3065,5974
160,360,3059,3235,6294
160,370,3195,3424,6619
160,380,3345,3587,6932
160,390,3493,3757,7250
160,400,3661,3909,7570
160,410,3816,4076,7892
160,420,3974,4232,8206
160,430,4124,4406,8530
160,440,4302,4558,8860
160,450,4450,4727,9177
160,460,4606,4872,9478
160,470,4765,5045,9810
160,480,4944,5180,10124
160,490,5094,5348,10442
160,500,5243,5514,10757
160,510,5397,5681,11078
160,520,5565,5864,11429
160,530,5749,6047,11796
160,540,5887,6192,12079
160,550,6031,6344,12375
160,560,6193,6501,12694
160,570,6336,6670,13006
160,580,6489,6814,13303
160,590,6651,6993,13644
160,600,6792,7153,13945
160,610,6927,7320,14247
160,620,7097,7484,14581
160,630,7244,7655,14899
160,640,7396,7808,15204
160,650,7541,7980,15521
160,660,7692,8110,15802
160,670,7845,8260,16105
160,680,7980,8417,16397
160,690,8122,8587,16709
160,700,8273,8736,17009
160,710,8451,8892,17343
160,720,8627,9044,17671
160,730,8773,9184,17957
160,740,8922,9315,18237
160,750,9095,9454,18549
160,760,9247,9630,18877
160,770,9384,9797,19181
160,780,9527,9952,19479
160,790,9660,10114,19774
160,800,9806,10282,20088
160,810,9958,10419,20377
160,820,10113,10581,20694
160,830,10277,10751,21028
160,840,10423,10888,21311
160,850,10577,11041,21618
160,860,10726,11203,21929
160,870,10872,11356,22228
160,880,11029,11527,22556
160,890,11183,11677,22860
160,900,11317,11828,23145
160,910,11445,11981,23426
160,920,11587,12139,23726
160,930,11727,12298,24025
160,940,11876,12456,24332
160,950,12032,12609,24641
160,960,12175,12753,24928
160,970,12314,12918,25232
160,980,12461,13103,25564
160,990,12617,13273,25890
160,1000,12756,13425,26181
160,1010,12920,13577,26497
160,1020,13067,13716,26783
160,1030,13208,13885,27093
160,1040,13328,14039,27367
160,1050,13455,14196,27651
160,1060,13598,14356,27954
160,1070,13743,14510,28253
160,1080,13875,14669,28544
160,1090,14050,14817,28867
160,1100,14193,14970,29163
160,1110,14341,15109,29450
160,1120,14479,15255,29734
160,1130,14633,15414,30047
160,1140,14774,15563,30337
160,1150,14911,15738,30649
160,1160,15053,15881,30934
160,1170,15211,16035,31246
160,1180,15362,16175,31537
160,1190,15529,16328,31857
160,1200,15670,16492,32162
160,1210,15817,16678,32495
160,1220,15976,16833,32809
160,1230,16145,16994,33139
160,1240,16303,17128,33431
160,1250,16460,17289,33749
160,1260,16566,17465,34031
160,1270,16717,17649,34366
160,1280,16860,17815,34675
160,1290,17010,17972,34982
160,1300,17156,18114,35270
160,1310,17326,18274,35600
160,1320,17459,18421,35880
160,1330,17599,18563,36162
160,1340,17754,18705,36459
160,1350,17910,18867,36777
160,1360,18063,19016,37079
160,1370,18204,19173,37377
160,1380,18355,19334,37689
160,1390,18538,19470,38008
160,1400,18670,19633,38303
160,1410,18807,19817,38624
160,1420,18934,19969,38903
160,1430,19098,20124,39222
160,1440,19244,20278,39522
160,1450,19407,20436,39843
160,1460,19560,20559,40119
160,1470,19717,20710,40427
160,1480,19853,20855,40708
160,1490,20019,20993,41012
160,1500,20181,21140,41321
160,1510,20332,21291,41623
160,1520,20480,21461,41941
160,1530,20624,21618,42242
160,1540,20777,21758,42535
160,1550,20925,21904,42829
160,1560,21116,22081,43197
160,1570,21270,22243,43513
160,1580,21412,22402,43814
160,1590,21589,22555,44144
160,1600,21721,22705,44426
160,1610,21863,22864,44727
160,1620,22024,23038,45062
160,1630,22186,23193,45379
160,1640,22334,23320,45654
160,1650,22478,23463,45941
160,1660,22623,23612,46235
160,1670,22776,23741,46517
160,1680,22895,23900,46795
160,1690,23020,24056,47076
160,1700,23177,24217,47394
160,1710,23303,24374,47677
160,1720,23457,24512,47969
160,1730,23617,24673,48290
160,1740,23756,24833,48589
160,1750,23866,24983,48849
160,1760,23979,25114,49093
160,1770,24093,25238,49331
160,1780,24220,25381,49601
160,1790,24354,25505,49859
160,1800,24499,25627,50126
160,1810,24614,25753,50367
160,1820,24721,25876,50597
160,1830,24857,26004,50861
160,1840,24989,26130,51119
160,1850,25110,26244,51354
160,1860,25225,26330,51555
160,1870,25349,26461,51810
160,1880,25487,26577,52064
160,1890,25624,26706,52330
160,1900,25728,26836,52564
160,1910,25830,26952,52782
160,1920,25930,27080,53010
160,1930,26023,27200,53223
160,1940,26127,27351,53478
160,1950,26245,27495,53740
160,1960,26375,27624,53999
160,1970,26484,27740,54224
160,1980,26609,27860,54469
160,1990,26712,27965,54677
170,170,13,21,34
170,180,136,164,300
170,190,292,322,614
170,200,432,473,905
170,210,570,623,1193
170,220,728,787,1515
170,230,900,940,1840
170,240,1055,1091,2146
170,250,1221,1249,2470
170,260,1346,1386,2732
170,270,1496,1557,3053
170,280,1630,1712,3342
170,290,1800,1871,3671
170,300,1948,2061,4009
170,310,2131,2240,4371
170,320,2296,2414,4710
170,330,2442,2583,5025
170,340,2589,2733,5322
170,350,2750,2895,5645
170,360,2900,3065,5965
170,370,3036,3254,6290
170,380,3186,3417,6603
170,390,3334,3587,6921
170,400,3502,3739,7241
170,410,3657,3906,7563
170,420,3815,4062,7877
170,430,3965,4236,8201
170,440,4143,4388,8531
170,450,4291,4557,8848
170,460,4447,4702,9149
170,470,4606,4875,9481
170,480,4785,5010,9795
170,490,4935,5178,10113
170,500,5084,5344,10428
170,510,5238,5511,10749
170,520,5406,5694,11100
170,530,5590,5877,11467
170,540,5728,6022,11750
170,550,5872,6174,12046
170,560,6034,6331,12365
170,570,6177,6500,12677
170,580,6330,6644,12974
170,590,6492,6823,13315
170,600,6633,6983,13616
170,610,6768,7150,13918
170,620,6938,7314,14252
170,630,7085,7485,14570
170,640,7237,7638,14875
170,650,7382,7810,15192
170,660,7533,7940,15473
170,670,7686,8090,15776
170,680,7821,8247,16068
170,690,7963,8417,16380
170,700,8114,8566,16680
170,710,8292,8722,17014
170,720,8468,8874,17342
170,730,8614,9014,17628
170,740,8763,9145,17908
170,750,8936,9284,18220
170,760,9088,9460,18548
170,770,9225,9627,18852
170,780,9368,9782,19150
170,790,9501,9944,19445
170,800,9647,10112,19759
170,810,9799,10249,20048
170,820,9954,10411,20365
170,830,10118,10581,20699
170,840,10264,10718,20982
170,850,10418,10871,21289
170,860,10567,11033,21600
170,870,10713,11186,21899
170,880,10870,11357,22227
170,890,11024,11507,22531
170,900,11158,11658,22816
170,910,11286,11811,23097
170,920,11428,11969,23397
170,930,11568,12128,23696
170,940,11717,12286,24003
170,950,11873,12439,24312
170,960,12016,12583,24599
170,970,12155,12748,24903
170,980,12302,12933,25235
170,990,12458,13103,25561
170,1000,12597,13255,25852
170,1010,12761,13407,26168
170,1020,12908,13546,26454
170,1030,13049,13715,26764
170,1040,13169,13869,27038
170,1050,13296,14026,27322
170,1060,13439,14186,27625
170,1070,13584,14340,27924
170,1080,13716,14499,28215
170,1090,13891,14647,28538
170,1100,14034,14800,28834
170,1110,14182,14939,29121
170,1120,14320,15085,29405
170,1130,14474,15244,29718
170,1140,14615,15393,30008
170,1150,14752,15568,30320
170,1160,14894,15711,30605
170,1170,15052,15865,30917
170,1180,15203,16005,31208
170,1190,15370,16158,31528
170,1200,15511,16322,31833
170,1210,15658,16508,32166
170,1220,15817,16663,32480
170,1230,15986,16824,32810
170,1240,16144,16958,33102
170,1250,16301,17119,33420
170,1260,16407,17295,33702
170,1270,16558,17479,34037
170,1280,16701,17645,34346
170,1290,16851,17802,34653
170,1300,16997,17944,34941
170,1310,17167,18104,35271
170,1320,17300,18251,35551
170,1330,17440,18393,35833
170,1340,17595,18535,36130
170,1350,17751,18697,36448
170,1360,17904,18846,36750
170,1370,18045,19003,37048
170,1380,18196,19164,37360
170,1390,18379,19300,37679
170,1400,18511,19463,37974
170,1410,18648,19647,38295
170,1420,18775,19799,38574
170,1430,18939,19954,38893
170,1440,19085,20108,39193
170,1450,19248,20266,39514
170,1460,19401,20389,39790
170,1470,19558,20540,40098
170,1480,19694,20685,40379
170,1490,19860,20823,40683
170,1500,20022,20970,40992
170,1510,20173,21121,41294
170,1520,20321,21291,41612
170,1530,20465,21448,41913
170,1540,20618,21588,42206
170,1550,20766,21734,42500
170,1560,20957,21911,42868
170,1570,21111,22073,43184
170,1580,21253,22232,43485
170,1590,21430,22385,43815
170,1600,21562,22535,44097
170,1610,21704,22694,44398
170,1620,21865,22868,44733
170,1630,22027,23023,45050
170,1640,22175,23150,45325
170,1650,22319,23293,45612
170,1660,22464,23442,45906
170,1670,22617,23571,46188
170,1680,22736,23730,46466
170,1690,22861,23886,46747
170,1700,23018,24047,47065
170,1710,23144,24204,47348
170,1720,23298,24342,47640
170,1730,23458,24503,47961
170,1740,23597,24663,48260
170,1750,23707,24813,48520
170,1760,23820,24944,48764
170,1770,23934,25068,49002
170,1780,24061,25211,49272
170,1790,24195,25335,49530
170,1800,24340,25457,49797
170,1810,24455,25583,50038
170,1820,24562,25706,50268
170,1830,24698,25834,50532
170,1840,24830,25960,50790
170,1850,24951,26074,51025
170,1860,25066,26160,51226
170,1870,25190,26291,51481
170,1880,25328,26407,51735
170,1890,25465,26536,52001
170,1900,25569,26666,52235
170,1910,25671,26782,52453
170,1920,25771,26910,52681
170,1930,25864,27030,52894
170,1940,25968,27181,53149
170,1950,26086,27325,53411
170,1960,26216,27454,53670
170,1970,26325,27570,53895
170,1980,26450,27690,54140
170,1990,26553,27795,54348
180,180,13,8,21
180,190,169,166,335
180,200,309,317,626
180,210,447,467,914
180,220,605,631,1236
180,230,777,784,1561
180,240,932,935,1867
180,250,1098,1093,2191
180,260,1223,1230,2453
180,270,1373,1401,2774
180,280,1507,1556,3063
180,290,1677,1715,3392
180,300,1825,1905,3730
180,310,2008,2084,4092
180,320,2173,2258,4431
180,330,2319,2427,4746
180,340,2466,2577,5043
180,350,2627,2739,5366
180,360,2777,2909,5686
180,370,2913,3098,6011
180,380,3063,3261,6324
180,390,3211,3431,6642
180,400,3379,3583,6962
180,410,3534,3750,7284
180,420,3692,3906,7598
180,430,3842,4080,7922
180,440,4020,4232,8252
180,450,4168,4401,8569
180,460,4324,4546,8870
180,470,4483,4719,9202
180,480,4662,4854,9516
180,490,4812,5022,9834
180,500,4961,5188,10149
180,510,5115,5355,10470
180,520,5283,5538,10821
180,530,5467,5721,11188
180,540,5605,5866,11471
180,550,5749,6018,11767
180,560,5911,6175,12086
180,570,6054,6344,12398
180,580,6207,6488,12695
180,590,6369,6667,13036
180,600,6510,6827,13337
180,610,6645,6994,13639
180,620,6815,7158,13973
180,630,6962,7329,14291
180,640,7114,7482,14596
180,650,7259,7654,14913
180,660,7410,7784,15194
180,670,7563,7934,15497
180,680,7698,8091,15789
180,690,7840,8261,16101
180,700,7991,8410,16401
180,710,8169,8566,16735
180,720,8345,8718,17063
180,730,8491,8858,17349
180,740,8640,8989,17629
180,750,8813,9128,17941
180,760,8965,9304,18269
180,770,9102,9471,18573
180,780,9245,9626,18871
180,790,9378,9788,19166
180,800,9524,9956,19480
180,810,9676,10093,19769
180,820,9831,10255,20086
180,830,9995,10425,20420
180,840,10141,10562,20703
180,850,10295,10715,21010
180,860,10444,10877,21321
180,870,10590,11030,21620
180,880,10747,11201,21948
180,890,10901,11351,22252
180,900,11035,11502,22537
180,910,11163,11655,22818
180,920,11305,11813,23118
180,930,11445,11972,23417
180,940,11594,12130,23724
180,950,11750,12283,24033
180,960,11893,12427,24320
180,970,12032,12592,24624
180,980,12179,12777,24956
180,990,12335,12947,25282
180,1000,12474,13099,25573
180,1010,12638,13251,25889
180,1020,12785,13390,26175
180,1030,12926,13559,26485
180,1040,13046,13713,26759
180,1050,13173,13870,27043
180,1060,13316,14030,27346
180,1070,13461,14184,27645
180,1080,13593,14343,27936
180,1090,13768,14491,28259
180,1100,13911,14644,28555
180,1110,14059,14783,28842
180,1120,14197,14929,29126
180,1130,14351,15088,29439
180,1140,14492,15237,29729
180,1150,14629,15412,30041
180,1160,14771,15555,30326
180,1170,14929,15709,30638
180,1180,15080,15849,30929
180,1190,15247,16002,31249
180,1200,15388,16166,31554
180,1210,15535,16352,31887
180,1220,15694,16507,32201
180,1230,15863,16668,32531
180,1240,16021,16802,32823
180,1250,16178,16963,33141
180,1260,16284,17139,33423
180,1270,16435,17323,33758
180,1280,16578,17489,34067
180,1290,16728,17646,34374
180,1300,16874,17788,34662
180,1310,17044,17948,34992
180,1320,17177,18095,35272
180,1330,17317,18237,35554
180,1340,17472,18379,35851
180,1350,17628,18541,36169
180,1360,17781,18690,36471
180,1370,17922,18847,36769
180,1380,18073,19008,37081
180,1390,18256,19144,37400
180,1400,18388,19307,37695
180,1410,18525,19491,38016
180,1420,18652,19643,38295
180,1430,18816,19798,38614
180,1440,18962,19952,38914
180,1450,19125,20110,39235
180,1460,19278,20233,39511
180,1470,19435,20384,39819
180,1480,19571,20529,40100
180,1490,19737,20667,40404
180,1500,19899,20814,40713
180,1510,20050,20965,41015
180,1520,20198,21135,41333
180,1530,20342,21292,41634
180,1540,20495,21432,41927
180,1550,20643,21578,42221
180,1560,20834,21755,42589
180,1570,20988,21917,42905
180,1580,21130,22076,43206
180,1590,21307,22229,43536
180,1600,21439,22379,43818
180,1610,21581,22538,44119
180,1620,21742,22712,44454
180,1630,21904,22867,44771
180,1640,22052,22994,45046
180,1650,22196,23137,45333
180,1660,22341,23286,45627
180,1670,22494,23415,45909
180,1680,22613,23574,46187
180,1690,22738,23730,46468
180,1700,22895,23891,46786
180,1710,23021,24048,47069
180,1720,23175,24186,47361
180,1730,23335,24347,47682
180,1740,23474,24507,47981
180,1750,23584,24657,48241
180,1760,23697,24788,48485
180,1770,23811,24912,48723
180,1780,23938,25055,48993
180,1790,24072,25179,49251
180,1800,24217,25301,49518
180,1810,24332,25427,49759
180,1820,24439,25550,49989
180,1830,24575,25678,50253
180,1840,24707,25804,50511
180,1850,24828,25918,50746
180,1860,24943,26004,50947
180,1870,25067,26135,51202
180,1880,25205,26251,51456
180,1890,25342,26380,51722
180,1900,25446,26510,51956
180,1910,25548,26626,52174
180,1920,25648,26754,52402
180,1930,25741,26874,52615
180,1940,25845,27025,52870
180,1950,25963,27169,53132
180,1960,26093,27298,53391
180,1970,26202,27414,53616
180,1980,26327,27534,53861
180,1990,26430,27639,54069
190,190,15,16,31
190,200,155,167,322
190,210,293,317,610
190,220,451,481,932
190,230,623,634,1257
190,240,778,785,1563
190,250,944,943,1887
190,260,1069,1080,2149
190,270,1219,1251,2470
190,280,1353,1406,2759
190,290,1523,1565,3088
190,300,1671,1755,3426
190,310,1854,1934,3788
190,320,2019,2108,4127
190,330,2165,2277,4442
190,340,2312,2427,4739
190,350,2473,2589,5062
190,360,2623,2759,5382
190,370,2759,2948,5707
190,380,2909,3111,6020
190,390,3057,3281,6338
190,400,3225,3433,6658
190,410,3380,3600,6980
190,420,3538,3756,7294
190,430,3688,3930,7618
190,440,3866,4082,7948
190,450,4014,4251,8265
190,460,4170,4396,8566
190,470,4329,4569,8898
190,480,4508,4704,9212
190,490,4658,4872,9530
190,500,4807,5038,9845
190,510,4961,5205,10166
190,520,5129,5388,10517
190,530,5313,5571,10884
190,540,5451,5716,11167
190,550,5595,5868,11463
190,560,5757,6025,11782
190,570,5900,6194,12094
190,580,6053,6338,12391
190,590,6215,6517,12732
190,600,6356,6677,13033
190,610,6491,6844,13335
190,620,6661,7008,13669
190,630,6808,7179,13987
190,640,6960,7332,14292
190,650,7105,7504,14609
190,660,7256,7634,14890
190,670,7409,7784,15193
190,680,7544,7941,15485
190,690,7686,8111,15797
190,700,7837,8260,16097
190,710,8015,8416,16431
190,720,8191,8568,16759
190,730,8337,8708,17045
190,740,8486,8839,17325
190,750,8659,8978,17637
190,760,8811,9154,17965
190,770,8948,9321,18269
190,780,9091,9476,18567
190,790,9224,9638,18862
190,800,9370,9806,19176
190,810,9522,9943,19465
190,820,9677,10105,19782
190,830,9841,10275,20116
190,840,9987,10412,20399
190,850,10141,10565,20706
190,860,10290,10727,21017
190,870,10436,10880,21316
190,880,10593,11051,21644
190,890,10747,11201,21948
190,900,10881,11352,22233
190,910,11009,11505,22514
190,920,11151,11663,22814
190,930,11291,11822,23113
190,940,11440,11980,23420
190,950,11596,12133,23729
190,960,11739,12277,24016
190,970,11878,12442,24320
190,980,12025,12627,24652
190,990,12181,12797,24978
190,1000,12320,12949,25269
190,1010,12484,13101,25585
190,1020,12631,13240,25871
190,1030,12772,13409,26181
190,1040,12892,13563,26455
190,1050,13019,13720,26739
190,1060,13162,13880,27042
190,1070,13307,14034,27341
190,1080,13439,14193,27632
190,1090,13614,14341,27955
190,1100,13757,14494,28251
190,1110,13905,14633,28538
190,1120,14043,14779,28822
190,1130,14197,14938,29135
190,1140,14338,15087,29425
190,1150,14475,15262,29737
190,1160,14617,15405,30022
190,1170,14775,15559,30334
190,1180,14926,15699,30625
190,1190,15093,15852,30945
190,1200,15234,16016,31250
190,1210,15381,16202,31583
190,1220,15540,16357,31897
190,1230,15709,16518,32227
190,1240,15867,16652,32519
190,1250,16024,16813,32837
190,1260,16130,16989,33119
190,1270,16281,17173,33454
190,1280,16424,17339,33763
190,1290,16574,17496,34070
190,1300,16720,17638,34358
190,1310,16890,17798,34688
190,1320,17023,17945,34968
190,1330,17163,18087,35250
190,1340,17318,18229,35547
190,1350,17474,18391,35865
190,1360,17627,18540,36167
190,1370,17768,18697,36465
190,1380,17919,18858,36777
190,1390,18102,18994,37096
190,1400,18234,19157,37391
190,1410,18371,19341,37712
190,1420,18498,19493,37991
190,1430,18662,19648,38310
190,1440,18808,19802,38610
190,1450,18971,19960,38931
190,1460,19124,20083,39207
190,1470,19281,20234,39515
190,1480,19417,20379,39796
190,1490,19583,20517,40100
190,1500,19745,20664,40409
190,1510,19896,20815,40711
190,1520,20044,20985,41029
190,1530,20188,21142,41330
190,1540,20341,21282,41623
190,1550,20489,21428,41917
190,1560,20680,21605,42285
190,1570,20834,21767,42601
190,1580,20976,21926,42902
190,1590,21153,22079,43232
190,1600,21285,22229,43514
190,1610,21427,22388,43815
190,1620,21588,22562,44150
190,1630,21750,22717,44467
190,1640,21898,22844,44742
190,1650,22042,22987,45029
190,1660,22187,23136,45323
190,1670,22340,23265,45605
190,1680,22459,23424,45883
190,1690,22584,23580,46164
190,1700,22741,23741,46482
190,1710,22867,23898,46765
190,1720,23021,24036,47057
190,1730,23181,24197,47378
190,1740,23320,24357,47677
190,1750,23430,24507,47937
190,1760,23543,24638,48181
190,1770,23657,24762,48419
190,1780,23784,24905,48689
190,1790,23918,25029,48947
190,1800,24063,25151,49214
190,1810,24178,25277,49455
190,1820,24285,25400,49685
190,1830,24421,25528,49949
190,1840,24553,25654,50207
190,1850,24674,25768,50442
190,1860,24789,25854,50643
190,1870,24913,25985,50898
190,1880,25051,26101,51152
190,1890,25188,26230,51418
190,1900,25292,26360,51652
190,1910,25394,26476,51870
190,1920,25494,26604,52098
190,1930,25587,26724,52311
190,1940,25691,26875,52566
190,1950,25809,27019,52828
190,1960,25939,27148,53087
190,1970,26048,27264,53312
190,1980,26173,27384,53557
190,1990,26276,27489,53765
200,200,7,16,23
200,210,145,166,311
200,220,303,330,633
200,230,475,483,958
200,240,630,634,1264
200,250,796,792,1588
200,260,921,929,1850
200,270,1071,1100,2171
200,280,1205,1255,2460
200,290,1375,1414,2789
200,300,1523,1604,3127
200,310,1706,1783,3489
200,320,1871,1957,3828
200,330,2017,2126,4143
200,340,2164,2276,4440
200,350,2325,2438,4763
200,360,2475,2608,5083
200,370,2611,2797,5408
200,380,2761,2960,5721
200,390,2909,3130,6039
200,400,3077,3282,6359
200,410,3232,3449,6681
200,420,3390,3605,6995
200,430,3540,3779,7319
200,440,3718,3931,7649
200,450,3866,4100,7966
200,460,4022,4245,8267
200,470,4181,4418,8599
200,480,4360,4553,8913
200,490,4510,4721,9231
200,500,4659,4887,9546
200,510,4813,5054,9867
200,520,4981,5237,10218
200,530,5165,5420,10585
200,540,5303,5565,10868
200,550,5447,5717,11164
200,560,5609,5874,11483
200,570,5752,6043,11795
200,580,5905,6187,12092
200,590,6067,6366,12433
200,600,6208,6526,12734
200,610,6343,6693,13036
200,620,6513,6857,13370
200,630,6660,7028,13688
200,640,6812,7181,13993
200,650,6957,7353,14310
200,660,7108,7483,14591
200,670,7261,7633,14894
200,680,7396,7790,15186
200,690,7538,7960,15498
200,700,7689,8109,15798
200,710,7867,8265,16132
200,720,8043,8417,16460
200,730,8189,8557,16746
200,740,8338,8688,17026
200,750,8511,8827,17338
200,760,8663,9003,17666
200,770,8800,9170,17970
200,780,8943,9325,18268
200,790,9076,9487,18563
200,800,9222,9655,18877
200,810,9374,9792,19166
200,820,9529,9954,19483
200,830,9693,10124,19817
200,840,9839,10261,20100
200,850,9993,10414,20407
200,860,10142,10576,20718
200,870,10288,10729,21017
200,880,10445,10900,21345
200,890,10599,11050,21649
200,900,10733,11201,21934
200,910,10861,11354,22215
200,920,11003,11512,22515
200,930,11143,11671,22814
200,940,11292,11829,23121
200,950,11448,11982,23430
200,960,11591,12126,23717
200,970,11730,12291,24021
200,980,11877,12476,24353
200,990,12033,12646,24679
200,1000,12172,12798,24970
200,1010,12336,12950,25286
200,1020,12483,13089,25572
200,1030,12624,13258,25882
200,1040,12744,13412,26156
200,1050,12871,13569,26440
200,1060,13014,13729,26743
200,1070,13159,13883,27042
200,1080,13291,14042,27333
200,1090,13466,14190,27656
200,1100,13609,14343,27952
200,1110,13757,14482,28239
200,1120,13895,14628,28523
200,1130,14049,14787,28836
200,1140,14190,14936,29126
200,1150,14327,15111,29438
200,1160,14469,15254,29723
200,1170,14627,15408,30035
200,1180,14778,15548,30326
200,1190,14945,15701,30646
200,1200,15086,15865,30951
200,1210,15233,16051,31284
200,1220,15392,16206,31598
200,1230,15561,16367,31928
200,1240,15719,16501,32220
200,1250,15876,16662,32538
200,1260,15982,16838,32820
200,1270,16133,17022,33155
200,1280,16276,17188,33464
200,1290,16426,17345,33771
200,1300,16572,17487,34059
200,1310,16742,17647,34389
200,1320,16875,17794,34669
200,1330,17015,17936,34951
200,1340,17170,18078,35248
200,1350,17326,18240,35566
200,1360,17479,18389,35868
200,1370,17620,18546,36166
200,1380,17771,18707,36478
200,1390,17954,18843,36797
200,1400,18086,19006,37092
200,1410,18223,19190,37413
200,1420,18350,19342,37692
200,1430,18514,19497,38011
200,1440,18660,19651,38311
200,1450,18823,19809,38632
200,1460,18976,19932,38908
200,1470,19133,20083,39216
200,1480,19269,20228,39497
200,1490,19435,20366,39801
200,1500,19597,20513,40110
200,1510,19748,20664,40412
200,1520,19896,20834,40730
200,1530,20040,20991,41031
200,1540,20193,21131,41324
200,1550,20341,21277,41618
200,1560,20532,21454,41986
200,1570,20686,21616,42302
200,1580,20828,21775,42603
200,1590,21005,21928,42933
200,1600,21137,22078,43215
200,1610,21279,22237,43516
200,1620,21440,22411,43851
200,1630,21602,22566,44168
200,1640,21750,22693,44443
200,1650,21894,22836,44730
200,1660,22039,22985,45024
200,1670,22192,23114,45306
200,1680,22311,23273,45584
200,1690,22436,23429,45865
200,1700,22593,23590,46183
200,1710,22719,23747,46466
200,1720,22873,23885,46758
200,1730,23033,24046,47079
200,1740,23172,24206,47378
200,1750,23282,24356,47638
200,1760,23395,24487,47882
200,1770,23509,24611,48120
200,1780,23636,24754,48390
200,1790,23770,24878,48648
200,1800,23915,25000,48915
200,1810,24030,25126,49156
200,1820,24137,25249,49386
200,1830,24273,25377,49650
200,1840,24405,25503,49908
200,1850,24526,25617,50143
200,1860,24641,25703,50344
200,1870,24765,25834,50599
200,1880,24903,25950,50853
200,1890,25040,26079,51119
200,1900,25144,26209,51353
200,1910,25246,26325,51571
200,1920,25346,26453,51799
200,1930,25439,26573,52012
200,1940,25543,26724,52267
200,1950,25661,26868,52529
200,1960,25791,26997,52788
200,1970,25900,27113,53013
200,1980,26025,27233,53258
200,1990,26128,27338,53466
210,210,13,17,30
210,220,171,181,352
210,230,343,334,677
210,240,498,485,983
210,250,664,643,1307
210,260,789,780,1569
210,270,939,951,1890
210,280,1073,1106,2179
210,290,1243,1265,2508
210,300,1391,1455,2846
210,310,1574,1634,3208
210,320,1739,1808,3547
210,330,1885,1977,3862
210,340,2032,2127,4159
210,350,2193,2289,4482
210,360,2343,2459,4802
210,370,2479,2648,5127
210,380,2629,2811,5440
210,390,2777,2981,5758
210,400,2945,3133,6078
210,410,3100,3300,6400
210,420,3258,3456,6714
210,430,3408,3630,7038
210,440,3586,3782,7368
210,450,3734,3951,7685
210,460,3890,4096,7986
210,470,4049,4269,8318
210,480,4228,4404,8632
210,490,4378,4572,8950
210,500,4527,4738,9265
210,510,4681,4905,9586
210,520,4849,5088,9937
210,530,5033,5271,10304
210,540,5171,5416,10587
210,550,5315,5568,10883
210,560,5477,5725,11202
210,570,5620,5894,11514
210,580,5773,6038,11811
210,590,5935,6217,12152
210,600,6076,6377,12453
210,610,6211,6544,12755
210,620,6381,6708,13089
210,630,6528,6879,13407
210,640,6680,7032,13712
210,650,6825,7204,14029
210,660,6976,7334,14310
210,670,7129,7484,14613
210,680,7264,7641,14905
210,690,7406,7811,15217
210,700,7557,7960,15517
210,710,7735,8116,15851
210,720,7911,8268,16179
210,730,8057,8408,16465
210,740,8206,8539,16745
210,750,8379,8678,17057
210,760,8531,8854,17385
210,770,8668,9021,17689
210,780,8811,9176,17987
210,790,8944,9338,18282
210,800,9090,9506,18596
210,810,9242,9643,18885
210,820,9397,9805,19202
210,830,9561,9975,19536
210,840,9707,10112,19819
210,850,9861,10265,20126
210,860,10010,10427,20437
210,870,10156,10580,20736
210,880,10313,10751,21064
210,890,10467,10901,21368
210,900,10601,11052,21653
210,910,10729,11205,21934
210,920,10871,11363,22234
210,930,11011,11522,22533
210,940,11160,11680,22840
210,950,11316,11833,23149
210,960,11459,11977,23436
210,970,11598,12142,23740
210,980,11745,12327,24072
210,990,11901,12497,24398
210,1000,12040,12649,24689
210,1010,12204,12801,25005
210,1020,12351,12940,25291
210,1030,12492,13109,25601
210,1040,12612,13263,25875
210,1050,12739,13420,26159
210,1060,12882,13580,26462
210,1070,13027,13734,26761
210,1080,13159,13893,27052
210,1090,13334,14041,27375
210,1100,13477,14194,27671
210,1110,13625,14333,27958
210,1120,13763,14479,28242
210,1130,13917,14638,28555
210,1140,14058,14787,28845
210,1150,14195,14962,29157
210,1160,14337,15105,29442
210,1170,14495,15259,29754
210,1180,14646,15399,30045
210,1190,14813,15552,30365
210,1200,14954,15716,30670
210,1210,15101,15902,31003
210,1220,15260,16057,31317
210,1230,15429,16218,31647
210,1240,15587,16352,31939
210,1250,15744,16513,32257
210,1260,15850,16689,32539
210,1270,16001,16873,32874
210,1280,16144,17039,33183
210,1290,16294,17196,33490
210,1300,16440,17338,33778
210,1310,16610,17498,34108
210,1320,16743,17645,34388
210,1330,16883,17787,34670
210,1340,17038,17929,34967
210,1350,17194,18091,35285
210,1360,17347,18240,35587
210,1370,17488,18397,35885
210,1380,17639,18558,36197
210,1390,17822,18694,36516
210,1400,17954,18857,36811
210,1410,18091,19041,37132
210,1420,18218,19193,37411
210,1430,18382,19348,37730
210,1440,18528,19502,38030
210,1450,18691,19660,38351
210,1460,18844,19783,38627
210,1470,19001,19934,38935
210,1480,19137,20079,39216
210,1490,19303,20217,39520
210,1500,19465,20364,39829
210,1510,19616,20515,40131
210,1520,19764,20685,40449
210,1530,19908,20842,40750
210,1540,20061,20982,41043
210,1550,20209,21128,41337
210,1560,20400,21305,41705
210,1570,20554,21467,42021
210,1580,20696,21626,42322
210,1590,20873,21779,42652
210,1600,21005,21929,42934
210,1610,21147,22088,43235
210,1620,21308,22262,43570
210,1630,21470,22417,43887
210,1640,21618,22544,44162
210,1650,21762,22687,44449
210,1660,21907,22836,44743
210,1670,22060,22965,45025
210,1680,22179,23124,45303
210,1690,22304,23280,45584
210,1700,22461,23441,45902
210,1710,22587,23598,46185
210,1720,22741,23736,46477
210,1730,22901,23897,46798
210,1740,23040,24057,47097
210,1750,23150,24207,47357
210,1760,23263,24338,47601
210,1770,23377,24462,47839
210,1780,23504,24605,48109
210,1790,23638,24729,48367
210,1800,23783,24851,48634
210,1810,23898,24977,48875
210,1820,24005,25100,49105
210,1830,24141,25228,49369
210,1840,24273,25354,49627
210,1850,24394,25468,49862
210,1860,24509,25554,50063
210,1870,24633,25685,50318
210,1880,24771,25801,50572
210,1890,24908,25930,50838
210,1900,25012,26060,51072
210,1910,25114,26176,51290
210,1920,25214,26304,51518
210,1930,25307,26424,51731
210,1940,25411,26575,51986
210,1950,25529,26719,52248
210,1960,25659,26848,52507
210,1970,25768,26964,52732
210,1980,25893,27084,52977
210,1990,25996,27189,53185
220,220,11,18,29
220,230,183,171,354
220,240,338,322,660
220,250,504,480,984
220,260,629,617,1246
220,270,779,788,1567
220,280,913,943,1856
220,290,1083,1102,2185
220,300,1231,1292,2523
220,310,1414,1471,2885
220,320,1579,1645,3224
220,330,1725,1814,3539
220,340,1872,1964,3836
220,350,2033,2126,4159
220,360,2183,2296,4479
220,370,2319,2485,4804
220,380,2469,2648,5117
220,390,2617,2818,5435
220,400,2785,2970,5755
220,410,2940,3137,6077
220,420,3098,3293,6391
220,430,3248,3467,6715
220,440,3426,3619,7045
220,450,3574,3788,7362
220,460,3730,3933,7663
220,470,3889,4106,7995
220,480,4068,4241,8309
220,490,4218,4409,8627
220,500,4367,4575,8942
220,510,4521,4742,9263
220,520,4689,4925,9614
220,530,4873,5108,9981
220,540,5011,5253,10264
220,550,5155,5405,10560
220,560,5317,5562,10879
220,570,5460,5731,11191
220,580,5613,5875,11488
220,590,5775,6054,11829
220,600,5916,6214,12130
220,610,6051,6381,12432
220,620,6221,6545,12766
220,630,6368,6716,13084
220,640,6520,6869,13389
220,650,6665,7041,13706
220,660,6816,7171,13987
220,670,6969,7321,14290
220,680,7104,7478,14582
220,690,7246,7648,14894
220,700,7397,7797,15194
220,710,7575,7953,15528
220,720,7751,8105,15856
220,730,7897,8245,16142
220,740,8046,8376,16422
220,750,8219,8515,16734
220,760,8371,8691,17062
220,770,8508,8858,17366
220,780,8651,9013,17664
220,790,8784,9175,17959
220,800,8930,9343,18273
220,810,9082,9480,18562
220,820,9237,9642,18879
220,830,9401,9812,19213
220,840,9547,9949,19496
220,850,9701,10102,19803
220,860,9850,10264,20114
220,870,9996,10417,20413
220,880,10153,10588,20741
220,890,10307,10738,21045
220,900,10441,10889,21330
220,910,10569,11042,21611
220,920,10711,11200,21911
220,930,10851,11359,22210
220,940,11000,11517,22517
220,950,11156,11670,22826
220,960,11299,11814,23113
220,970,11438,11979,23417
220,980,11585,12164,23749
220,990,11741,12334,24075
220,1000,11880,12486,24366
220,1010,12044,12638,24682
220,1020,12191,12777,24968
220,1030,12332,12946,25278
220,1040,12452,13100,25552
220,1050,12579,13257,25836
220,1060,12722,13417,26139
220,1070,12867,13571,26438
220,1080,12999,13730,26729
220,1090,13174,13878,27052
220,1100,13317,14031,27348
220,1110,13465,14170,27635
220,1120,13603,14316,27919
220,1130,13757,14475,28232
220,1140,13898,14624,28522
220,1150,14035,14799,28834
220,1160,14177,14942,29119
220,1170,14335,15096,29431
220,1180,14486,15236,29722
220,1190,14653,15389,30042
220,1200,14794,15553,30347
220,1210,14941,15739,30680
220,1220,15100,15894,30994
220,1230,15269,16055,31324
220,1240,15427,16189,31616
220,1250,15584,16350,31934
220,1260,15690,16526,32216
220,1270,15841,16710,32551
220,1280,15984,16876,32860
220,1290,16134,17033,33167
220,1300,16280,17175,33455
220,1310,16450,17335,33785
220,1320,16583,17482,34065
220,1330,16723,17624,34347
220,1340,16878,17766,34644
220,1350,17034,17928,34962
220,1360,17187,18077,35264
220,1370,17328,18234,35562
220,1380,17479,18395,35874
220,1390,17662,18531,36193
220,1400,17794,18694,36488
220,1410,17931,18878,36809
220,1420,18058,19030,37088
220,1430,18222,19185,37407
220,1440,18368,19339,37707
220,1450,18531,19497,38028
220,1460,18684,19620,38304
220,1470,18841,19771,38612
220,1480,18977,19916,38893
220,1490,19143,20054,39197
220,1500,19305,20201,39506
220,1510,19456,20352,39808
220,1520,19604,20522,40126
220,1530,19748,20679,40427
220,1540,19901,20819,40720
220,1550,20049,20965,41014
220,1560,20240,21142,41382
220,1570,20394,21304,41698
220,1580,20536,21463,41999
220,1590,20713,21616,42329
220,1600,20845,21766,42611
220,1610,20987,21925,42912
220,1620,21148,22099,43247
220,1630,21310,22254,43564
220,1640,21458,22381,43839
220,1650,21602,22524,44126
220,1660,21747,22673,44420
220,1670,21900,22802,44702
220,1680,22019,22961,44980
220,1690,22144,23117,45261
220,1700,22301,23278,45579
220,1710,22427,23435,45862
220,1720,22581,23573,46154
220,1730,22741,23734,46475
220,1740,22880,23894,46774
220,1750,22990,24044,47034
220,1760,23103,24175,47278
220,1770,23217,24299,47516
220,1780,23344,24442,47786
220,1790,23478,24566,48044
220,1800,23623,24688,48311
220,1810,23738,24814,48552
220,1820,23845,24937,48782
220,1830,23981,25065,49046
220,1840,24113,25191,49304
220,1850,24234,25305,49539
220,1860,24349,25391,49740
220,1870,24473,25522,49995
220,1880,24611,25638,50249
220,1890,24748,25767,50515
220,1900,24852,25897,50749
220,1910,24954,26013,50967
220,1920,25054,26141,51195
220,1930,25147,26261,51408
220,1940,25251,26412,51663
220,1950,25369,26556,51925
220,1960,25499,26685,52184
220,1970,25608,26801,52409
220,1980,25733,26921,52654
220,1990,25836,27026,52862
230,230,13,13,26
230,240,168,164,332
230,250,334,322,656
230,260,459,459,918
230,270,609,630,1239
230,280,743,785,1528
230,290,913,944,1857
230,300,1061,1134,2195
230,310,1244,1313,2557
230,320,1409,1487,2896
230,330,1555,1656,3211
230,340,1702,1806,3508
230,350,1863,1968,3831
230,360,2013,2138,4151
230,370,2149,2327,4476
230,380,2299,2490,4789
230,390,2447,2660,5107
230,400,2615,2812,5427
230,410,2770,2979,5749
230,420,2928,3135,6063
230,430,3078,3309,6387
230,440,3256,3461,6717
230,450,3404,3630,7034
230,460,3560,3775,7335
230,470,3719,3948,7667
230,480,3898,4083,7981
230,490,4048,4251,8299
230,500,4197,4417,8614
230,510,4351,4584,8935
230,520,4519,4767,9286
230,530,4703,4950,9653
230,540,4841,5095,9936
230,550,4985,5247,10232
230,560,5147,5404,10551
230,570,5290,5573,10863
230,580,5443,5717,11160
230,590,5605,5896,11501
230,600,5746,6056,11802
230,610,5881,6223,12104
230,620,6051,6387,12438
230,630,6198,6558,12756
230,640,6350,6711,13061
230,650,6495,6883,13378
230,660,6646,7013,13659
230,670,6799,7163,13962
230,680,6934,7320,14254
230,690,7076,7490,14566
230,700,7227,7639,14866
230,710,7405,7795,15200
230,720,7581,7947,15528
230,730,7727,8087,15814
230,740,7876,8218,16094
230,750,8049,8357,16406
230,760,8201,8533,16734
230,770,8338,8700,17038
230,780,8481,8855,17336
230,790,8614,9017,17631
230,800,8760,9185,17945
230,810,8912,9322,18234
230,820,9067,9484,18551
230,830,9231,9654,18885
230,840,9377,9791,19168
230,850,9531,9944,19475
230,860,9680,10106,19786
230,870,9826,10259,20085
230,880,9983,10430,20413
230,890,10137,10580,20717
230,900,10271,10731,21002
230,910,10399,10884,21283
230,920,10541,11042,21583
230,930,10681,11201,21882
230,940,10830,11359,22189
230,950,10986,11512,22498
230,960,11129,11656,22785
230,970,11268,11821,23089
230,980,11415,12006,23421
230,990,11571,12176,23747
230,1000,11710,12328,24038
230,1010,11874,12480,24354
230,1020,12021,12619,24640
230,1030,12162,12788,24950
230,1040,12282,12942,25224
230,1050,12409,13099,25508
230,1060,12552,13259,25811
230,1070,12697,13413,26110
230,1080,12829,13572,26401
230,1090,13004,13720,26724
230,1100,13147,13873,27020
230,1110,13295,14012,27307
230,1120,13433,14158,27591
230,1130,13587,14317,27904
230,1140,13728,14466,28194
230,1150,13865,14641,28506
230,1160,14007,14784,28791
230,1170,14165,14938,29103
230,1180,14316,15078,29394
230,1190,14483,15231,29714
230,1200,14624,15395,30019
230,1210,14771,15581,30352
230,1220,14930,15736,30666
230,1230,15099,15897,30996
230,1240,15257,16031,31288
230,1250,15414,16192,31606
230,1260,15520,16368,31888
230,1270,15671,16552,32223
230,1280,15814,16718,32532
230,1290,15964,16875,32839
230,1300,16110,17017,33127
230,1310,16280,17177,33457
230,1320,16413,17324,33737
230,1330,16553,17466,34019
230,1340,16708,17608,34316
230,1350,16864,17770,34634
230,1360,17017,17919,34936
230,1370,17158,18076,35234
230,1380,17309,18237,35546
230,1390,17492,18373,35865
230,1400,17624,18536,36160
230,1410,17761,18720,36481
230,1420,17888,18872,36760
230,1430,18052,19027,37079
230,1440,18198,19181,37379
230,1450,18361,19339,37700
230,1460,18514,19462,37976
230,1470,18671,19613,38284
230,1480,18807,19758,38565
230,1490,18973,19896,38869
230,1500,19135,20043,39178
230,1510,19286,20194,39480
230,1520,19434,20364,39798
230,1530,19578,20521,40099
230,1540,19731,20661,40392
230,1550,19879,20807,40686
230,1560,20070,20984,41054
230,1570,20224,21146,41370
230,1580,20366,21305,41671
230,1590,20543,21458,42001
230,1600,20675,21608,42283
230,1610,20817,21767,42584
230,1620,20978,21941,42919
230,1630,21140,22096,43236
230,1640,21288,22223,43511
230,1650,21432,22366,43798
230,1660,21577,22515,44092
230,1670,21730,22644,44374
230,1680,21849,22803,44652
230,1690,21974,22959,44933
230,1700,22131,23120,45251
230,1710,22257,23277,45534
230,1720,22411,23415,45826
230,1730,22571,23576,46147
230,1740,22710,23736,46446
230,1750,22820,23886,46706
230,1760,22933,24017,46950
230,1770,23047,24141,47188
230,1780,23174,24284,47458
230,1790,23308,24408,47716
230,1800,23453,24530,47983
230,1810,23568,24656,48224
230,1820,23675,24779,48454
230,1830,23811,24907,48718
230,1840,23943,25033,48976
230,1850,24064,25147,49211
230,1860,24179,25233,49412
230,1870,24303,25364,49667
230,1880,24441,25480,49921
230,1890,24578,25609,50187
230,1900,24682,25739,50421
230,1910,24784,25855,50639
230,1920,24884,25983,50867
230,1930,24977,26103,51080
230,1940,25081,26254,51335
230,1950,25199,26398,51597
230,1960,25329,26527,51856
230,1970,25438,26643,52081
230,1980,25563,26763,52326
230,1990,25666,26868,52534
240,240,20,18,38
240,250,186,176,362
240,260,311,313,624
240,270,461,484,945
240,280,595,639,1234
240,290,765,798,1563
240,300,913,988,1901
240,310,1096,1167,2263
240,320,1261,1341,2602
240,330,1407,1510,2917
240,340,1554,1660,3214
240,350,1715,1822,3537
240,360,1865,1992,3857
240,370,2001,2181,4182
240,380,2151,2344,4495
240,390,2299,2514,4813
240,400,2467,2666,5133
240,410,2622,2833,5455
240,420,2780,2989,5769
240,430,2930,3163,6093
240,440,3108,3315,6423
240,450,3256,3484,6740
240,460,3412,3629,7041
240,470,3571,3802,7373
240,480,3750,3937,7687
240,490,3900,4105,8005
240,500,4049,4271,8320
240,510,4203,4438,8641
240,520,4371,4621,8992
240,530,4555,4804,9359
240,540,4693,4949,9642
240,550,4837,5101,9938
240,560,4999,5258,10257
240,570,5142,5427,10569
240,580,5295,5571,10866
240,590,5457,5750,11207
240,600,5598,5910,11508
240,610,5733,6077,11810
240,620,5903,6241,12144
240,630,6050,6412,12462
240,640,6202,6565,12767
240,650,6347,6737,13084
240,660,6498,6867,13365
240,670,6651,7017,13668
240,680,6786,7174,13960
240,690,6928,7344,14272
240,700,7079,7493,14572
240,710,7257,7649,14906
240,720,7433,7801,15234
240,730,7579,7941,15520
240,740,7728,8072,15800
240,750,7901,8211,16112
240,760,8053,8387,16440
240,770,8190,8554,16744
240,780,8333,8709,17042
240,790,8466,8871,17337
240,800,8612,9039,17651
240,810,8764,9176,17940
240,820,8919,9338,18257
240,830,9083,9508,18591
240,840,9229,9645,18874
240,850,9383,9798,19181
240,860,9532,9960,19492
240,870,9678,10113,19791
240,880,9835,10284,20119
240,890,9989,10434,20423
240,900,10123,10585,20708
240,910,10251,10738,20989
240,920,10393,10896,21289
240,930,10533,11055,21588
240,940,10682,11213,21895
240,950,10838,11366,22204
240,960,10981,11510,22491
240,970,11120,11675,22795
240,980,11267,11860,23127
240,990,11423,12030,23453
240,1000,11562,12182,23744
240,1010,11726,12334,24060
240,1020,11873,12473,24346
240,1030,12014,12642,24656
240,1040,12134,12796,24930
240,1050,12261,12953,25214
240,1060,12404,13113,25517
240,1070,12549,13267,25816
240,1080,12681,13426,26107
240,1090,12856,13574,26430
240,1100,12999,13727,26726
240,1110,13147,13866,27013
240,1120,13285,14012,27297
240,1130,13439,14171,27610
240,1140,13580,14320,27900
240,1150,13717,14495,28212
240,1160,13859,14638,28497
240,1170,14017,14792,28809
240,1180,14168,14932,29100
240,1190,14335,15085,29420
240,1200,14476,15249,29725
240,1210,14623,15435,30058
240,1220,14782,15590,30372
240,1230,14951,15751,30702
240,1240,15109,15885,30994
240,1250,15266,16046,31312
240,1260,15372,16222,31594
240,1270,15523,16406,31929
240,1280,15666,16572,32238
240,1290,15816,16729,32545
240,1300,15962,16871,32833
240,1310,16132,17031,33163
240,1320,16265,17178,33443
240,1330,16405,17320,33725
240,1340,16560,17462,34022
240,1350,16716,17624,34340
240,1360,16869,17773,34642
240,1370,17010,17930,34940
240,1380,17161,18091,35252
240,1390,17344,18227,35571
240,1400,17476,18390,35866
240,1410,17613,18574,36187
240,1420,17740,18726,36466
240,1430,17904,18881,36785
240,1440,18050,19035,37085
240,1450,18213,19193,37406
240,1460,18366,19316,37682
240,1470,18523,19467,37990
240,1480,18659,19612,38271
240,1490,18825,19750,38575
240,1500,18987,19897,38884
240,1510,19138,20048,39186
240,1520,19286,20218,39504
240,1530,19430,20375,39805
240,1540,19583,20515,40098
240,1550,19731,20661,40392
240,1560,19922,20838,40760
240,1570,20076,21000,41076
240,1580,20218,21159,41377
240,1590,20395,21312,41707
240,1600,20527,21462,41989
240,1610,20669,21621,42290
240,1620,20830,21795,42625
240,1630,20992,21950,42942
240,1640,21140,22077,43217
240,1650,21284,22220,43504
240,1660,21429,22369,43798
240,1670,21582,22498,44080
240,1680,21701,22657,44358
240,1690,21826,22813,44639
240,1700,21983,22974,44957
240,1710,22109,23131,45240
240,1720,22263,23269,45532
240,1730,22423,23430,45853
240,1740,22562,23590,46152
240,1750,22672,23740,46412
240,1760,22785,23871,46656
240,1770,22899,23995,46894
240,1780,23026,24138,47164
240,1790,23160,24262,47422
240,1800,23305,24384,47689
240,1810,23420,24510,47930
240,1820,23527,24633,48160
240,1830,23663,24761,48424
240,1840,23795,24887,48682
240,1850,23916,25001,48917
240,1860,24031,25087,49118
240,1870,24155,25218,49373
240,1880,24293,25334,49627
240,1890,24430,25463,49893
240,1900,24534,25593,50127
240,1910,24636,25709,50345
240,1920,24736,25837,50573
240,1930,24829,25957,50786
240,1940,24933,26108,51041
240,1950,25051,26252,51303
240,1960,25181,26381,51562
240,1970,25290,26497,51787
240,1980,25415,26617,52032
240,1990,25518,26722,52240
250,250,14,18,32
250,260,139,155,294
250,270,289,326,615
250,280,423,481,904
250,290,593,640,1233
250,300,741,830,1571
250,310,924,1009,1933
250,320,1089,1183,2272
250,330,1235,1352,2587
250,340,1382,1502,2884
250,350,1543,1664,3207
250,360,1693,1834,3527
250,370,1829,2023,3852
250,380,1979,2186,4165
250,390,2127,2356,4483
250,400,2295,2508,4803
250,410,2450,2675,5125
250,420,2608,2831,5439
250,430,2758,3005,5763
250,440,2936,3157,6093
250,450,3084,3326,6410
250,460,3240,3471,6711
250,470,3399,3644,7043
250,480,3578,3779,7357
250,490,3728,3947,7675
250,500,3877,4113,7990
250,510,4031,4280,8311
250,520,4199,4463,8662
250,530,4383,4646,9029
250,540,4521,4791,9312
250,550,4665,4943,9608
250,560,4827,5100,9927
250,570,4970,5269,10239
250,580,5123,5413,10536
250,590,5285,5592,10877
250,600,5426,5752,11178
250,610,5561,5919,11480
250,620,5731,6083,11814
250,630,5878,6254,12132
250,640,6030,6407,12437
250,650,6175,6579,12754
250,660,6326,6709,13035
250,670,6479,6859,13338
250,680,6614,7016,13630
250,690,6756,7186,13942
250,700,6907,7335,14242
250,710,7085,7491,14576
250,720,7261,7643,14904
250,730,7407,7783,15190
250,740,7556,7914,15470
250,750,7729,8053,15782
250,760,7881,8229,16110
250,770,8018,8396,16414
250,780,8161,8551,16712
250,790,8294,8713,17007
250,800,8440,8881,17321
250,810,8592,9018,17610
250,820,8747,9180,17927
250,830,8911,9350,18261
250,840,9057,9487,18544
250,850,9211,9640,18851
250,860,9360,9802,19162
250,870,9506,9955,19461
250,880,9663,10126,19789
250,890,9817,10276,20093
250,900,9951,10427,20378
250,910,10079,10580,20659
250,920,10221,10738,20959
250,930,10361,10897,21258
250,940,10510,11055,21565
250,950,10666,11208,21874
250,960,10809,11352,22161
250,970,10948,11517,22465
250,980,11095,11702,22797
250,990,11251,11872,23123
250,1000,11390,12024,23414
250,1010,11554,12176,23730
250,1020,11701,12315,24016
250,1030,11842,12484,24326
250,1040,11962,12638,24600
250,1050,12089,12795,24884
250,1060,12232,12955,25187
250,1070,12377,13109,25486
250,1080,12509,13268,25777
250,1090,12684,13416,26100
250,1100,12827,13569,26396
250,1110,12975,13708,26683
250,1120,13113,13854,26967
250,1130,13267,14013,27280
250,1140,13408,14162,27570
250,1150,13545,14337,27882
250,1160,13687,14480,28167
250,1170,13845,14634,28479
250,1180,13996,14774,28770
250,1190,14163,14927,29090
250,1200,14304,15091,29395
250,1210,14451,15277,29728
250,1220,14610,15432,30042
250,1230,14779,15593,30372
250,1240,14937,15727,30664
250,1250,15094,15888,30982
250,1260,15200,16064,31264
250,1270,15351,16248,31599
250,1280,15494,16414,31908
250,1290,15644,16571,32215
250,1300,15790,16713,32503
250,1310,15960,16873,32833
250,1320,16093,17020,33113
250,1330,16233,17162,33395
250,1340,16388,17304,33692
250,1350,16544,17466,34010
250,1360,16697,17615,34312
250,1370,16838,17772,34610
250,1380,16989,17933,34922
250,1390,17172,18069,35241
250,1400,17304,18232,35536
250,1410,17441,18416,35857
250,1420,17568,18568,36136
250,1430,17732,18723,36455
250,1440,17878,18877,36755
250,1450,18041,19035,37076
250,1460,18194,19158,37352
250,1470,18351,19309,37660
250,1480,18487,19454,37941
250,1490,18653,19592,38245
250,1500,18815,19739,38554
250,1510,18966,19890,38856
250,1520,19114,20060,39174
250,1530,19258,20217,39475
250,1540,19411,20357,39768
250,1550,19559,20503,40062
250,1560,19750,20680,40430
250,1570,19904,20842,40746
250,1580,20046,21001,41047
250,1590,20223,21154,41377
250,1600,20355,21304,41659
250,1610,20497,21463,41960
250,1620,20658,21637,42295
250,1630,20820,21792,42612
250,1640,20968,21919,42887
250,1650,21112,22062,43174
250,1660,21257,22211,43468
250,1670,21410,22340,43750
250,1680,21529,22499,44028
250,1690,21654,22655,44309
250,1700,21811,22816,44627
250,1710,21937,22973,44910
250,1720,22091,23111,45202
250,1730,22251,23272,45523
250,1740,22390,23432,45822
250,1750,22500,23582,46082
250,1760,22613,23713,46326
250,1770,22727,23837,46564
250,1780,22854,23980,46834
250,1790,22988,24104,47092
250,1800,23133,24226,47359
250,1810,23248,24352,47600
250,1820,23355,24475,47830
250,1830,23491,24603,48094
250,1840,23623,24729,48352
250,1850,23744,24843,48587
250,1860,23859,24929,48788
250,1870,23983,25060,49043
250,1880,24121,25176,49297
250,1890,24258,25305,49563
250,1900,24362,25435,49797
250,1910,24464,25551,50015
250,1920,24564,25679,50243
250,1930,24657,25799,50456
250,1940,24761,25950,50711
250,1950,24879,26094,50973
250,1960,25009,26223,51232
250,1970,25118,26339,51457
250,1980,25243,26459,51702
250,1990,25346,26564,51910
260,260,9,11,20
260,270,159,182,341
260,280,293,337,630
260,290,463,496,959
260,300,611,686,1297
260,310,794,865,1659
260,320,959,1039,1998
260,330,1105,1208,2313
260,340,1252,1358,2610
260,350,1413,1520,2933
260,360,1563,1690,3253
260,370,1699,1879,3578
260,380,1849,2042,3891
260,390,1997,2212,4209
260,400,2165,2364,4529
260,410,2320,2531,4851
260,420,2478,2687,5165
260,430,2628,2861,5489
260,440,2806,3013,5819
260,450,2954,3182,6136
260,460,3110,3327,6437
260,470,3269,3500,6769
260,480,3448,3635,7083
260,490,3598,3803,7401
260,500,3747,3969,7716
260,510,3901,4136,8037
260,520,4069,4319,8388
260,530,4253,4502,8755
260,540,4391,4647,9038
260,550,4535,4799,9334
260,560,4697,4956,9653
260,570,4840,5125,9965
260,580,4993,5269,10262
260,590,5155,5448,10603
260,600,5296,5608,10904
260,610,5431,5775,11206
260,620,5601,5939,11540
260,630,5748,6110,11858
260,640,5900,6263,12163
260,650,6045,6435,12480
260,660,6196,6565,12761
260,670,6349,6715,13064
260,680,6484,6872,13356
260,690,6626,7042,13668
260,700,6777,7191,13968
260,710,6955,7347,14302
260,720,7131,7499,14630
260,730,7277,7639,14916
260,740,7426,7770,15196
260,750,7599,7909,15508
260,760,7751,8085,15836
260,770,7888,8252,16140
260,780,8031,8407,16438
260,790,8164,8569,16733
260,800,8310,8737,17047
260,810,8462,8874,17336
260,820,8617,9036,17653
260,830,8781,9206,17987
260,840,8927,9343,18270
260,850,9081,9496,18577
260,860,9230,9658,18888
260,870,9376,9811,19187
260,880,9533,9982,19515
260,890,9687,10132,19819
260,900,9821,10283,20104
260,910,9949,10436,20385
260,920,10091,10594,20685
260,930,10231,10753,20984
260,940,10380,10911,21291
260,950,10536,11064,21600
260,960,10679,11208,21887
260,970,10818,11373,22191
260,980,10965,11558,22523
260,990,11121,11728,22849
260,1000,11260,11880,23140
260,1010,11424,12032,23456
260,1020,11571,12171,23742
260,1030,11712,12340,24052
260,1040,11832,12494,24326
260,1050,11959,12651,24610
260,1060,12102,12811,24913
260,1070,12247,12965,25212
260,1080,12379,13124,25503
260,1090,12554,13272,25826
260,1100,12697,13425,26122
260,1110,12845,13564,26409
260,1120,12983,13710,26693
260,1130,13137,13869,27006
260,1140,13278,14018,27296
260,1150,13415,14193,27608
260,1160,13557,14336,27893
260,1170,13715,14490,28205
260,1180,13866,14630,28496
260,1190,14033,14783,28816
260,1200,14174,14947,29121
260,1210,14321,15133,29454
260,1220,14480,15288,29768
260,1230,14649,15449,30098
260,1240,14807,15583,30390
260,1250,14964,15744,30708
260,1260,15070,15920,30990
260,1270,15221,16104,31325
260,1280,15364,16270,31634
260,1290,15514,16427,31941
260,1300,15660,16569,32229
260,1310,15830,16729,32559
260,1320,15963,16876,32839
260,1330,16103,17018,33121
260,1340,16258,17160,33418
260,1350,16414,17322,33736
260,1360,16567,17471,34038
260,1370,16708,17628,34336
260,1380,16859,17789,34648
260,1390,17042,17925,34967
260,1400,17174,18088,35262
260,1410,17311,18272,35583
260,1420,17438,18424,35862
260,1430,17602,18579,36181
260,1440,17748,18733,36481
260,1450,17911,18891,36802
260,1460,18064,19014,37078
260,1470,18221,19165,37386
260,1480,18357,19310,37667
260,1490,18523,19448,37971
260,1500,18685,19595,38280
260,1510,18836,19746,38582
260,1520,18984,19916,38900
260,1530,19128,20073,39201
260,1540,19281,20213,39494
260,1550,19429,20359,39788
260,1560,19620,20536,40156
260,1570,19774,20698,40472
260,1580,19916,20857,40773
260,1590,20093,21010,41103
260,1600,20225,21160,41385
260,1610,20367,21319,41686
260,1620,20528,21493,42021
260,1630,20690,21648,42338
260,1640,20838,21775,42613
260,1650,20982,21918,42900
260,1660,21127,22067,43194
260,1670,21280,22196,43476
260,1680,21399,22355,43754
260,1690,21524,22511,44035
260,1700,21681,22672,44353
260,1710,21807,22829,44636
260,1720,21961,22967,44928
260,1730,22121,23128,45249
260,1740,22260,23288,45548
260,1750,22370,23438,45808
260,1760,22483,23569,46052
260,1770,22597,23693,46290
260,1780,22724,23836,46560
260,1790,22858,23960,46818
260,1800,23003,24082,47085
260,1810,23118,24208,47326
260,1820,23225,24331,47556
260,1830,23361,24459,47820
260,1840,23493,24585,48078
260,1850,23614,24699,48313
260,1860,23729,24785,48514
260,1870,23853,24916,48769
260,1880,23991,25032,49023
260,1890,24128,25161,49289
260,1900,24232,25291,49523
260,1910,24334,25407,49741
260,1920,24434,25535,49969
260,1930,24527,25655,50182
260,1940,24631,25806,50437
260,1950,24749,25950,50699
260,1960,24879,26079,50958
260,1970,24988,26195,51183
260,1980,25113,26315,51428
260,1990,25216,26420,51636
270,270,18,13,31
270,280,152,168,320
270,290,322,327,649
270,300,470,517,987
270,310,653,696,1349
270,320,818,870,1688
270,330,964,1039,2003
270,340,1111,1189,2300
270,350,1272,1351,2623
270,360,1422,1521,2943
270,370,1558,1710,3268
270,380,1708,1873,3581
270,390,1856,2043,3899
270,400,2024,2195,4219
270,410,2179,2362,4541
270,420,2337,2518,4855
270,430,2487,2692,5179
270,440,2665,2844,5509
270,450,2813,3013,5826
270,460,2969,3158,6127
270,470,3128,3331,6459
270,480,3307,3466,6773
270,490,3457,3634,7091
270,500,3606,3800,7406
270,510,3760,3967,7727
270,520,3928,4150,8078
270,530,4112,4333,8445
270,540,4250,4478,8728
270,550,4394,4630,9024
270,560,4556,4787,9343
270,570,4699,4956,9655
270,580,4852,5100,9952
270,590,5014,5279,10293
270,600,5155,5439,10594
270,610,5290,5606,10896
270,620,5460,5770,11230
270,630,5607,5941,11548
270,640,5759,6094,11853
270,650,5904,6266,12170
270,660,6055,6396,12451
270,670,6208,6546,12754
270,680,6343,6703,13046
270,690,6485,6873,13358
270,700,6636,7022,13658
270,710,6814,7178,13992
270,720,6990,7330,14320
270,730,7136,7470,14606
270,740,7285,7601,14886
270,750,7458,7740,15198
270,760,7610,7916,15526
270,770,7747,8083,15830
270,780,7890,8238,16128
270,790,8023,8400,16423
270,800,8169,8568,16737
270,810,8321,8705,17026
270,820,8476,8867,17343
270,830,8640,9037,17677
270,840,8786,9174,17960
270,850,8940,9327,18267
270,860,9089,9489,18578
270,870,9235,9642,18877
270,880,9392,9813,19205
270,890,9546,9963,19509
270,900,9680,10114,19794
270,910,9808,10267,20075
270,920,9950,10425,20375
270,930,10090,10584,20674
270,940,10239,10742,20981
270,950,10395,10895,21290
270,960,10538,11039,21577
270,970,10677,11204,21881
270,980,10824,11389,22213
270,990,10980,11559,22539
270,1000,11119,11711,22830
270,1010,11283,11863,23146
270,1020,11430,12002,23432
270,1030,11571,12171,23742
270,1040,11691,12325,24016
270,1050,11818,12482,24300
270,1060,11961,12642,24603
270,1070,12106,12796,24902
270,1080,12238,12955,25193
270,1090,12413,13103,25516
270,1100,12556,13256,25812
270,1110,12704,13395,26099
270,1120,12842,13541,26383
270,1130,12996,13700,26696
270,1140,13137,13849,26986
270,1150,13274,14024,27298
270,1160,13416,14167,27583
270,1170,13574,14321,27895
270,1180,13725,14461,28186
270,1190,13892,14614,28506
270,1200,14033,14778,28811
270,1210,14180,14964,29144
270,1220,14339,15119,29458
270,1230,14508,15280,29788
270,1240,14666,15414,30080
270,1250,14823,15575,30398
270,1260,14929,15751,30680
270,1270,15080,15935,31015
270,1280,15223,16101,31324
270,1290,15373,16258,31631
270,1300,15519,16400,31919
270,1310,15689,16560,32249
270,1320,15822,16707,32529
270,1330,15962,16849,32811
270,1340,16117,16991,33108
270,1350,16273,17153,33426
270,1360,16426,17302,33728
270,1370,16567,17459,34026
270,1380,16718,17620,34338
270,1390,16901,17756,34657
270,1400,17033,17919,34952
270,1410,17170,18103,35273
270,1420,17297,18255,35552
270,1430,17461,18410,35871
270,1440,17607,18564,36171
270,1450,17770,18722,36492
270,1460,17923,18845,36768
270,1470,18080,18996,37076
270,1480,18216,19141,37357
270,1490,18382,19279,37661
270,1500,18544,19426,37970
270,1510,18695,19577,38272
270,1520,18843,19747,38590
270,1530,18987,19904,38891
270,1540,19140,20044,39184
270,1550,19288,20190,39478
270,1560,19479,20367,39846
270,1570,19633,20529,40162
270,1580,19775,20688,40463
270,1590,19952,20841,40793
270,1600,20084,20991,41075
270,1610,20226,21150,41376
270,1620,20387,21324,41711
270,1630,20549,21479,42028
270,1640,20697,21606,42303
270,1650,20841,21749,42590
270,1660,20986,21898,42884
270,1670,21139,22027,43166
270,1680,21258,22186,43444
270,1690,21383,22342,43725
270,1700,21540,22503,44043
270,1710,21666,22660,44326
270,1720,21820,22798,44618
270,1730,21980,22959,44939
270,1740,22119,23119,45238
270,1750,22229,23269,45498
270,1760,22342,23400,45742
270,1770,22456,23524,45980
270,1780,22583,23667,46250
270,1790,22717,23791,46508
270,1800,22862,23913,46775
270,1810,22977,24039,47016
270,1820,23084,24162,47246
270,1830,23220,24290,47510
270,1840,23352,24416,47768
270,1850,23473,24530,48003
270,1860,23588,24616,48204
270,1870,23712,24747,48459
270,1880,23850,24863,48713
270,1890,23987,24992,48979
270,1900,24091,25122,49213
270,1910,24193,25238,49431
270,1920,24293,25366,49659
270,1930,24386,25486,49872
270,1940,24490,25637,50127
270,1950,24608,25781,50389
270,1960,24738,25910,50648
270,1970,24847,26026,50873
270,1980,24972,26146,51118
270,1990,25075,26251,51326
280,280,14,22,36
280,290,184,181,365
280,300,332,371,703
280,310,515,550,1065
280,320,680,724,1404
280,330,826,893,1719
280,340,973,1043,2016
280,350,1134,1205,2339
280,360,1284,1375,2659
280,370,1420,1564,2984
280,380,1570,1727,3297
280,390,1718,1897,3615
280,400,1886,2049,3935
280,410,2041,2216,4257
280,420,2199,2372,4571
280,430,2349,2546,4895
280,440,2527,2698,5225
280,450,2675,2867,5542
280,460,2831,3012,5843
280,470,2990,3185,6175
280,480,3169,3320,6489
280,490,3319,3488,6807
280,500,3468,3654,7122
280,510,3622,3821,7443
280,520,3790,4004,7794
280,530,3974,4187,8161
280,540,4112,4332,8444
280,550,4256,4484,8740
280,560,4418,4641,9059
280,570,4561,4810,9371
280,580,4714,4954,9668
280,590,4876,5133,10009
280,600,5017,5293,10310
280,610,5152,5460,10612
280,620,5322,5624,10946
280,630,5469,5795,11264
280,640,5621,5948,11569
280,650,5766,6120,11886
280,660,5917,6250,12167
280,670,6070,6400,12470
280,680,6205,6557,12762
280,690,6347,6727,13074
280,700,6498,6876,13374
280,710,6676,7032,13708
280,720,6852,7184,14036
280,730,6998,7324,14322
280,740,7147,7455,14602
280,750,7320,7594,14914
280,760,7472,7770,15242
280,770,7609,7937,15546
280,780,7752,8092,15844
280,790,7885,8254,16139
280,800,8031,8422,16453
280,810,8183,8559,16742
280,820,8338,8721,17059
280,830,8502,8891,17393
280,840,8648,9028,17676
280,850,8802,9181,17983
280,860,8951,9343,18294
280,870,9097,9496,18593
280,880,9254,9667,18921
280,890,9408,9817,19225
280,900,9542,9968,19510
280,910,9670,10121,19791
280,920,9812,10279,20091
280,930,9952,10438,20390
280,940,10101,10596,20697
280,950,10257,10749,21006
280,960,10400,10893,21293
280,970,10539,11058,21597
280,980,10686,11243,21929
280,990,10842,11413,22255
280,1000,10981,11565,22546
280,1010,11145,11717,22862
280,1020,11292,11856,23148
280,1030,11433,12025,23458
280,1040,11553,12179,23732
280,1050,11680,12336,24016
280,1060,11823,12496,24319
280,1070,11968,12650,24618
280,1080,12100,12809,24909
280,1090,12275,12957,25232
280,1100,12418,13110,25528
280,1110,12566,13249,25815
280,1120,12704,13395,26099
280,1130,12858,13554,26412
280,1140,12999,13703,26702
280,1150,13136,13878,27014
280,1160,13278,14021,27299
280,1170,13436,14175,27611
280,1180,13587,14315,27902
280,1190,13754,14468,28222
280,1200,13895,14632,28527
280,1210,14042,14818,28860
280,1220,14201,14973,29174
280,1230,14370,15134,29504
280,1240,14528,15268,29796
280,1250,14685,15429,30114
280,1260,14791,15605,30396
280,1270,14942,15789,30731
280,1280,15085,15955,31040
280,1290,15235,16112,31347
280,1300,15381,16254,31635
280,1310,15551,16414,31965
280,1320,15684,16561,32245
280,1330,15824,16703,32527
280,1340,15979,16845,32824
280,1350,16135,17007,33142
280,1360,16288,17156,33444
280,1370,16429,17313,33742
280,1380,16580,17474,34054
280,1390,16763,17610,34373
280,1400,16895,17773,34668
280,1410,17032,17957,34989
280,1420,17159,18109,35268
280,1430,17323,18264,35587
280,1440,17469,18418,35887
280,1450,17632,18576,36208
280,1460,17785,18699,36484
280,1470,17942,18850,36792
280,1480,18078,18995,37073
280,1490,18244,19133,37377
280,1500,18406,19280,37686
280,1510,18557,19431,37988
280,1520,18705,19601,38306
280,1530,18849,19758,38607
280,1540,19002,19898,38900
280,1550,19150,20044,39194
280,1560,19341,20221,39562
280,1570,19495,20383,39878
280,1580,19637,20542,40179
280,1590,19814,20695,40509
280,1600,19946,20845,40791
280,1610,20088,21004,41092
280,1620,20249,21178,41427
280,1630,20411,21333,41744
280,1640,20559,21460,42019
280,1650,20703,21603,42306
280,1660,20848,21752,42600
280,1670,21001,21881,42882
280,1680,21120,22040,43160
280,1690,21245,22196,43441
280,1700,21402,22357,43759
280,1710,21528,22514,44042
280,1720,21682,22652,44334
280,1730,21842,22813,44655
280,1740,21981,22973,44954
280,1750,22091,23123,45214
280,1760,22204,23254,45458
280,1770,22318,23378,45696
280,1780,22445,23521,45966
280,1790,22579,23645,46224
280,1800,22724,23767,46491
280,1810,22839,23893,46732
280,1820,22946,24016,46962
280,1830,23082,24144,47226
280,1840,23214,24270,47484
280,1850,23335,24384,47719
280,1860,23450,24470,47920
280,1870,23574,24601,48175
280,1880,23712,24717,48429
280,1890,23849,24846,48695
280,1900,23953,24976,48929
280,1910,24055,25092,49147
280,1920,24155,25220,49375
280,1930,24248,25340,49588
280,1940,24352,25491,49843
280,1950,24470,25635,50105
280,1960,24600,25764,50364
280,1970,24709,25880,50589
280,1980,24834,26000,50834
280,1990,24937,26105,51042
290,290,13,16,29
290,300,161,206,367
290,310,344,385,729
290,320,509,559,1068
290,330,655,728,1383
290,340,802,878,1680
290,350,963,1040,2003
290,360,1113,1210,2323
290,370,1249,1399,2648
290,380,1399,1562,2961
290,390,1547,1732,3279
290,400,1715,1884,3599
290,410,1870,2051,3921
290,420,2028,2207,4235
290,430,2178,2381,4559
290,440,2356,2533,4889
290,450,2504,2702,5206
290,460,2660,2847,5507
290,470,2819,3020,5839
290,480,2998,3155,6153
290,490,3148,3323,6471
290,500,3297,3489,6786
290,510,3451,3656,7107
290,520,3619,3839,7458
290,530,3803,4022,7825
290,540,3941,4167,8108
290,550,4085,4319,8404
290,560,4247,4476,8723
290,570,4390,4645,9035
290,580,4543,4789,9332
290,590,4705,4968,9673
290,600,4846,5128,9974
290,610,4981,5295,10276
290,620,5151,5459,10610
290,630,5298,5630,10928
290,640,5450,5783,11233
290,650,5595,5955,11550
290,660,5746,6085,11831
290,670,5899,6235,12134
290,680,6034,6392,12426
290,690,6176,6562,12738
290,700,6327,6711,13038
290,710,6505,6867,13372
290,720,6681,7019,13700
290,730,6827,7159,13986
290,740,6976,7290,14266
290,750,7149,7429,14578
290,760,7301,7605,14906
290,770,7438,7772,15210
290,780,7581,7927,15508
290,790,7714,8089,15803
290,800,7860,8257,16117
290,810,8012,8394,16406
290,820,8167,8556,16723
290,830,8331,8726,17057
290,840,8477,8863,17340
290,850,8631,9016,17647
290,860,8780,9178,17958
290,870,8926,9331,18257
290,880,9083,9502,18585
290,890,9237,9652,18889
290,900,9371,9803,19174
290,910,9499,9956,19455
290,920,9641,10114,19755
290,930,9781,10273,20054
290,940,9930,10431,20361
290,950,10086,10584,20670
290,960,10229,10728,20957
290,970,10368,10893,21261
290,980,10515,11078,21593
290,990,10671,11248,21919
290,1000,10810,11400,22210
290,1010,10974,11552,22526
290,1020,11121,11691,22812
290,1030,11262,11860,23122
290,1040,11382,12014,23396
290,1050,11509,12171,23680
290,1060,11652,12331,23983
290,1070,11797,12485,24282
290,1080,11929,12644,24573
290,1090,12104,12792,24896
290,1100,12247,12945,25192
290,1110,12395,13084,25479
290,1120,12533,13230,25763
290,1130,12687,13389,26076
290,1140,12828,13538,26366
290,1150,12965,13713,26678
290,1160,13107,13856,26963
290,1170,13265,14010,27275
290,1180,13416,14150,27566
290,1190,13583,14303,27886
290,1200,13724,14467,28191
290,1210,13871,14653,28524
290,1220,14030,14808,28838
290,1230,14199,14969,29168
290,1240,14357,15103,29460
290,1250,14514,15264,29778
290,1260,14620,15440,30060
290,1270,14771,15624,30395
290,1280,14914,15790,30704
290,1290,15064,15947,31011
290,1300,15210,16089,31299
290,1310,15380,16249,31629
290,1320,15513,16396,31909
290,1330,15653,16538,32191
290,1340,15808,16680,32488
290,1350,15964,16842,32806
290,1360,16117,16991,33108
290,1370,16258,17148,33406
290,1380,16409,17309,33718
290,1390,16592,17445,34037
290,1400,16724,17608,34332
290,1410,16861,17792,34653
290,1420,16988,17944,34932
290,1430,17152,18099,35251
290,1440,17298,18253,35551
290,1450,17461,18411,35872
290,1460,17614,18534,36148
290,1470,17771,18685,36456
290,1480,17907,18830,36737
290,1490,18073,18968,37041
290,1500,18235,19115,37350
290,1510,18386,19266,37652
290,1520,18534,19436,37970
290,1530,18678,19593,38271
290,1540,18831,19733,38564
290,1550,18979,19879,38858
290,1560,19170,20056,39226
290,1570,19324,20218,39542
290,1580,19466,20377,39843
290,1590,19643,20530,40173
290,1600,19775,20680,40455
290,1610,19917,20839,40756
290,1620,20078,21013,41091
290,1630,20240,21168,41408
290,1640,20388,21295,41683
290,1650,20532,21438,41970
290,1660,20677,21587,42264
290,1670,20830,21716,42546
290,1680,20949,21875,42824
290,1690,21074,22031,43105
290,1700,21231,22192,43423
290,1710,21357,22349,43706
290,1720,21511,22487,43998
290,1730,21671,22648,44319
290,1740,21810,22808,44618
290,1750,21920,22958,44878
290,1760,22033,23089,45122
290,1770,22147,23213,45360
290,1780,22274,23356,45630
290,1790,22408,23480,45888
290,1800,22553,23602,46155
290,1810,22668,23728,46396
290,1820,22775,23851,46626
290,1830,22911,23979,46890
290,1840,23043,24105,47148
290,1850,23164,24219,47383
290,1860,23279,24305,47584
290,1870,23403,24436,47839
290,1880,23541,24552,48093
290,1890,23678,24681,48359
290,1900,23782,24811,48593
290,1910,23884,24927,48811
290,1920,23984,25055,49039
290,1930,24077,25175,49252
290,1940,24181,25326,49507
290,1950,24299,25470,49769
290,1960,24429,25599,50028
290,1970,24538,25715,50253
290,1980,24663,25835,50498
290,1990,24766,25940,50706
300,300,15,15,30
300,310,198,194,392
300,320,363,368,731
300,330,509,537,1046
300,340,656,687,1343
300,350,817,849,1666
300,360,967,1019,1986
300,370,1103,1208,2311
300,380,1253,1371,2624
300,390,1401,1541,2942
300,400,1569,1693,3262
300,410,1724,1860,3584
300,420,1882,2016,3898
300,430,2032,2190,4222
300,440,2210,2342,4552
300,450,2358,2511,4869
300,460,2514,2656,5170
300,470,2673,2829,5502
300,480,2852,2964,5816
300,490,3002,3132,6134
300,500,3151,3298,6449
300,510,3305,3465,6770
300,520,3473,3648,7121
300,530,3657,3831,7488
300,540,3795,3976,7771
300,550,3939,4128,8067
300,560,4101,4285,8386
300,570,4244,4454,8698
300,580,4397,4598,8995
300,590,4559,4777,9336
300,600,4700,4937,9637
300,610,4835,5104,9939
300,620,5005,5268,10273
300,630,5152,5439,10591
300,640,5304,5592,10896
300,650,5449,5764,11213
300,660,5600,5894,11494
300,670,5753,6044,11797
300,680,5888,6201,12089
300,690,6030,6371,12401
300,700,6181,6520,12701
300,710,6359,6676,13035
300,720,6535,6828,13363
300,730,6681,6968,13649
300,740,6830,7099,13929
300,750,7003,7238,14241
300,760,7155,7414,14569
300,770,7292,7581,14873
300,780,7435,7736,15171
300,790,7568,7898,15466
300,800,7714,8066,15780
300,810,7866,8203,16069
300,820,8021,8365,16386
300,830,8185,8535,16720
300,840,8331,8672,17003
300,850,8485,8825,17310
300,860,8634,8987,17621
300,870,8780,9140,17920
300,880,8937,9311,18248
300,890,9091,9461,18552
300,900,9225,9612,18837
300,910,9353,9765,19118
300,920,9495,9923,19418
300,930,9635,10082,19717
300,940,9784,10240,20024
300,950,9940,10393,20333
300,960,10083,10537,20620
300,970,10222,10702,20924
300,980,10369,10887,21256
300,990,10525,11057,21582
300,1000,10664,11209,21873
300,1010,10828,11361,22189
300,1020,10975,11500,22475
300,1030,11116,11669,22785
300,1040,11236,11823,23059
300,1050,11363,11980,23343
300,1060,11506,12140,23646
300,1070,11651,12294,23945
300,1080,11783,12453,24236
300,1090,11958,12601,24559
300,1100,12101,12754,24855
300,1110,12249,12893,25142
300,1120,12387,13039,25426
300,1130,12541,13198,25739
300,1140,12682,13347,26029
300,1150,12819,13522,26341
300,1160,12961,13665,26626
300,1170,13119,13819,26938
300,1180,13270,13959,27229
300,1190,13437,14112,27549
300,1200,13578,14276,27854
300,1210,13725,14462,28187
300,1220,13884,14617,28501
300,1230,14053,14778,28831
300,1240,14211,14912,29123
300,1250,14368,15073,29441
300,1260,14474,15249,29723
300,1270,14625,15433,30058
300,1280,14768,15599,30367
300,1290,14918,15756,30674
300,1300,15064,15898,30962
300,1310,15234,16058,31292
300,1320,15367,16205,31572
300,1330,15507,16347,31854
300,1340,15662,16489,32151
300,1350,15818,16651,32469
300,1360,15971,16800,32771
300,1370,16112,16957,33069
300,1380,16263,17118,33381
300,1390,16446,17254,33700
300,1400,16578,17417,33995
300,1410,16715,17601,34316
300,1420,16842,17753,34595
300,1430,17006,17908,34914
300,1440,17152,18062,35214
300,1450,17315,18220,35535
300,1460,17468,18343,35811
300,1470,17625,18494,36119
300,1480,17761,18639,36400
300,1490,17927,18777,36704
300,1500,18089,18924,37013
300,1510,18240,19075,37315
300,1520,18388,19245,37633
300,1530,18532,19402,37934
300,1540,18685,19542,38227
300,1550,18833,19688,38521
300,1560,19024,19865,38889
300,1570,19178,20027,39205
300,1580,19320,20186,39506
300,1590,19497,20339,39836
300,1600,19629,20489,40118
300,1610,19771,20648,40419
300,1620,19932,20822,40754
300,1630,20094,20977,41071
300,1640,20242,21104,41346
300,1650,20386,21247,41633
300,1660,20531,21396,41927
300,1670,20684,21525,42209
300,1680,20803,21684,42487
300,1690,20928,21840,42768
300,1700,21085,22001,43086
300,1710,21211,22158,43369
300,1720,21365,22296,43661
300,1730,21525,22457,43982
300,1740,21664,22617,44281
300,1750,21774,22767,44541
300,1760,21887,22898,44785
300,1770,22001,23022,45023
300,1780,22128,23165,45293
300,1790,22262,23289,45551
300,1800,22407,23411,45818
300,1810,22522,23537,46059
300,1820,22629,23660,46289
300,1830,22765,23788,46553
300,1840,22897,23914,46811
300,1850,23018,24028,47046
300,1860,23133,24114,47247
300,1870,23257,24245,47502
300,1880,23395,24361,47756
300,1890,23532,24490,48022
300,1900,23636,24620,48256
300,1910,23738,24736,48474
300,1920,23838,24864,48702
300,1930,23931,24984,48915
300,1940,24035,25135,49170
300,1950,24153,25279,49432
300,1960,24283,25408,49691
300,1970,24392,25524,49916
300,1980,24517,25644,50161
300,1990,24620,25749,50369
310,310,22,15,37
310,320,187,189,376
310,330,333,358,691
310,340,480,508,988
310,350,641,670,1311
310,360,791,840,1631
310,370,927,1029,1956
310,380,1077,1192,2269
310,390,1225,1362,2587
310,400,1393,1514,2907
310,410,1548,1681,3229
310,420,1706,1837,3543
310,430,1856,2011,3867
310,440,2034,2163,4197
310,450,2182,2332,4514
310,460,2338,2477,4815
310,470,2497,2650,5147
310,480,2676,2785,5461
310,490,2826,2953,5779
310,500,2975,3119,6094
310,510,3129,3286,6415
310,520,3297,3469,6766
310,530,3481,3652,7133
310,540,3619,3797,7416
310,550,3763,3949,7712
310,560,3925,4106,8031
310,570,4068,4275,8343
310,580,4221,4419,8640
310,590,4383,4598,8981
310,600,4524,4758,9282
310,610,4659,4925,9584
310,620,4829,5089,9918
310,630,4976,5260,10236
310,640,5128,5413,10541
310,650,5273,5585,10858
310,660,5424,5715,11139
310,670,5577,5865,11442
310,680,5712,6022,11734
310,690,5854,6192,12046
310,700,6005,6341,12346
310,710,6183,6497,12680
310,720,6359,6649,13008
310,730,6505,6789,13294
310,740,6654,6920,13574
310,750,6827,7059,13886
310,760,6979,7235,14214
310,770,7116,7402,14518
310,780,7259,7557,14816
310,790,7392,7719,15111
310,800,7538,7887,15425
310,810,7690,8024,15714
310,820,7845,8186,16031
310,830,8009,8356,16365
310,840,8155,8493,16648
310,850,8309,8646,16955
310,860,8458,8808,17266
310,870,8604,8961,17565
310,880,8761,9132,17893
310,890,8915,9282,18197
310,900,9049,9433,18482
310,910,9177,9586,18763
310,920,9319,9744,19063
310,930,9459,9903,19362
310,940,9608,10061,19669
310,950,9764,10214,19978
310,960,9907,10358,20265
310,970,10046,10523,20569
310,980,10193,10708,20901
310,990,10349,10878,21227
310,1000,10488,11030,21518
310,1010,10652,11182,21834
310,1020,10799,11321,22120
310,1030,10940,11490,22430
310,1040,11060,11644,22704
310,1050,11187,11801,22988
310,1060,11330,11961,23291
310,1070,11475,12115,23590
310,1080,11607,12274,23881
310,1090,11782,12422,24204
310,1100,11925,12575,24500
310,1110,12073,12714,24787
310,1120,12211,12860,25071
310,1130,12365,13019,25384
310,1140,12506,13168,25674
310,1150,12643,13343,25986
310,1160,12785,13486,26271
310,1170,12943,13640,26583
310,1180,13094,13780,26874
310,1190,13261,13933,27194
310,1200,13402,14097,27499
310,1210,13549,14283,27832
310,1220,13708,14438,28146
310,1230,13877,14599,28476
310,1240,14035,14733,28768
310,1250,14192,14894,29086
310,1260,14298,15070,29368
310,1270,14449,15254,29703
310,1280,14592,15420,30012
310,1290,14742,15577,30319
310,1300,14888,15719,30607
310,1310,15058,15879,30937
310,1320,15191,16026,31217
310,1330,15331,16168,31499
310,1340,15486,16310,31796
310,1350,15642,16472,32114
310,1360,15795,16621,32416
310,1370,15936,16778,32714
310,1380,16087,16939,33026
310,1390,16270,17075,33345
310,1400,16402,17238,33640
310,1410,16539,17422,33961
310,1420,16666,17574,34240
310,1430,16830,17729,34559
310,1440,16976,17883,34859
310,1450,17139,18041,35180
310,1460,17292,18164,35456
310,1470,17449,18315,35764
310,1480,17585,18460,36045
310,1490,17751,18598,36349
310,1500,17913,18745,36658
310,1510,18064,18896,36960
310,1520,18212,19066,37278
310,1530,18356,19223,37579
310,1540,18509,19363,37872
310,1550,18657,19509,38166
310,1560,18848,19686,38534
310,1570,19002,19848,38850
310,1580,19144,20007,39151
310,1590,19321,20160,39481
310,1600,19453,20310,39763
310,1610,19595,20469,40064
310,1620,19756,20643,40399
310,1630,19918,20798,40716
310,1640,20066,20925,40991
310,1650,20210,21068,41278
310,1660,20355,21217,41572
310,1670,20508,21346,41854
310,1680,20627,21505,42132
310,1690,20752,21661,42413
310,1700,20909,21822,42731
310,1710,21035,21979,43014
310,1720,21189,22117,43306
310,1730,21349,22278,43627
310,1740,21488,22438,43926
310,1750,21598,22588,44186
310,1760,21711,22719,44430
310,1770,21825,22843,44668
310,1780,21952,22986,44938
310,1790,22086,23110,45196
310,1800,22231,23232,45463
310,1810,22346,23358,45704
310,1820,22453,23481,45934
310,1830,22589,23609,46198
310,1840,22721,23735,46456
310,1850,22842,23849,46691
310,1860,22957,23935,46892
310,1870,23081,24066,47147
310,1880,23219,24182,47401
310,1890,23356,24311,47667
310,1900,23460,24441,47901
310,1910,23562,24557,48119
310,1920,23662,24685,48347
310,1930,23755,24805,48560
310,1940,23859,24956,48815
310,1950,23977,25100,49077
310,1960,24107,25229,49336
310,1970,24216,25345,49561
310,1980,24341,25465,49806
310,1990,24444,25570,50014
320,320,17,21,38
320,330,163,190,353
320,340,310,340,650
320,350,471,502,973
320,360,621,672,1293
320,370,757,861,1618
320,380,907,1024,1931
320,390,1055,1194,2249
320,400,1223,1346,2569
320,410,1378,1513,2891
320,420,1536,1669,3205
320,430,1686,1843,3529
320,440,1864,1995,3859
320,450,2012,2164,4176
320,460,2168,2309,4477
320,470,2327,2482,4809
320,480,2506,2617,5123
320,490,2656,2785,5441
320,500,2805,2951,5756
320,510,2959,3118,6077
320,520,3127,3301,6428
320,530,3311,3484,6795
320,540,3449,3629,7078
320,550,3593,3781,7374
320,560,3755,3938,7693
320,570,3898,4107,8005
320,580,4051,4251,8302
320,590,4213,4430,8643
320,600,4354,4590,8944
320,610,4489,4757,9246
320,620,4659,4921,9580
320,630,4806,5092,9898
320,640,4958,5245,10203
320,650,5103,5417,10520
320,660,5254,5547,10801
320,670,5407,5697,11104
320,680,5542,5854,11396
320,690,5684,6024,11708
320,700,5835,6173,12008
320,710,6013,6329,12342
320,720,6189,6481,12670
320,730,6335,6621,12956
320,740,6484,6752,13236
320,750,6657,6891,13548
320,760,6809,7067,13876
320,770,6946,7234,14180
320,780,7089,7389,14478
320,790,7222,7551,14773
320,800,7368,7719,15087
320,810,7520,7856,15376
320,820,7675,8018,15693
320,830,7839,8188,16027
320,840,7985,8325,16310
320,850,8139,8478,16617
320,860,8288,8640,16928
320,870,8434,8793,17227
320,880,8591,8964,17555
320,890,8745,9114,17859
320,900,8879,9265,18144
320,910,9007,9418,18425
320,920,9149,9576,18725
320,930,9289,9735,19024
320,940,9438,9893,19331
320,950,9594,10046,19640
320,960,9737,10190,19927
320,970,9876,10355,20231
320,980,10023,10540,20563
320,990,10179,10710,20889
320,1000,10318,10862,21180
320,1010,10482,11014,21496
320,1020,10629,11153,21782
320,1030,10770,11322,22092
320,1040,10890,11476,22366
320,1050,11017,11633,22650
320,1060,11160,11793,22953
320,1070,11305,11947,23252
320,1080,11437,12106,23543
320,1090,11612,12254,23866
320,1100,11755,12407,24162
320,1110,11903,12546,24449
320,1120,12041,12692,24733
320,1130,12195,12851,25046
320,1140,12336,13000,25336
320,1150,12473,13175,25648
320,1160,12615,13318,25933
320,1170,12773,13472,26245
320,1180,12924,13612,26536
320,1190,13091,13765,26856
320,1200,13232,13929,27161
320,1210,13379,14115,27494
320,1220,13538,14270,27808
320,1230,13707,14431,28138
320,1240,13865,14565,28430
320,1250,14022,14726,28748
320,1260,14128,14902,29030
320,1270,14279,15086,29365
320,1280,14422,15252,29674
320,1290,14572,15409,29981
320,1300,14718,15551,30269
320,1310,14888,15711,30599
320,1320,15021,15858,30879
320,1330,15161,16000,31161
320,1340,15316,16142,31458
320,1350,15472,16304,31776
320,1360,15625,16453,32078
320,1370,15766,16610,32376
320,1380,15917,16771,32688
320,1390,16100,16907,33007
320,1400,16232,17070,33302
320,1410,16369,17254,33623
320,1420,16496,17406,33902
320,1430,16660,17561,34221
320,1440,16806,17715,34521
320,1450,16969,17873,34842
320,1460,17122,17996,35118
320,1470,17279,18147,35426
320,1480,17415,18292,35707
320,1490,17581,18430,36011
320,1500,17743,18577,36320
320,1510,17894,18728,36622
320,1520,18042,18898,36940
320,1530,18186,19055,37241
320,1540,18339,19195,37534
320,1550,18487,19341,37828
320,1560,18678,19518,38196
320,1570,18832,19680,38512
320,1580,18974,19839,38813
320,1590,19151,19992,39143
320,1600,19283,20142,39425
320,1610,19425,20301,39726
320,1620,19586,20475,40061
320,1630,19748,20630,40378
320,1640,19896,20757,40653
320,1650,20040,20900,40940
320,1660,20185,21049,41234
320,1670,20338,21178,41516
320,1680,20457,21337,41794
320,1690,20582,21493,42075
320,1700,20739,21654,42393
320,1710,20865,21811,42676
320,1720,21019,21949,42968
320,1730,21179,22110,43289
320,1740,21318,22270,43588
320,1750,21428,22420,43848
320,1760,21541,22551,44092
320,1770,21655,22675,44330
320,1780,21782,22818,44600
320,1790,21916,22942,44858
320,1800,22061,23064,45125
320,1810,22176,23190,45366
320,1820,22283,23313,45596
320,1830,22419,23441,45860
320,1840,22551,23567,46118
320,1850,22672,23681,46353
320,1860,22787,23767,46554
320,1870,22911,23898,46809
320,1880,23049,24014,47063
320,1890,23186,24143,47329
320,1900,23290,24273,47563
320,1910,23392,24389,47781
320,1920,23492,24517,48009
320,1930,23585,24637,48222
320,1940,23689,24788,48477
320,1950,23807,24932,48739
320,1960,23937,25061,48998
320,1970,24046,25177,49223
320,1980,24171,25297,49468
320,1990,24274,25402,49676
330,330,11,25,36
330,340,158,175,333
330,350,319,337,656
330,360,469,507,976
330,370,605,696,1301
330,380,755,859,1614
330,390,903,1029,1932
330,400,1071,1181,2252
330,410,1226,1348,2574
330,420,1384,1504,2888
330,430,1534,1678,3212
330,440,1712,1830,3542
330,450,1860,1999,3859
330,460,2016,2144,4160
330,470,2175,2317,4492
330,480,2354,2452,4806
330,490,2504,2620,5124
330,500,2653,2786,5439
330,510,2807,2953,5760
330,520,2975,3136,6111
330,530,3159,3319,6478
330,540,3297,3464,6761
330,550,3441,3616,7057
330,560,3603,3773,7376
330,570,3746,3942,7688
330,580,3899,4086,7985
330,590,4061,4265,8326
330,600,4202,4425,8627
330,610,4337,4592,8929
330,620,4507,4756,9263
330,630,4654,4927,9581
330,640,4806,5080,9886
330,650,4951,5252,10203
330,660,5102,5382,10484
330,670,5255,5532,10787
330,680,5390,5689,11079
330,690,5532,5859,11391
330,700,5683,6008,11691
330,710,5861,6164,12025
330,720,6037,6316,12353
330,730,6183,6456,12639
330,740,6332,6587,12919
330,750,6505,6726,13231
330,760,6657,6902,13559
330,770,6794,7069,13863
330,780,6937,7224,14161
330,790,7070,7386,14456
330,800,7216,7554,14770
330,810,7368,7691,15059
330,820,7523,7853,15376
330,830,7687,8023,15710
330,840,7833,8160,15993
330,850,7987,8313,16300
330,860,8136,8475,16611
330,870,8282,8628,16910
330,880,8439,8799,17238
330,890,8593,8949,17542
330,900,8727,9100,17827
330,910,8855,9253,18108
330,920,8997,9411,18408
330,930,9137,9570,18707
330,940,9286,9728,19014
330,950,9442,9881,19323
330,960,9585,10025,19610
330,970,9724,10190,19914
330,980,9871,10375,20246
330,990,10027,10545,20572
330,1000,10166,10697,20863
330,1010,10330,10849,21179
330,1020,10477,10988,21465
330,1030,10618,11157,21775
330,1040,10738,11311,22049
330,1050,10865,11468,22333
330,1060,11008,11628,22636
330,1070,11153,11782,22935
330,1080,11285,11941,23226
330,1090,11460,12089,23549
330,1100,11603,12242,23845
330,1110,11751,12381,24132
330,1120,11889,12527,24416
330,1130,12043,12686,24729
330,1140,12184,12835,25019
330,1150,12321,13010,25331
330,1160,12463,13153,25616
330,1170,12621,13307,25928
330,1180,12772,13447,26219
330,1190,12939,13600,26539
330,1200,13080,13764,26844
330,1210,13227,13950,27177
330,1220,13386,14105,27491
330,1230,13555,14266,27821
330,1240,13713,14400,28113
330,1250,13870,14561,28431
330,1260,13976,14737,28713
330,1270,14127,14921,29048
330,1280,14270,15087,29357
330,1290,14420,15244,29664
330,1300,14566,15386,29952
330,1310,14736,15546,30282
330,1320,14869,15693,30562
330,1330,15009,15835,30844
330,1340,15164,15977,31141
330,1350,15320,16139,31459
330,1360,15473,16288,31761
330,1370,15614,16445,32059
330,1380,15765,16606,32371
330,1390,15948,16742,32690
330,1400,16080,16905,32985
330,1410,16217,17089,33306
330,1420,16344,17241,33585
330,1430,16508,17396,33904
330,1440,16654,17550,34204
330,1450,16817,17708,34525
330,1460,16970,17831,34801
330,1470,17127,17982,35109
330,1480,17263,18127,35390
330,1490,17429,18265,35694
330,1500,17591,18412,36003
330,1510,17742,18563,36305
330,1520,17890,18733,36623
330,1530,18034,18890,36924
330,1540,18187,19030,37217
330,1550,18335,19176,37511
330,1560,18526,19353,37879
330,1570,18680,19515,38195
330,1580,18822,19674,38496
330,1590,18999,19827,38826
330,1600,19131,19977,39108
330,1610,19273,20136,39409
330,1620,19434,20310,39744
330,1630,19596,20465,40061
330,1640,19744,20592,40336
330,1650,19888,20735,40623
330,1660,20033,20884,40917
330,1670,20186,21013,41199
330,1680,20305,21172,41477
330,1690,20430,21328,41758
330,1700,20587,21489,42076
330,1710,20713,21646,42359
330,1720,20867,21784,42651
330,1730,21027,21945,42972
330,1740,21166,22105,43271
330,1750,21276,22255,43531
330,1760,21389,22386,43775
330,1770,21503,22510,44013
330,1780,21630,22653,44283
330,1790,21764,22777,44541
330,1800,21909,22899,44808
330,1810,22024,23025,45049
330,1820,22131,23148,45279
330,1830,22267,23276,45543
330,1840,22399,23402,45801
330,1850,22520,23516,46036
330,1860,22635,23602,46237
330,1870,22759,23733,46492
330,1880,22897,23849,46746
330,1890,23034,23978,47012
330,1900,23138,24108,47246
330,1910,23240,24224,47464
330,1920,23340,24352,47692
330,1930,23433,24472,47905
330,1940,23537,24623,48160
330,1950,23655,24767,48422
330,1960,23785,24896,48681
330,1970,23894,25012,48906
330,1980,24019,25132,49151
330,1990,24122,25237,49359
340,340,13,8,21
340,350,174,170,344
340,360,324,340,664
340,370,460,529,989
340,380,610,692,1302
340,390,758,862,1620
340,400,926,1014,1940
340,410,1081,1181,2262
340,420,1239,1337,2576
340,430,1389,1511,2900
340,440,1567,1663,3230
340,450,1715,1832,3547
340,460,1871,1977,3848
340,470,2030,2150,4180
340,480,2209,2285,4494
340,490,2359,2453,4812
340,500,2508,2619,5127
340,510,2662,2786,5448
340,520,2830,2969,5799
340,530,3014,3152,6166
340,540,3152,3297,6449
340,550,3296,3449,6745
340,560,3458,3606,7064
340,570,3601,3775,7376
340,580,3754,3919,7673
340,590,3916,4098,8014
340,600,4057,4258,8315
340,610,4192,4425,8617
340,620,4362,4589,8951
340,630,4509,4760,9269
340,640,4661,4913,9574
340,650,4806,5085,9891
340,660,4957,5215,10172
340,670,5110,5365,10475
340,680,5245,5522,10767
340,690,5387,5692,11079
340,700,5538,5841,11379
340,710,5716,5997,11713
340,720,5892,6149,12041
340,730,6038,6289,12327
340,740,6187,6420,12607
340,750,6360,6559,12919
340,760,6512,6735,13247
340,770,6649,6902,13551
340,780,6792,7057,13849
340,790,6925,7219,14144
340,800,7071,7387,14458
340,810,7223,7524,14747
340,820,7378,7686,15064
340,830,7542,7856,15398
340,840,7688,7993,15681
340,850,7842,8146,15988
340,860,7991,8308,16299
340,870,8137,8461,16598
340,880,8294,8632,16926
340,890,8448,8782,17230
340,900,8582,8933,17515
340,910,8710,9086,17796
340,920,8852,9244,18096
340,930,8992,9403,18395
340,940,9141,9561,18702
340,950,9297,9714,19011
340,960,9440,9858,19298
340,970,9579,10023,19602
340,980,9726,10208,19934
340,990,9882,10378,20260
340,1000,10021,10530,20551
340,1010,10185,10682,20867
340,1020,10332,10821,21153
340,1030,10473,10990,21463
340,1040,10593,11144,21737
340,1050,10720,11301,22021
340,1060,10863,11461,22324
340,1070,11008,11615,22623
340,1080,11140,11774,22914
340,1090,11315,11922,23237
340,1100,11458,12075,23533
340,1110,11606,12214,23820
340,1120,11744,12360,24104
340,1130,11898,12519,24417
340,1140,12039,12668,24707
340,1150,12176,12843,25019
340,1160,12318,12986,25304
340,1170,12476,13140,25616
340,1180,12627,13280,25907
340,1190,12794,13433,26227
340,1200,12935,13597,26532
340,1210,13082,13783,26865
340,1220,13241,13938,27179
340,1230,13410,14099,27509
340,1240,13568,14233,27801
340,1250,13725,14394,28119
340,1260,13831,14570,28401
340,1270,13982,14754,28736
340,1280,14125,14920,29045
340,1290,14275,15077,29352
340,1300,14421,15219,29640
340,1310,14591,15379,29970
340,1320,14724,15526,30250
340,1330,14864,15668,30532
340,1340,15019,15810,30829
340,1350,15175,15972,31147
340,1360,15328,16121,31449
340,1370,15469,16278,31747
340,1380,15620,16439,32059
340,1390,15803,16575,32378
340,1400,15935,16738,32673
340,1410,16072,16922,32994
340,1420,16199,17074,33273
340,1430,16363,17229,33592
340,1440,16509,17383,33892
340,1450,16672,17541,34213
340,1460,16825,17664,34489
340,1470,16982,17815,34797
340,1480,17118,17960,35078
340,1490,17284,18098,35382
340,1500,17446,18245,35691
340,1510,17597,18396,35993
340,1520,17745,18566,36311
340,1530,17889,18723,36612
340,1540,18042,18863,36905
340,1550,18190,19009,37199
340,1560,18381,19186,37567
340,1570,18535,19348,37883
340,1580,18677,19507,38184
340,1590,18854,19660,38514
340,1600,18986,19810,38796
340,1610,19128,19969,39097
340,1620,19289,20143,39432
340,1630,19451,20298,39749
340,1640,19599,20425,40024
340,1650,19743,20568,40311
340,1660,19888,20717,40605
340,1670,20041,20846,40887
340,1680,20160,21005,41165
340,1690,20285,21161,41446
340,1700,20442,21322,41764
340,1710,20568,21479,42047
340,1720,20722,21617,42339
340,1730,20882,21778,42660
340,1740,21021,21938,42959
340,1750,21131,22088,43219
340,1760,21244,22219,43463
340,1770,21358,22343,43701
340,1780,21485,22486,43971
340,1790,21619,22610,44229
340,1800,21764,22732,44496
340,1810,21879,22858,44737
340,1820,21986,22981,44967
340,1830,22122,23109,45231
340,1840,22254,23235,45489
340,1850,22375,23349,45724
340,1860,22490,23435,45925
340,1870,22614,23566,46180
340,1880,22752,23682,46434
340,1890,22889,23811,46700
340,1900,22993,23941,46934
340,1910,23095,24057,47152
340,1920,23195,24185,47380
340,1930,23288,24305,47593
340,1940,23392,24456,47848
340,1950,23510,24600,48110
340,1960,23640,24729,48369
340,1970,23749,24845,48594
340,1980,23874,24965,48839
340,1990,23977,25070,49047
350,350,13,19,32
350,360,163,189,352
350,370,299,378,677
350,380,449,541,990
350,390,597,711,1308
350,400,765,863,1628
350,410,920,1030,1950
350,420,1078,1186,2264
350,430,1228,1360,2588
350,440,1406,1512,2918
350,450,1554,1681,3235
350,460,1710,1826,3536
350,470,1869,1999,3868
350,480,2048,2134,4182
350,490,2198,2302,4500
350,500,2347,2468,4815
350,510,2501,2635,5136
350,520,2669,2818,5487
350,530,2853,3001,5854
350,540,2991,3146,6137
350,550,3135,3298,6433
350,560,3297,3455,6752
350,570,3440,3624,7064
350,580,3593,3768,7361
350,590,3755,3947,7702
350,600,3896,4107,8003
350,610,4031,4274,8305
350,620,4201,4438,8639
350,630,4348,4609,8957
350,640,4500,4762,9262
350,650,4645,4934,9579
350,660,4796,5064,9860
350,670,4949,5214,10163
350,680,5084,5371,10455
350,690,5226,5541,10767
350,700,5377,5690,11067
350,710,5555,5846,11401
350,720,5731,5998,11729
350,730,5877,6138,12015
350,740,6026,6269,12295
350,750,6199,6408,12607
350,760,6351,6584,12935
350,770,6488,6751,13239
350,780,6631,6906,13537
350,790,6764,7068,13832
350,800,6910,7236,14146
350,810,7062,7373,14435
350,820,7217,7535,14752
350,830,7381,7705,15086
350,840,7527,7842,15369
350,850,7681,7995,15676
350,860,7830,8157,15987
350,870,7976,8310,16286
350,880,8133,8481,16614
350,890,8287,8631,16918
350,900,8421,8782,17203
350,910,8549,8935,17484
350,920,8691,9093,17784
350,930,8831,9252,18083
350,940,8980,9410,18390
350,950,9136,9563,18699
350,960,9279,9707,18986
350,970,9418,9872,19290
350,980,9565,10057,19622
350,990,9721,10227,19948
350,1000,9860,10379,20239
350,1010,10024,10531,20555
350,1020,10171,10670,20841
350,1030,10312,10839,21151
350,1040,10432,10993,21425
350,1050,10559,11150,21709
350,1060,10702,11310,22012
350,1070,10847,11464,22311
350,1080,10979,11623,22602
350,1090,11154,11771,22925
350,1100,11297,11924,23221
350,1110,11445,12063,23508
350,1120,11583,12209,23792
350,1130,11737,12368,24105
350,1140,11878,12517,24395
350,1150,12015,12692,24707
350,1160,12157,12835,24992
350,1170,12315,12989,25304
350,1180,12466,13129,25595
350,1190,12633,13282,25915
350,1200,12774,13446,26220
350,1210,12921,13632,26553
350,1220,13080,13787,26867
350,1230,13249,13948,27197
350,1240,13407,14082,27489
350,1250,13564,14243,27807
350,1260,13670,14419,28089
350,1270,13821,14603,28424
350,1280,13964,14769,28733
350,1290,14114,14926,29040
350,1300,14260,15068,29328
350,1310,14430,15228,29658
350,1320,14563,15375,29938
350,1330,14703,15517,30220
350,1340,14858,15659,30517
350,1350,15014,15821,30835
350,1360,15167,15970,31137
350,1370,15308,16127,31435
350,1380,15459,16288,31747
350,1390,15642,16424,32066
350,1400,15774,16587,32361
350,1410,15911,16771,32682
350,1420,16038,16923,32961
350,1430,16202,17078,33280
350,1440,16348,17232,33580
350,1450,16511,17390,33901
350,1460,16664,17513,34177
350,1470,16821,17664,34485
350,1480,16957,17809,34766
350,1490,17123,17947,35070
350,1500,17285,18094,35379
350,1510,17436,18245,35681
350,1520,17584,18415,35999
350,1530,17728,18572,36300
350,1540,17881,18712,36593
350,1550,18029,18858,36887
350,1560,18220,19035,37255
350,1570,18374,19197,37571
350,1580,18516,19356,37872
350,1590,18693,19509,38202
350,1600,18825,19659,38484
350,1610,18967,19818,38785
350,1620,19128,19992,39120
350,1630,19290,20147,39437
350,1640,19438,20274,39712
350,1650,19582,20417,39999
350,1660,19727,20566,40293
350,1670,19880,20695,40575
350,1680,19999,20854,40853
350,1690,20124,21010,41134
350,1700,20281,21171,41452
350,1710,20407,21328,41735
350,1720,20561,21466,42027
350,1730,20721,21627,42348
350,1740,20860,21787,42647
350,1750,20970,21937,42907
350,1760,21083,22068,43151
350,1770,21197,22192,43389
350,1780,21324,22335,43659
350,1790,21458,22459,43917
350,1800,21603,22581,44184
350,1810,21718,22707,44425
350,1820,21825,22830,44655
350,1830,21961,22958,44919
350,1840,22093,23084,45177
350,1850,22214,23198,45412
350,1860,22329,23284,45613
350,1870,22453,23415,45868
350,1880,22591,23531,46122
350,1890,22728,23660,46388
350,1900,22832,23790,46622
350,1910,22934,23906,46840
350,1920,23034,24034,47068
350,1930,23127,24154,47281
350,1940,23231,24305,47536
350,1950,23349,24449,47798
350,1960,23479,24578,48057
350,1970,23588,24694,48282
350,1980,23713,24814,48527
350,1990,23816,24919,48735
360,360,17,14,31
360,370,153,203,356
360,380,303,366,669
360,390,451,536,987
360,400,619,688,1307
360,410,774,855,1629
360,420,932,1011,1943
360,430,1082,1185,2267
360,440,1260,1337,2597
360,450,1408,1506,2914
360,460,1564,1651,3215
360,470,1723,1824,3547
360,480,1902,1959,3861
360,490,2052,2127,4179
360,500,2201,2293,4494
360,510,2355,2460,4815
360,520,2523,2643,5166
360,530,2707,2826,5533
360,540,2845,2971,5816
360,550,2989,3123,6112
360,560,3151,3280,6431
360,570,3294,3449,6743
360,580,3447,3593,7040
360,590,3609,3772,7381
360,600,3750,3932,7682
360,610,3885,4099,7984
360,620,4055,4263,8318
360,630,4202,4434,8636
360,640,4354,4587,8941
360,650,4499,4759,9258
360,660,4650,4889,9539
360,670,4803,5039,9842
360,680,4938,5196,10134
360,690,5080,5366,10446
360,700,5231,5515,10746
360,710,5409,5671,11080
360,720,5585,5823,11408
360,730,5731,5963,11694
360,740,5880,6094,11974
360,750,6053,6233,12286
360,760,6205,6409,12614
360,770,6342,6576,12918
360,780,6485,6731,13216
360,790,6618,6893,13511
360,800,6764,7061,13825
360,810,6916,7198,14114
360,820,7071,7360,14431
360,830,7235,7530,14765
360,840,7381,7667,15048
360,850,7535,7820,15355
360,860,7684,7982,15666
360,870,7830,8135,15965
360,880,7987,8306,16293
360,890,8141,8456,16597
360,900,8275,8607,16882
360,910,8403,8760,17163
360,920,8545,8918,17463
360,930,8685,9077,17762
360,940,8834,9235,18069
360,950,8990,9388,18378
360,960,9133,9532,18665
360,970,9272,9697,18969
360,980,9419,9882,19301
360,990,9575,10052,19627
360,1000,9714,10204,19918
360,1010,9878,10356,20234
360,1020,10025,10495,20520
360,1030,10166,10664,20830
360,1040,10286,10818,21104
360,1050,10413,10975,21388
360,1060,10556,11135,21691
360,1070,10701,11289,21990
360,1080,10833,11448,22281
360,1090,11008,11596,22604
360,1100,11151,11749,22900
360,1110,11299,11888,23187
360,1120,11437,12034,23471
360,1130,11591,12193,23784
360,1140,11732,12342,24074
360,1150,11869,12517,24386
360,1160,12011,12660,24671
360,1170,12169,12814,24983
360,1180,12320,12954,25274
360,1190,12487,13107,25594
360,1200,12628,13271,25899
360,1210,12775,13457,26232
360,1220,12934,13612,26546
360,1230,13103,13773,26876
360,1240,13261,13907,27168
360,1250,13418,14068,27486
360,1260,13524,14244,27768
360,1270,13675,14428,28103
360,1280,13818,14594,28412
360,1290,13968,14751,28719
360,1300,14114,14893,29007
360,1310,14284,15053,29337
360,1320,14417,15200,29617
360,1330,14557,15342,29899
360,1340,14712,15484,30196
360,1350,14868,15646,30514
360,1360,15021,15795,30816
360,1370,15162,15952,31114
360,1380,15313,16113,31426
360,1390,15496,16249,31745
360,1400,15628,16412,32040
360,1410,15765,16596,32361
360,1420,15892,16748,32640
360,1430,16056,16903,32959
360,1440,16202,17057,33259
360,1450,16365,17215,33580
360,1460,16518,17338,33856
360,1470,16675,17489,34164
360,1480,16811,17634,34445
360,1490,16977,17772,34749
360,1500,17139,17919,35058
360,1510,17290,18070,35360
360,1520,17438,18240,35678
360,1530,17582,18397,35979
360,1540,17735,18537,36272
360,1550,17883,18683,36566
360,1560,18074,18860,36934
360,1570,18228,19022,37250
360,1580,18370,19181,37551
360,1590,18547,19334,37881
360,1600,18679,19484,38163
360,1610,18821,19643,38464
360,1620,18982,19817,38799
360,1630,19144,19972,39116
360,1640,19292,20099,39391
360,1650,19436,20242,39678
360,1660,19581,20391,39972
360,1670,19734,20520,40254
360,1680,19853,20679,40532
360,1690,19978,20835,40813
360,1700,20135,20996,41131
360,1710,20261,21153,41414
360,1720,20415,21291,41706
360,1730,20575,21452,42027
360,1740,20714,21612,42326
360,1750,20824,21762,42586
360,1760,20937,21893,42830
360,1770,21051,22017,43068
360,1780,21178,22160,43338
360,1790,21312,22284,43596
360,1800,21457,22406,43863
360,1810,21572,22532,44104
360,1820,21679,22655,44334
360,1830,21815,22783,44598
360,1840,21947,22909,44856
360,1850,22068,23023,45091
360,1860,22183,23109,45292
360,1870,22307,23240,45547
360,1880,22445,23356,45801
360,1890,22582,23485,46067
360,1900,22686,23615,46301
360,1910,22788,23731,46519
360,1920,22888,23859,46747
360,1930,22981,23979,46960
360,1940,23085,24130,47215
360,1950,23203,24274,47477
360,1960,23333,24403,47736
360,1970,23442,24519,47961
360,1980,23567,24639,48206
360,1990,23670,24744,48414
370,370,6,25,31
370,380,156,188,344
370,390,304,358,662
370,400,472,510,982
370,410,627,677,1304
370,420,785,833,1618
370,430,935,1007,1942
370,440,1113,1159,2272
370,450,1261,1328,2589
370,460,1417,1473,2890
370,470,1576,1646,3222
370,480,1755,1781,3536
370,490,1905,1949,3854
370,500,2054,2115,4169
370,510,2208,2282,4490
370,520,2376,2465,4841
370,530,2560,2648,5208
370,540,2698,2793,5491
370,550,2842,2945,5787
370,560,3004,3102,6106
370,570,3147,3271,6418
370,580,3300,3415,6715
370,590,3462,3594,7056
370,600,3603,3754,7357
370,610,3738,3921,7659
370,620,3908,4085,7993
370,630,4055,4256,8311
370,640,4207,4409,8616
370,650,4352,4581,8933
370,660,4503,4711,9214
370,670,4656,4861,9517
370,680,4791,5018,9809
370,690,4933,5188,10121
370,700,5084,5337,10421
370,710,5262,5493,10755
370,720,5438,5645,11083
370,730,5584,5785,11369
370,740,5733,5916,11649
370,750,5906,6055,11961
370,760,6058,6231,12289
370,770,6195,6398,12593
370,780,6338,6553,12891
370,790,6471,6715,13186
370,800,6617,6883,13500
370,810,6769,7020,13789
370,820,6924,7182,14106
370,830,7088,7352,14440
370,840,7234,7489,14723
370,850,7388,7642,15030
370,860,7537,7804,15341
370,870,7683,7957,15640
370,880,7840,8128,15968
370,890,7994,8278,16272
370,900,8128,8429,16557
370,910,8256,8582,16838
370,920,8398,8740,17138
370,930,8538,8899,17437
370,940,8687,9057,17744
370,950,8843,9210,18053
370,960,8986,9354,18340
370,970,9125,9519,18644
370,980,9272,9704,18976
370,990,9428,9874,19302
370,1000,9567,10026,19593
370,1010,9731,10178,19909
370,1020,9878,10317,20195
370,1030,10019,10486,20505
370,1040,10139,10640,20779
370,1050,10266,10797,21063
370,1060,10409,10957,21366
370,1070,10554,11111,21665
370,1080,10686,11270,21956
370,1090,10861,11418,22279
370,1100,11004,11571,22575
370,1110,11152,11710,22862
370,1120,11290,11856,23146
370,1130,11444,12015,23459
370,1140,11585,12164,23749
370,1150,11722,12339,24061
370,1160,11864,12482,24346
370,1170,12022,12636,24658
370,1180,12173,12776,24949
370,1190,12340,12929,25269
370,1200,12481,13093,25574
370,1210,12628,13279,25907
370,1220,12787,13434,26221
370,1230,12956,13595,26551
370,1240,13114,13729,26843
370,1250,13271,13890,27161
370,1260,13377,14066,27443
370,1270,13528,14250,27778
370,1280,13671,14416,28087
370,1290,13821,14573,28394
370,1300,13967,14715,28682
370,1310,14137,14875,29012
370,1320,14270,15022,29292
370,1330,14410,15164,29574
370,1340,14565,15306,29871
370,1350,14721,15468,30189
370,1360,14874,15617,30491
370,1370,15015,15774,30789
370,1380,15166,15935,31101
370,1390,15349,16071,31420
370,1400,15481,16234,31715
370,1410,15618,16418,32036
370,1420,15745,16570,32315
370,1430,15909,16725,32634
370,1440,16055,16879,32934
370,1450,16218,17037,33255
370,1460,16371,17160,33531
370,1470,16528,17311,33839
370,1480,16664,17456,34120
370,1490,16830,17594,34424
370,1500,16992,17741,34733
370,1510,17143,17892,35035
370,1520,17291,18062,35353
370,1530,17435,18219,35654
370,1540,17588,18359,35947
370,1550,17736,18505,36241
370,1560,17927,18682,36609
370,1570,18081,18844,36925
370,1580,18223,19003,37226
370,1590,18400,19156,37556
370,1600,18532,19306,37838
370,1610,18674,19465,38139
370,1620,18835,19639,38474
370,1630,18997,19794,38791
370,1640,19145,19921,39066
370,1650,19289,20064,39353
370,1660,19434,20213,39647
370,1670,19587,20342,39929
370,1680,19706,20501,40207
370,1690,19831,20657,40488
370,1700,19988,20818,40806
370,1710,20114,20975,41089
370,1720,20268,21113,41381
370,1730,20428,21274,41702
370,1740,20567,21434,42001
370,1750,20677,21584,42261
370,1760,20790,21715,42505
370,1770,20904,21839,42743
370,1780,21031,21982,43013
370,1790,21165,22106,43271
370,1800,21310,22228,43538
370,1810,21425,22354,43779
370,1820,21532,22477,44009
370,1830,21668,22605,44273
370,1840,21800,22731,44531
370,1850,21921,22845,44766
370,1860,22036,22931,44967
370,1870,22160,23062,45222
370,1880,22298,23178,45476
370,1890,22435,23307,45742
370,1900,22539,23437,45976
370,1910,22641,23553,46194
370,1920,22741,23681,46422
370,1930,22834,23801,46635
370,1940,22938,23952,46890
370,1950,23056,24096,47152
370,1960,23186,24225,47411
370,1970,23295,24341,47636
370,1980,23420,24461,47881
370,1990,23523,24566,48089
380,380,12,18,30
380,390,160,188,348
380,400,328,340,668
380,410,483,507,990
380,420,641,663,1304
380,430,791,837,1628
380,440,969,989,1958
380,450,1117,1158,2275
380,460,1273,1303,2576
380,470,1432,1476,2908
380,480,1611,1611,3222
380,490,1761,1779,3540
380,500,1910,1945,3855
380,510,2064,2112,4176
380,520,2232,2295,4527
380,530,2416,2478,4894
380,540,2554,2623,5177
380,550,2698,2775,5473
380,560,2860,2932,5792
380,570,3003,3101,6104
380,580,3156,3245,6401
380,590,3318,3424,6742
380,600,3459,3584,7043
380,610,3594,3751,7345
380,620,3764,3915,7679
380,630,3911,4086,7997
380,640,4063,4239,8302
380,650,4208,4411,8619
380,660,4359,4541,8900
380,670,4512,4691,9203
380,680,4647,4848,9495
380,690,4789,5018,9807
380,700,4940,5167,10107
380,710,5118,5323,10441
380,720,5294,5475,10769
380,730,5440,5615,11055
380,740,5589,5746,11335
380,750,5762,5885,11647
380,760,5914,6061,11975
380,770,6051,6228,12279
380,780,6194,6383,12577
380,790,6327,6545,12872
380,800,6473,6713,13186
380,810,6625,6850,13475
380,820,6780,7012,13792
380,830,6944,7182,14126
380,840,7090,7319,14409
380,850,7244,7472,14716
380,860,7393,7634,15027
380,870,7539,7787,15326
380,880,7696,7958,15654
380,890,7850,8108,15958
380,900,7984,8259,16243
380,910,8112,8412,16524
380,920,8254,8570,16824
380,930,8394,8729,17123
380,940,8543,8887,17430
380,950,8699,9040,17739
380,960,8842,9184,18026
380,970,8981,9349,18330
380,980,9128,9534,18662
380,990,9284,9704,18988
380,1000,9423,9856,19279
380,1010,9587,10008,19595
380,1020,9734,10147,19881
380,1030,9875,10316,20191
380,1040,9995,10470,20465
380,1050,10122,10627,20749
380,1060,10265,10787,21052
380,1070,10410,10941,21351
380,1080,10542,11100,21642
380,1090,10717,11248,21965
380,1100,10860,11401,22261
380,1110,11008,11540,22548
380,1120,11146,11686,22832
380,1130,11300,11845,23145
380,1140,11441,11994,23435
380,1150,11578,12169,23747
380,1160,11720,12312,24032
380,1170,11878,12466,24344
380,1180,12029,12606,24635
380,1190,12196,12759,24955
380,1200,12337,12923,25260
380,1210,12484,13109,25593
380,1220,12643,13264,25907
380,1230,12812,13425,26237
380,1240,12970,13559,26529
380,1250,13127,13720,26847
380,1260,13233,13896,27129
380,1270,13384,14080,27464
380,1280,13527,14246,27773
380,1290,13677,14403,28080
380,1300,13823,14545,28368
380,1310,13993,14705,28698
380,1320,14126,14852,28978
380,1330,14266,14994,29260
380,1340,14421,15136,29557
380,1350,14577,15298,29875
380,1360,14730,15447,30177
380,1370,14871,15604,30475
380,1380,15022,15765,30787
380,1390,15205,15901,31106
380,1400,15337,16064,31401
380,1410,15474,16248,31722
380,1420,15601,16400,32001
380,1430,15765,16555,32320
380,1440,15911,16709,32620
380,1450,16074,16867,32941
380,1460,16227,16990,33217
380,1470,16384,17141,33525
380,1480,16520,17286,33806
380,1490,16686,17424,34110
380,1500,16848,17571,34419
380,1510,16999,17722,34721
380,1520,17147,17892,35039
380,1530,17291,18049,35340
380,1540,17444,18189,35633
380,1550,17592,18335,35927
380,1560,17783,18512,36295
380,1570,17937,18674,36611
380,1580,18079,18833,36912
380,1590,18256,18986,37242
380,1600,18388,19136,37524
380,1610,18530,19295,37825
380,1620,18691,19469,38160
380,1630,18853,19624,38477
380,1640,19001,19751,38752
380,1650,19145,19894,39039
380,1660,19290,20043,39333
380,1670,19443,20172,39615
380,1680,19562,20331,39893
380,1690,19687,20487,40174
380,1700,19844,20648,40492
380,1710,19970,20805,40775
380,1720,20124,20943,41067
380,1730,20284,21104,41388
380,1740,20423,21264,41687
380,1750,20533,21414,41947
380,1760,20646,21545,42191
380,1770,20760,21669,42429
380,1780,20887,21812,42699
380,1790,21021,21936,42957
380,1800,21166,22058,43224
380,1810,21281,22184,43465
380,1820,21388,22307,43695
380,1830,21524,22435,43959
380,1840,21656,22561,44217
380,1850,21777,22675,44452
380,1860,21892,22761,44653
380,1870,22016,22892,44908
380,1880,22154,23008,45162
380,1890,22291,23137,45428
380,1900,22395,23267,45662
380,1910,22497,23383,45880
380,1920,22597,23511,46108
380,1930,22690,23631,46321
380,1940,22794,23782,46576
380,1950,22912,23926,46838
380,1960,23042,24055,47097
380,1970,23151,24171,47322
380,1980,23276,24291,47567
380,1990,23379,24396,47775
390,390,21,17,38
390,400,189,169,358
390,410,344,336,680
390,420,502,492,994
390,430,652,666,1318
390,440,830,818,1648
390,450,978,987,1965
390,460,1134,1132,2266
390,470,1293,1305,2598
390,480,1472,1440,2912
390,490,1622,1608,3230
390,500,1771,1774,3545
390,510,1925,1941,3866
390,520,2093,2124,4217
390,530,2277,2307,4584
390,540,2415,2452,4867
390,550,2559,2604,5163
390,560,2721,2761,5482
390,570,2864,2930,5794
390,580,3017,3074,6091
390,590,3179,3253,6432
390,600,3320,3413,6733
390,610,3455,3580,7035
390,620,3625,3744,7369
390,630,3772,3915,7687
390,640,3924,4068,7992
390,650,4069,4240,8309
390,660,4220,4370,8590
390,670,4373,4520,8893
390,680,4508,4677,9185
390,690,4650,4847,9497
390,700,4801,4996,9797
390,710,4979,5152,10131
390,720,5155,5304,10459
390,730,5301,5444,10745
390,740,5450,5575,11025
390,750,5623,5714,11337
390,760,5775,5890,11665
390,770,5912,6057,11969
390,780,6055,6212,12267
390,790,6188,6374,12562
390,800,6334,6542,12876
390,810,6486,6679,13165
390,820,6641,6841,13482
390,830,6805,7011,13816
390,840,6951,7148,14099
390,850,7105,7301,14406
390,860,7254,7463,14717
390,870,7400,7616,15016
390,880,7557,7787,15344
390,890,7711,7937,15648
390,900,7845,8088,15933
390,910,7973,8241,16214
390,920,8115,8399,16514
390,930,8255,8558,16813
390,940,8404,8716,17120
390,950,8560,8869,17429
390,960,8703,9013,17716
390,970,8842,9178,18020
390,980,8989,9363,18352
390,990,9145,9533,18678
390,1000,9284,9685,18969
390,1010,9448,9837,19285
390,1020,9595,9976,19571
390,1030,9736,10145,19881
390,1040,9856,10299,20155
390,1050,9983,10456,20439
390,1060,10126,10616,20742
390,1070,10271,10770,21041
390,1080,10403,10929,21332
390,1090,10578,11077,21655
390,1100,10721,11230,21951
390,1110,10869,11369,22238
390,1120,11007,11515,22522
390,1130,11161,11674,22835
390,1140,11302,11823,23125
390,1150,11439,11998,23437
390,1160,11581,12141,23722
390,1170,11739,12295,24034
390,1180,11890,12435,24325
390,1190,12057,12588,24645
390,1200,12198,12752,24950
390,1210,12345,12938,25283
390,1220,12504,13093,25597
390,1230,12673,13254,25927
390,1240,12831,13388,26219
390,1250,12988,13549,26537
390,1260,13094,13725,26819
390,1270,13245,13909,27154
390,1280,13388,14075,27463
390,1290,13538,14232,27770
390,1300,13684,14374,28058
390,1310,13854,14534,28388
390,1320,13987,14681,28668
390,1330,14127,14823,28950
390,1340,14282,14965,29247
390,1350,14438,15127,29565
390,1360,14591,15276,29867
390,1370,14732,15433,30165
390,1380,14883,15594,30477
390,1390,15066,15730,30796
390,1400,15198,15893,31091
390,1410,15335,16077,31412
390,1420,15462,16229,31691
390,1430,15626,16384,32010
390,1440,15772,16538,32310
390,1450,15935,16696,32631
390,1460,16088,16819,32907
390,1470,16245,16970,33215
390,1480,16381,17115,33496
390,1490,16547,17253,33800
390,1500,16709,17400,34109
390,1510,16860,17551,34411
390,1520,17008,17721,34729
390,1530,17152,17878,35030
390,1540,17305,18018,35323
390,1550,17453,18164,35617
390,1560,17644,18341,35985
390,1570,17798,18503,36301
390,1580,17940,18662,36602
390,1590,18117,18815,36932
390,1600,18249,18965,37214
390,1610,18391,19124,37515
390,1620,18552,19298,37850
390,1630,18714,19453,38167
390,1640,18862,19580,38442
390,1650,19006,19723,38729
390,1660,19151,19872,39023
390,1670,19304,20001,39305
390,1680,19423,20160,39583
390,1690,19548,20316,39864
390,1700,19705,20477,40182
390,1710,19831,20634,40465
390,1720,19985,20772,40757
390,1730,20145,20933,41078
390,1740,20284,21093,41377
390,1750,20394,21243,41637
390,1760,20507,21374,41881
390,1770,20621,21498,42119
390,1780,20748,21641,42389
390,1790,20882,21765,42647
390,1800,21027,21887,42914
390,1810,21142,22013,43155
390,1820,21249,22136,43385
390,1830,21385,22264,43649
390,1840,21517,22390,43907
390,1850,21638,22504,44142
390,1860,21753,22590,44343
390,1870,21877,22721,44598
390,1880,22015,22837,44852
390,1890,22152,22966,45118
390,1900,22256,23096,45352
390,1910,22358,23212,45570
390,1920,22458,23340,45798
390,1930,22551,23460,46011
390,1940,22655,23611,46266
390,1950,22773,23755,46528
390,1960,22903,23884,46787
390,1970,23012,24000,47012
390,1980,23137,24120,47257
390,1990,23240,24225,47465
400,400,17,17,34
400,410,172,184,356
400,420,330,340,670
400,430,480,514,994
400,440,658,666,1324
400,450,806,835,1641
400,460,962,980,1942
400,470,1121,1153,2274
400,480,1300,1288,2588
400,490,1450,1456,2906
400,500,1599,1622,3221
400,510,1753,1789,3542
400,520,1921,1972,3893
400,530,2105,2155,4260
400,540,2243,2300,4543
400,550,2387,2452,4839
400,560,2549,2609,5158
400,570,2692,2778,5470
400,580,2845,2922,5767
400,590,3007,3101,6108
400,600,3148,3261,6409
400,610,3283,3428,6711
400,620,3453,3592,7045
400,630,3600,3763,7363
400,640,3752,3916,7668
400,650,3897,4088,7985
400,660,4048,4218,8266
400,670,4201,4368,8569
400,680,4336,4525,8861
400,690,4478,4695,9173
400,700,4629,4844,9473
400,710,4807,5000,9807
400,720,4983,5152,10135
400,730,5129,5292,10421
400,740,5278,5423,10701
400,750,5451,5562,11013
400,760,5603,5738,11341
400,770,5740,5905,11645
400,780,5883,6060,11943
400,790,6016,6222,12238
400,800,6162,6390,12552
400,810,6314,6527,12841
400,820,6469,6689,13158
400,830,6633,6859,13492
400,840,6779,6996,13775
400,850,6933,7149,14082
400,860,7082,7311,14393
400,870,7228,7464,14692
400,880,7385,7635,15020
400,890,7539,7785,15324
400,900,7673,7936,15609
400,910,7801,8089,15890
400,920,7943,8247,16190
400,930,8083,8406,16489
400,940,8232,8564,16796
400,950,8388,8717,17105
400,960,8531,8861,17392
400,970,8670,9026,17696
400,980,8817,9211,18028
400,990,8973,9381,18354
400,1000,9112,9533,18645
400,1010,9276,9685,18961
400,1020,9423,9824,19247
400,1030,9564,9993,19557
400,1040,9684,10147,19831
400,1050,9811,10304,20115
400,1060,9954,10464,20418
400,1070,10099,10618,20717
400,1080,10231,10777,21008
400,1090,10406,10925,21331
400,1100,10549,11078,21627
400,1110,10697,11217,21914
400,1120,10835,11363,22198
400,1130,10989,11522,22511
400,1140,11130,11671,22801
400,1150,11267,11846,23113
400,1160,11409,11989,23398
400,1170,11567,12143,23710
400,1180,11718,12283,24001
400,1190,11885,12436,24321
400,1200,12026,12600,24626
400,1210,12173,12786,24959
400,1220,12332,12941,25273
400,1230,12501,13102,25603
400,1240,12659,13236,25895
400,1250,12816,13397,26213
400,1260,12922,13573,26495
400,1270,13073,13757,26830
400,1280,13216,13923,27139
400,1290,13366,14080,27446
400,1300,13512,14222,27734
400,1310,13682,14382,28064
400,1320,13815,14529,28344
400,1330,13955,14671,28626
400,1340,14110,14813,28923
400,1350,14266,14975,29241
400,1360,14419,15124,29543
400,1370,14560,15281,29841
400,1380,14711,15442,30153
400,1390,14894,15578,30472
400,1400,15026,15741,30767
400,1410,15163,15925,31088
400,1420,15290,16077,31367
400,1430,15454,16232,31686
400,1440,15600,16386,31986
400,1450,15763,16544,32307
400,1460,15916,16667,32583
400,1470,16073,16818,32891
400,1480,16209,16963,33172
400,1490,16375,17101,33476
400,1500,16537,17248,33785
400,1510,16688,17399,34087
400,1520,16836,17569,34405
400,1530,16980,17726,34706
400,1540,17133,17866,34999
400,1550,17281,18012,35293
400,1560,17472,18189,35661
400,1570,17626,18351,35977
400,1580,17768,18510,36278
400,1590,17945,18663,36608
400,1600,18077,18813,36890
400,1610,18219,18972,37191
400,1620,18380,19146,37526
400,1630,18542,19301,37843
400,1640,18690,19428,38118
400,1650,18834,19571,38405
400,1660,18979,19720,38699
400,1670,19132,19849,38981
400,1680,19251,20008,39259
400,1690,19376,20164,39540
400,1700,19533,20325,39858
400,1710,19659,20482,40141
400,1720,19813,20620,40433
400,1730,19973,20781,40754
400,1740,20112,20941,41053
400,1750,20222,21091,41313
400,1760,20335,21222,41557
400,1770,20449,21346,41795
400,1780,20576,21489,42065
400,1790,20710,21613,42323
400,1800,20855,21735,42590
400,1810,20970,21861,42831
400,1820,21077,21984,43061
400,1830,21213,22112,43325
400,1840,21345,22238,43583
400,1850,21466,22352,43818
400,1860,21581,22438,44019
400,1870,21705,22569,44274
400,1880,21843,22685,44528
400,1890,21980,22814,44794
400,1900,22084,22944,45028
400,1910,22186,23060,45246
400,1920,22286,23188,45474
400,1930,22379,23308,45687
400,1940,22483,23459,45942
400,1950,22601,23603,46204
400,1960,22731,23732,46463
400,1970,22840,23848,46688
400,1980,22965,23968,46933
400,1990,23068,24073,47141
410,410,14,18,32
410,420,172,174,346
410,430,322,348,670
410,440,500,500,1000
410,450,648,669,1317
410,460,804,814,1618
410,470,963,987,1950
410,480,1142,1122,2264
410,490,1292,1290,2582
410,500,1441,1456,2897
410,510,1595,1623,3218
410,520,1763,1806,3569
410,530,1947,1989,3936
410,540,2085,2134,4219
410,550,2229,2286,4515
410,560,2391,2443,4834
410,570,2534,2612,5146
410,580,2687,2756,5443
410,590,2849,2935,5784
410,600,2990,3095,6085
410,610,3125,3262,6387
410,620,3295,3426,6721
410,630,3442,3597,7039
410,640,3594,3750,7344
410,650,3739,3922,7661
410,660,3890,4052,7942
410,670,4043,4202,8245
410,680,4178,4359,8537
410,690,4320,4529,8849
410,700,4471,4678,9149
410,710,4649,4834,9483
410,720,4825,4986,9811
410,730,4971,5126,10097
410,740,5120,5257,10377
410,750,5293,5396,10689
410,760,5445,5572,11017
410,770,5582,5739,11321
410,780,5725,5894,11619
410,790,5858,6056,11914
410,800,6004,6224,12228
410,810,6156,6361,12517
410,820,6311,6523,12834
410,830,6475,6693,13168
410,840,6621,6830,13451
410,850,6775,6983,13758
410,860,6924,7145,14069
410,870,7070,7298,14368
410,880,7227,7469,14696
410,890,7381,7619,15000
410,900,7515,7770,15285
410,910,7643,7923,15566
410,920,7785,8081,15866
410,930,7925,8240,16165
410,940,8074,8398,16472
410,950,8230,8551,16781
410,960,8373,8695,17068
410,970,8512,8860,17372
410,980,8659,9045,17704
410,990,8815,9215,18030
410,1000,8954,9367,18321
410,1010,9118,9519,18637
410,1020,9265,9658,18923
410,1030,9406,9827,19233
410,1040,9526,9981,19507
410,1050,9653,10138,19791
410,1060,9796,10298,20094
410,1070,9941,10452,20393
410,1080,10073,10611,20684
410,1090,10248,10759,21007
410,1100,10391,10912,21303
410,1110,10539,11051,21590
410,1120,10677,11197,21874
410,1130,10831,11356,22187
410,1140,10972,11505,22477
410,1150,11109,11680,22789
410,1160,11251,11823,23074
410,1170,11409,11977,23386
410,1180,11560,12117,23677
410,1190,11727,12270,23997
410,1200,11868,12434,24302
410,1210,12015,12620,24635
410,1220,12174,12775,24949
410,1230,12343,12936,25279
410,1240,12501,13070,25571
410,1250,12658,13231,25889
410,1260,12764,13407,26171
410,1270,12915,13591,26506
410,1280,13058,13757,26815
410,1290,13208,13914,27122
410,1300,13354,14056,27410
410,1310,13524,14216,27740
410,1320,13657,14363,28020
410,1330,13797,14505,28302
410,1340,13952,14647,28599
410,1350,14108,14809,28917
410,1360,14261,14958,29219
410,1370,14402,15115,29517
410,1380,14553,15276,29829
410,1390,14736,15412,30148
410,1400,14868,15575,30443
410,1410,15005,15759,30764
410,1420,15132,15911,31043
410,1430,15296,16066,31362
410,1440,15442,16220,31662
410,1450,15605,16378,31983
410,1460,15758,16501,32259
410,1470,15915,16652,32567
410,1480,16051,16797,32848
410,1490,16217,16935,33152
410,1500,16379,17082,33461
410,1510,16530,17233,33763
410,1520,16678,17403,34081
410,1530,16822,17560,34382
410,1540,16975,17700,34675
410,1550,17123,17846,34969
410,1560,17314,18023,35337
410,1570,17468,18185,35653
410,1580,17610,18344,35954
410,1590,17787,18497,36284
410,1600,17919,18647,36566
410,1610,18061,18806,36867
410,1620,18222,18980,37202
410,1630,18384,19135,37519
410,1640,18532,19262,37794
410,1650,18676,19405,38081
410,1660,18821,19554,38375
410,1670,18974,19683,38657
410,1680,19093,19842,38935
410,1690,19218,19998,39216
410,1700,19375,20159,39534
410,1710,19501,20316,39817
410,1720,19655,20454,40109
410,1730,19815,20615,40430
410,1740,19954,20775,40729
410,1750,20064,20925,40989
410,1760,20177,21056,41233
410,1770,20291,21180,41471
410,1780,20418,21323,41741
410,1790,20552,21447,41999
410,1800,20697,21569,42266
410,1810,20812,21695,42507
410,1820,20919,21818,42737
410,1830,21055,21946,43001
410,1840,21187,22072,43259
410,1850,21308,22186,43494
410,1860,21423,22272,43695
410,1870,21547,22403,43950
410,1880,21685,22519,44204
410,1890,21822,22648,44470
410,1900,21926,22778,44704
410,1910,22028,22894,44922
410,1920,22128,23022,45150
410,1930,22221,23142,45363
410,1940,22325,23293,45618
410,1950,22443,23437,45880
410,1960,22573,23566,46139
410,1970,22682,23682,46364
410,1980,22807,23802,46609
410,1990,22910,23907,46817
420,420,19,21,40
420,430,169,195,364
420,440,347,347,694
420,450,495,516,1011
420,460,651,661,1312
420,470,810,834,1644
420,480,989,969,1958
420,490,1139,1137,2276
420,500,1288,1303,2591
420,510,1442,1470,2912
420,520,1610,1653,3263
420,530,1794,1836,3630
420,540,1932,1981,3913
420,550,2076,2133,4209
420,560,2238,2290,4528
420,570,2381,2459,4840
420,580,2534,2603,5137
420,590,2696,2782,5478
420,600,2837,2942,5779
420,610,2972,3109,6081
420,620,3142,3273,6415
420,630,3289,3444,6733
420,640,3441,3597,7038
420,650,3586,3769,7355
420,660,3737,3899,7636
420,670,3890,4049,7939
420,680,4025,4206,8231
420,690,4167,4376,8543
420,700,4318,4525,8843
420,710,4496,4681,9177
420,720,4672,4833,9505
420,730,4818,4973,9791
420,740,4967,5104,10071
420,750,5140,5243,10383
420,760,5292,5419,10711
420,770,5429,5586,11015
420,780,5572,5741,11313
420,790,5705,5903,11608
420,800,5851,6071,11922
420,810,6003,6208,12211
420,820,6158,6370,12528
420,830,6322,6540,12862
420,840,6468,6677,13145
420,850,6622,6830,13452
420,860,6771,6992,13763
420,870,6917,7145,14062
420,880,7074,7316,14390
420,890,7228,7466,14694
420,900,7362,7617,14979
420,910,7490,7770,15260
420,920,7632,7928,15560
420,930,7772,8087,15859
420,940,7921,8245,16166
420,950,8077,8398,16475
420,960,8220,8542,16762
420,970,8359,8707,17066
420,980,8506,8892,17398
420,990,8662,9062,17724
420,1000,8801,9214,18015
420,1010,8965,9366,18331
420,1020,9112,9505,18617
420,1030,9253,9674,18927
420,1040,9373,9828,19201
420,1050,9500,9985,19485
420,1060,9643,10145,19788
420,1070,9788,10299,20087
420,1080,9920,10458,20378
420,1090,10095,10606,20701
420,1100,10238,10759,20997
420,1110,10386,10898,21284
420,1120,10524,11044,21568
420,1130,10678,11203,21881
420,1140,10819,11352,22171
420,1150,10956,11527,22483
420,1160,11098,11670,22768
420,1170,11256,11824,23080
420,1180,11407,11964,23371
420,1190,11574,12117,23691
420,1200,11715,12281,23996
420,1210,11862,12467,24329
420,1220,12021,12622,24643
420,1230,12190,12783,24973
420,1240,12348,12917,25265
420,1250,12505,13078,25583
420,1260,12611,13254,25865
420,1270,12762,13438,26200
420,1280,12905,13604,26509
420,1290,13055,13761,26816
420,1300,13201,13903,27104
420,1310,13371,14063,27434
420,1320,13504,14210,27714
420,1330,13644,14352,27996
420,1340,13799,14494,28293
420,1350,13955,14656,28611
420,1360,14108,14805,28913
420,1370,14249,14962,29211
420,1380,14400,15123,29523
420,1390,14583,15259,29842
420,1400,14715,15422,30137
420,1410,14852,15606,30458
420,1420,14979,15758,30737
420,1430,15143,15913,31056
420,1440,15289,16067,31356
420,1450,15452,16225,31677
420,1460,15605,16348,31953
420,1470,15762,16499,32261
420,1480,15898,16644,32542
420,1490,16064,16782,32846
420,1500,16226,16929,33155
420,1510,16377,17080,33457
420,1520,16525,17250,33775
420,1530,16669,17407,34076
420,1540,16822,17547,34369
420,1550,16970,17693,34663
420,1560,17161,17870,35031
420,1570,17315,18032,35347
420,1580,17457,18191,35648
420,1590,17634,18344,35978
420,1600,17766,18494,36260
420,1610,17908,18653,36561
420,1620,18069,18827,36896
420,1630,18231,18982,37213
420,1640,18379,19109,37488
420,1650,18523,19252,37775
420,1660,18668,19401,38069
420,1670,18821,19530,38351
420,1680,18940,19689,38629
420,1690,19065,19845,38910
420,1700,19222,20006,39228
420,1710,19348,20163,39511
420,1720,19502,20301,39803
420,1730,19662,20462,40124
420,1740,19801,20622,40423
420,1750,19911,20772,40683
420,1760,20024,20903,40927
420,1770,20138,21027,41165
420,1780,20265,21170,41435
420,1790,20399,21294,41693
420,1800,20544,21416,41960
420,1810,20659,21542,42201
420,1820,20766,21665,42431
420,1830,20902,21793,42695
420,1840,21034,21919,42953
420,1850,21155,22033,43188
420,1860,21270,22119,43389
420,1870,21394,22250,43644
420,1880,21532,22366,43898
420,1890,21669,22495,44164
420,1900,21773,22625,44398
420,1910,21875,22741,44616
420,1920,21975,22869,44844
420,1930,22068,22989,45057
420,1940,22172,23140,45312
420,1950,22290,23284,45574
420,1960,22420,23413,45833
420,1970,22529,23529,46058
420,1980,22654,23649,46303
420,1990,22757,23754,46511
430,430,21,25,46
430,440,199,177,376
430,450,347,346,693
430,460,503,491,994
430,470,662,664,1326
430,480,841,799,1640
430,490,991,967,1958
430,500,1140,1133,2273
430,510,1294,1300,2594
430,520,1462,1483,2945
430,530,1646,1666,3312
430,540,1784,1811,3595
430,550,1928,1963,3891
430,560,2090,2120,4210
430,570,2233,2289,4522
430,580,2386,2433,4819
430,590,2548,2612,5160
430,600,2689,2772,5461
430,610,2824,2939,5763
430,620,2994,3103,6097
430,630,3141,3274,6415
430,640,3293,3427,6720
430,650,3438,3599,7037
430,660,3589,3729,7318
430,670,3742,3879,7621
430,680,3877,4036,7913
430,690,4019,4206,8225
430,700,4170,4355,8525
430,710,4348,4511,8859
430,720,4524,4663,9187
430,730,4670,4803,9473
430,740,4819,4934,9753
430,750,4992,5073,10065
430,760,5144,5249,10393
430,770,5281,5416,10697
430,780,5424,5571,10995
430,790,5557,5733,11290
430,800,5703,5901,11604
430,810,5855,6038,11893
430,820,6010,6200,12210
430,830,6174,6370,12544
430,840,6320,6507,12827
430,850,6474,6660,13134
430,860,6623,6822,13445
430,870,6769,6975,13744
430,880,6926,7146,14072
430,890,7080,7296,14376
430,900,7214,7447,14661
430,910,7342,7600,14942
430,920,7484,7758,15242
430,930,7624,7917,15541
430,940,7773,8075,15848
430,950,7929,8228,16157
430,960,8072,8372,16444
430,970,8211,8537,16748
430,980,8358,8722,17080
430,990,8514,8892,17406
430,1000,8653,9044,17697
430,1010,8817,9196,18013
430,1020,8964,9335,18299
430,1030,9105,9504,18609
430,1040,9225,9658,18883
430,1050,9352,9815,19167
430,1060,9495,9975,19470
430,1070,9640,10129,19769
430,1080,9772,10288,20060
430,1090,9947,10436,20383
430,1100,10090,10589,20679
430,1110,10238,10728,20966
430,1120,10376,10874,21250
430,1130,10530,11033,21563
430,1140,10671,11182,21853
430,1150,10808,11357,22165
430,1160,10950,11500,22450
430,1170,11108,11654,22762
430,1180,11259,11794,23053
430,1190,11426,11947,23373
430,1200,11567,12111,23678
430,1210,11714,12297,24011
430,1220,11873,12452,24325
430,1230,12042,12613,24655
430,1240,12200,12747,24947
430,1250,12357,12908,25265
430,1260,12463,13084,25547
430,1270,12614,13268,25882
430,1280,12757,13434,26191
430,1290,12907,13591,26498
430,1300,13053,13733,26786
430,1310,13223,13893,27116
430,1320,13356,14040,27396
430,1330,13496,14182,27678
430,1340,13651,14324,27975
430,1350,13807,14486,28293
430,1360,13960,14635,28595
430,1370,14101,14792,28893
430,1380,14252,14953,29205
430,1390,14435,15089,29524
430,1400,14567,15252,29819
430,1410,14704,15436,30140
430,1420,14831,15588,30419
430,1430,14995,15743,30738
430,1440,15141,15897,31038
430,1450,15304,16055,31359
430,1460,15457,16178,31635
430,1470,15614,16329,31943
430,1480,15750,16474,32224
430,1490,15916,16612,32528
430,1500,16078,16759,32837
430,1510,16229,16910,33139
430,1520,16377,17080,33457
430,1530,16521,17237,33758
430,1540,16674,17377,34051
430,1550,16822,17523,34345
430,1560,17013,17700,34713
430,1570,17167,17862,35029
430,1580,17309,18021,35330
430,1590,17486,18174,35660
430,1600,17618,18324,35942
430,1610,17760,18483,36243
430,1620,17921,18657,36578
430,1630,18083,18812,36895
430,1640,18231,18939,37170
430,1650,18375,19082,37457
430,1660,18520,19231,37751
430,1670,18673,19360,38033
430,1680,18792,19519,38311
430,1690,18917,19675,38592
430,1700,19074,19836,38910
430,1710,19200,19993,39193
430,1720,19354,20131,39485
430,1730,19514,20292,39806
430,1740,19653,20452,40105
430,1750,19763,20602,40365
430,1760,19876,20733,40609
430,1770,19990,20857,40847
430,1780,20117,21000,41117
430,1790,20251,21124,41375
430,1800,20396,21246,41642
430,1810,20511,21372,41883
430,1820,20618,21495,42113
430,1830,20754,21623,42377
430,1840,20886,21749,42635
430,1850,21007,21863,42870
430,1860,21122,21949,43071
430,1870,21246,22080,43326
430,1880,21384,22196,43580
430,1890,21521,22325,43846
430,1900,21625,22455,44080
430,1910,21727,22571,44298
430,1920,21827,22699,44526
430,1930,21920,22819,44739
430,1940,22024,22970,44994
430,1950,22142,23114,45256
430,1960,22272,23243,45515
430,1970,22381,23359,45740
430,1980,22506,23479,45985
430,1990,22609,23584,46193
440,440,14,16,30
440,450,162,185,347
440,460,318,330,648
440,470,477,503,980
440,480,656,638,1294
440,490,806,806,1612
440,500,955,972,1927
440,510,1109,1139,2248
440,520,1277,1322,2599
440,530,1461,1505,2966
440,540,1599,1650,3249
440,550,1743,1802,3545
440,560,1905,1959,3864
440,570,2048,2128,4176
440,580,2201,2272,4473
440,590,2363,2451,4814
440,600,2504,2611,5115
440,610,2639,2778,5417
440,620,2809,2942,5751
440,630,2956,3113,6069
440,640,3108,3266,6374
440,650,3253,3438,6691
440,660,3404,3568,6972
440,670,3557,3718,7275
440,680,3692,3875,7567
440,690,3834,4045,7879
440,700,3985,4194,8179
440,710,4163,4350,8513
440,720,4339,4502,8841
440,730,4485,4642,9127
440,740,4634,4773,9407
440,750,4807,4912,9719
440,760,4959,5088,10047
440,770,5096,5255,10351
440,780,5239,5410,10649
440,790,5372,5572,10944
440,800,5518,5740,11258
440,810,5670,5877,11547
440,820,5825,6039,11864
440,830,5989,6209,12198
440,840,6135,6346,12481
440,850,6289,6499,12788
440,860,6438,6661,13099
440,870,6584,6814,13398
440,880,6741,6985,13726
440,890,6895,7135,14030
440,900,7029,7286,14315
440,910,7157,7439,14596
440,920,7299,7597,14896
440,930,7439,7756,15195
440,940,7588,7914,15502
440,950,7744,8067,15811
440,960,7887,8211,16098
440,970,8026,8376,16402
440,980,8173,8561,16734
440,990,8329,8731,17060
440,1000,8468,8883,17351
440,1010,8632,9035,17667
440,1020,8779,9174,17953
440,1030,8920,9343,18263
440,1040,9040,9497,18537
440,1050,9167,9654,18821
440,1060,9310,9814,19124
440,1070,9455,9968,19423
440,1080,9587,10127,19714
440,1090,9762,10275,20037
440,1100,9905,10428,20333
440,1110,10053,10567,20620
440,1120,10191,10713,20904
440,1130,10345,10872,21217
440,1140,10486,11021,21507
440,1150,10623,11196,21819
440,1160,10765,11339,22104
440,1170,10923,11493,22416
440,1180,11074,11633,22707
440,1190,11241,11786,23027
440,1200,11382,11950,23332
440,1210,11529,12136,23665
440,1220,11688,12291,23979
440,1230,11857,12452,24309
440,1240,12015,12586,24601
440,1250,12172,12747,24919
440,1260,12278,12923,25201
440,1270,12429,13107,25536
440,1280,12572,13273,25845
440,1290,12722,13430,26152
440,1300,12868,13572,26440
440,1310,13038,13732,26770
440,1320,13171,13879,27050
440,1330,13311,14021,27332
440,1340,13466,14163,27629
440,1350,13622,14325,27947
440,1360,13775,14474,28249
440,1370,13916,14631,28547
440,1380,14067,14792,28859
440,1390,14250,14928,29178
440,1400,14382,15091,29473
440,1410,14519,15275,29794
440,1420,14646,15427,30073
440,1430,14810,15582,30392
440,1440,14956,15736,30692
440,1450,15119,15894,31013
440,1460,15272,16017,31289
440,1470,15429,16168,31597
440,1480,15565,16313,31878
440,1490,15731,16451,32182
440,1500,15893,16598,32491
440,1510,16044,16749,32793
440,1520,16192,16919,33111
440,1530,16336,17076,33412
440,1540,16489,17216,33705
440,1550,16637,17362,33999
440,1560,16828,17539,34367
440,1570,16982,17701,34683
440,1580,17124,17860,34984
440,1590,17301,18013,35314
440,1600,17433,18163,35596
440,1610,17575,18322,35897
440,1620,17736,18496,36232
440,1630,17898,18651,36549
440,1640,18046,18778,36824
440,1650,18190,18921,37111
440,1660,18335,19070,37405
440,1670,18488,19199,37687
440,1680,18607,19358,37965
440,1690,18732,19514,38246
440,1700,18889,19675,38564
440,1710,19015,19832,38847
440,1720,19169,19970,39139
440,1730,19329,20131,39460
440,1740,19468,20291,39759
440,1750,19578,20441,40019
440,1760,19691,20572,40263
440,1770,19805,20696,40501
440,1780,19932,20839,40771
440,1790,20066,20963,41029
440,1800,20211,21085,41296
440,1810,20326,21211,41537
440,1820,20433,21334,41767
440,1830,20569,21462,42031
440,1840,20701,21588,42289
440,1850,20822,21702,42524
440,1860,20937,21788,42725
440,1870,21061,21919,42980
440,1880,21199,22035,43234
440,1890,21336,22164,43500
440,1900,21440,22294,43734
440,1910,21542,22410,43952
440,1920,21642,22538,44180
440,1930,21735,22658,44393
440,1940,21839,22809,44648
440,1950,21957,22953,44910
440,1960,22087,23082,45169
440,1970,22196,23198,45394
440,1980,22321,23318,45639
440,1990,22424,23423,45847
450,450,20,17,37
450,460,176,162,338
450,470,335,335,670
450,480,514,470,984
450,490,664,638,1302
450,500,813,804,1617
450,510,967,971,1938
450,520,1135,1154,2289
450,530,1319,1337,2656
450,540,1457,1482,2939
450,550,1601,1634,3235
450,560,1763,1791,3554
450,570,1906,1960,3866
450,580,2059,2104,4163
450,590,2221,2283,4504
450,600,2362,2443,4805
450,610,2497,2610,5107
450,620,2667,2774,5441
450,630,2814,2945,5759
450,640,2966,3098,6064
450,650,3111,3270,6381
450,660,3262,3400,6662
450,670,3415,3550,6965
450,680,3550,3707,7257
450,690,3692,3877,7569
450,700,3843,4026,7869
450,710,4021,4182,8203
450,720,4197,4334,8531
450,730,4343,4474,8817
450,740,4492,4605,9097
450,750,4665,4744,9409
450,760,4817,4920,9737
450,770,4954,5087,10041
450,780,5097,5242,10339
450,790,5230,5404,10634
450,800,5376,5572,10948
450,810,5528,5709,11237
450,820,5683,5871,11554
450,830,5847,6041,11888
450,840,5993,6178,12171
450,850,6147,6331,12478
450,860,6296,6493,12789
450,870,6442,6646,13088
450,880,6599,6817,13416
450,890,6753,6967,13720
450,900,6887,7118,14005
450,910,7015,7271,14286
450,920,7157,7429,14586
450,930,7297,7588,14885
450,940,7446,7746,15192
450,950,7602,7899,15501
450,960,7745,8043,15788
450,970,7884,8208,16092
450,980,8031,8393,16424
450,990,8187,8563,16750
450,1000,8326,8715,17041
450,1010,8490,8867,17357
450,1020,8637,9006,17643
450,1030,8778,9175,17953
450,1040,8898,9329,18227
450,1050,9025,9486,18511
450,1060,9168,9646,18814
450,1070,9313,9800,19113
450,1080,9445,9959,19404
450,1090,9620,10107,19727
450,1100,9763,10260,20023
450,1110,9911,10399,20310
450,1120,10049,10545,20594
450,1130,10203,10704,20907
450,1140,10344,10853,21197
450,1150,10481,11028,21509
450,1160,10623,11171,21794
450,1170,10781,11325,22106
450,1180,10932,11465,22397
450,1190,11099,11618,22717
450,1200,11240,11782,23022
450,1210,11387,11968,23355
450,1220,11546,12123,23669
450,1230,11715,12284,23999
450,1240,11873,12418,24291
450,1250,12030,12579,24609
450,1260,12136,12755,24891
450,1270,12287,12939,25226
450,1280,12430,13105,25535
450,1290,12580,13262,25842
450,1300,12726,13404,26130
450,1310,12896,13564,26460
450,1320,13029,13711,26740
450,1330,13169,13853,27022
450,1340,13324,13995,27319
450,1350,13480,14157,27637
450,1360,13633,14306,27939
450,1370,13774,14463,28237
450,1380,13925,14624,28549
450,1390,14108,14760,28868
450,1400,14240,14923,29163
450,1410,14377,15107,29484
450,1420,14504,15259,29763
450,1430,14668,15414,30082
450,1440,14814,15568,30382
450,1450,14977,15726,30703
450,1460,15130,15849,30979
450,1470,15287,16000,31287
450,1480,15423,16145,31568
450,1490,15589,16283,31872
450,1500,15751,16430,32181
450,1510,15902,16581,32483
450,1520,16050,16751,32801
450,1530,16194,16908,33102
450,1540,16347,17048,33395
450,1550,16495,17194,33689
450,1560,16686,17371,34057
450,1570,16840,17533,34373
450,1580,16982,17692,34674
450,1590,17159,17845,35004
450,1600,17291,17995,35286
450,1610,17433,18154,35587
450,1620,17594,18328,35922
450,1630,17756,18483,36239
450,1640,17904,18610,36514
450,1650,18048,18753,36801
450,1660,18193,18902,37095
450,1670,18346,19031,37377
450,1680,18465,19190,37655
450,1690,18590,19346,37936
450,1700,18747,19507,38254
450,1710,18873,19664,38537
450,1720,19027,19802,38829
450,1730,19187,19963,39150
450,1740,19326,20123,39449
450,1750,19436,20273,39709
450,1760,19549,20404,39953
450,1770,19663,20528,40191
450,1780,19790,20671,40461
450,1790,19924,20795,40719
450,1800,20069,20917,40986
450,1810,20184,21043,41227
450,1820,20291,21166,41457
450,1830,20427,21294,41721
450,1840,20559,21420,41979
450,1850,20680,21534,42214
450,1860,20795,21620,42415
450,1870,20919,21751,42670
450,1880,21057,21867,42924
450,1890,21194,21996,43190
450,1900,21298,22126,43424
450,1910,21400,22242,43642
450,1920,21500,22370,43870
450,1930,21593,22490,44083
450,1940,21697,22641,44338
450,1950,21815,22785,44600
450,1960,21945,22914,44859
450,1970,22054,23030,45084
450,1980,22179,23150,45329
450,1990,22282,23255,45537
460,460,18,16,34
460,470,177,189,366
460,480,356,324,680
460,490,506,492,998
460,500,655,658,1313
460,510,809,825,1634
460,520,977,1008,1985
460,530,1161,1191,2352
460,540,1299,1336,2635
460,550,1443,1488,2931
460,560,1605,1645,3250
460,570,1748,1814,3562
460,580,1901,1958,3859
460,590,2063,2137,4200
460,600,2204,2297,4501
460,610,2339,2464,4803
460,620,2509,2628,5137
460,630,2656,2799,5455
460,640,2808,2952,5760
460,650,2953,3124,6077
460,660,3104,3254,6358
460,670,3257,3404,6661
460,680,3392,3561,6953
460,690,3534,3731,7265
460,700,3685,3880,7565
460,710,3863,4036,7899
460,720,4039,4188,8227
460,730,4185,4328,8513
460,740,4334,4459,8793
460,750,4507,4598,9105
460,760,4659,4774,9433
460,770,4796,4941,9737
460,780,4939,5096,10035
460,790,5072,5258,10330
460,800,5218,5426,10644
460,810,5370,5563,10933
460,820,5525,5725,11250
460,830,5689,5895,11584
460,840,5835,6032,11867
460,850,5989,6185,12174
460,860,6138,6347,12485
460,870,6284,6500,12784
460,880,6441,6671,13112
460,890,6595,6821,13416
460,900,6729,6972,13701
460,910,6857,7125,13982
460,920,6999,7283,14282
460,930,7139,7442,14581
460,940,7288,7600,14888
460,950,7444,7753,15197
460,960,7587,7897,15484
460,970,7726,8062,15788
460,980,7873,8247,16120
460,990,8029,8417,16446
460,1000,8168,8569,16737
460,1010,8332,8721,17053
460,1020,8479,8860,17339
460,1030,8620,9029,17649
460,1040,8740,9183,17923
460,1050,8867,9340,18207
460,1060,9010,9500,18510
460,1070,9155,9654,18809
460,1080,9287,9813,19100
460,1090,9462,9961,19423
460,1100,9605,10114,19719
460,1110,9753,10253,20006
460,1120,9891,10399,20290
460,1130,10045,10558,20603
460,1140,10186,10707,20893
460,1150,10323,10882,21205
460,1160,10465,11025,21490
460,1170,10623,11179,21802
460,1180,10774,11319,22093
460,1190,10941,11472,22413
460,1200,11082,11636,22718
460,1210,11229,11822,23051
460,1220,11388,11977,23365
460,1230,11557,12138,23695
460,1240,11715,12272,23987
460,1250,11872,12433,24305
460,1260,11978,12609,24587
460,1270,12129,12793,24922
460,1280,12272,12959,25231
460,1290,12422,13116,25538
460,1300,12568,13258,25826
460,1310,12738,13418,26156
460,1320,12871,13565,26436
460,1330,13011,13707,26718
460,1340,13166,13849,27015
460,1350,13322,14011,27333
460,1360,13475,14160,27635
460,1370,13616,14317,27933
460,1380,13767,14478,28245
460,1390,13950,14614,28564
460,1400,14082,14777,28859
460,1410,14219,14961,29180
460,1420,14346,15113,29459
460,1430,14510,15268,29778
460,1440,14656,15422,30078
460,1450,14819,15580,30399
460,1460,14972,15703,30675
460,1470,15129,15854,30983
460,1480,15265,15999,31264
460,1490,15431,16137,31568
460,1500,15593,16284,31877
460,1510,15744,16435,32179
460,1520,15892,16605,32497
460,1530,16036,16762,32798
460,1540,16189,16902,33091
460,1550,16337,17048,33385
460,1560,16528,17225,33753
460,1570,16682,17387,34069
460,1580,16824,17546,34370
460,1590,17001,17699,34700
460,1600,17133,17849,34982
460,1610,17275,18008,35283
460,1620,17436,18182,35618
460,1630,17598,18337,35935
460,1640,17746,18464,36210
460,1650,17890,18607,36497
460,1660,18035,18756,36791
460,1670,18188,18885,37073
460,1680,18307,19044,37351
460,1690,18432,19200,37632
460,1700,18589,19361,37950
460,1710,18715,19518,38233
460,1720,18869,19656,38525
460,1730,19029,19817,38846
460,1740,19168,19977,39145
460,1750,19278,20127,39405
460,1760,19391,20258,39649
460,1770,19505,20382,39887
460,1780,19632,20525,40157
460,1790,19766,20649,40415
460,1800,19911,20771,40682
460,1810,20026,20897,40923
460,1820,20133,21020,41153
460,1830,20269,21148,41417
460,1840,20401,21274,41675
460,1850,20522,21388,41910
460,1860,20637,21474,42111
460,1870,20761,21605,42366
460,1880,20899,21721,42620
460,1890,21036,21850,42886
460,1900,21140,21980,43120
460,1910,21242,22096,43338
460,1920,21342,22224,43566
460,1930,21435,22344,43779
460,1940,21539,22495,44034
460,1950,21657,22639,44296
460,1960,21787,22768,44555
460,1970,21896,22884,44780
460,1980,22021,23004,45025
460,1990,22124,23109,45233
470,470,8,11,19
470,480,187,146,333
470,490,337,314,651
470,500,486,480,966
470,510,640,647,1287
470,520,808,830,1638
470,530,992,1013,2005
470,540,1130,1158,2288
470,550,1274,1310,2584
470,560,1436,1467,2903
470,570,1579,1636,3215
470,580,1732,1780,3512
470,590,1894,1959,3853
470,600,2035,2119,4154
470,610,2170,2286,4456
470,620,2340,2450,4790
470,630,2487,2621,5108
470,640,2639,2774,5413
470,650,2784,2946,5730
470,660,2935,3076,6011
470,670,3088,3226,6314
470,680,3223,3383,6606
470,690,3365,3553,6918
470,700,3516,3702,7218
470,710,3694,3858,7552
470,720,3870,4010,7880
470,730,4016,4150,8166
470,740,4165,4281,8446
470,750,4338,4420,8758
470,760,4490,4596,9086
470,770,4627,4763,9390
470,780,4770,4918,9688
470,790,4903,5080,9983
470,800,5049,5248,10297
470,810,5201,5385,10586
470,820,5356,5547,10903
470,830,5520,5717,11237
470,840,5666,5854,11520
470,850,5820,6007,11827
470,860,5969,6169,12138
470,870,6115,6322,12437
470,880,6272,6493,12765
470,890,6426,6643,13069
470,900,6560,6794,13354
470,910,6688,6947,13635
470,920,6830,7105,13935
470,930,6970,7264,14234
470,940,7119,7422,14541
470,950,7275,7575,14850
470,960,7418,7719,15137
470,970,7557,7884,15441
470,980,7704,8069,15773
470,990,7860,8239,16099
470,1000,7999,8391,16390
470,1010,8163,8543,16706
470,1020,8310,8682,16992
470,1030,8451,8851,17302
470,1040,8571,9005,17576
470,1050,8698,9162,17860
470,1060,8841,9322,18163
470,1070,8986,9476,18462
470,1080,9118,9635,18753
470,1090,9293,9783,19076
470,1100,9436,9936,19372
470,1110,9584,10075,19659
470,1120,9722,10221,19943
470,1130,9876,10380,20256
470,1140,10017,10529,20546
470,1150,10154,10704,20858
470,1160,10296,10847,21143
470,1170,10454,11001,21455
470,1180,10605,11141,21746
470,1190,10772,11294,22066
470,1200,10913,11458,22371
470,1210,11060,11644,22704
470,1220,11219,11799,23018
470,1230,11388,11960,23348
470,1240,11546,12094,23640
470,1250,11703,12255,23958
470,1260,11809,12431,24240
470,1270,11960,12615,24575
470,1280,12103,12781,24884
470,1290,12253,12938,25191
470,1300,12399,13080,25479
470,1310,12569,13240,25809
470,1320,12702,13387,26089
470,1330,12842,13529,26371
470,1340,12997,13671,26668
470,1350,13153,13833,26986
470,1360,13306,13982,27288
470,1370,13447,14139,27586
470,1380,13598,14300,27898
470,1390,13781,14436,28217
470,1400,13913,14599,28512
470,1410,14050,14783,28833
470,1420,14177,14935,29112
470,1430,14341,15090,29431
470,1440,14487,15244,29731
470,1450,14650,15402,30052
470,1460,14803,15525,30328
470,1470,14960,15676,30636
470,1480,15096,15821,30917
470,1490,15262,15959,31221
470,1500,15424,16106,31530
470,1510,15575,16257,31832
470,1520,15723,16427,32150
470,1530,15867,16584,32451
470,1540,16020,16724,32744
470,1550,16168,16870,33038
470,1560,16359,17047,33406
470,1570,16513,17209,33722
470,1580,16655,17368,34023
470,1590,16832,17521,34353
470,1600,16964,17671,34635
470,1610,17106,17830,34936
470,1620,17267,18004,35271
470,1630,17429,18159,35588
470,1640,17577,18286,35863
470,1650,17721,18429,36150
470,1660,17866,18578,36444
470,1670,18019,18707,36726
470,1680,18138,18866,37004
470,1690,18263,19022,37285
470,1700,18420,19183,37603
470,1710,18546,19340,37886
470,1720,18700,19478,38178
470,1730,18860,19639,38499
470,1740,18999,19799,38798
470,1750,19109,19949,39058
470,1760,19222,20080,39302
470,1770,19336,20204,39540
470,1780,19463,20347,39810
470,1790,19597,20471,40068
470,1800,19742,20593,40335
470,1810,19857,20719,40576
470,1820,19964,20842,40806
470,1830,20100,20970,41070
470,1840,20232,21096,41328
470,1850,20353,21210,41563
470,1860,20468,21296,41764
470,1870,20592,21427,42019
470,1880,20730,21543,42273
470,1890,20867,21672,42539
470,1900,20971,21802,42773
470,1910,21073,21918,42991
470,1920,21173,22046,43219
470,1930,21266,22166,43432
470,1940,21370,22317,43687
470,1950,21488,22461,43949
470,1960,21618,22590,44208
470,1970,21727,22706,44433
470,1980,21852,22826,44678
470,1990,21955,22931,44886
480,480,12,15,27
480,490,162,183,345
480,500,311,349,660
480,510,465,516,981
480,520,633,699,1332
480,530,817,882,1699
480,540,955,1027,1982
480,550,1099,1179,2278
480,560,1261,1336,2597
480,570,1404,1505,2909
480,580,1557,1649,3206
480,590,1719,1828,3547
480,600,1860,1988,3848
480,610,1995,2155,4150
480,620,2165,2319,4484
480,630,2312,2490,4802
480,640,2464,2643,5107
480,650,2609,2815,5424
480,660,2760,2945,5705
480,670,2913,3095,6008
480,680,3048,3252,6300
480,690,3190,3422,6612
480,700,3341,3571,6912
480,710,3519,3727,7246
480,720,3695,3879,7574
480,730,3841,4019,7860
480,740,3990,4150,8140
480,750,4163,4289,8452
480,760,4315,4465,8780
480,770,4452,4632,9084
480,780,4595,4787,9382
480,790,4728,4949,9677
480,800,4874,5117,9991
480,810,5026,5254,10280
480,820,5181,5416,10597
480,830,5345,5586,10931
480,840,5491,5723,11214
480,850,5645,5876,11521
480,860,5794,6038,11832
480,870,5940,6191,12131
480,880,6097,6362,12459
480,890,6251,6512,12763
480,900,6385,6663,13048
480,910,6513,6816,13329
480,920,6655,6974,13629
480,930,6795,7133,13928
480,940,6944,7291,14235
480,950,7100,7444,14544
480,960,7243,7588,14831
480,970,7382,7753,15135
480,980,7529,7938,15467
480,990,7685,8108,15793
480,1000,7824,8260,16084
480,1010,7988,8412,16400
480,1020,8135,8551,16686
480,1030,8276,8720,16996
480,1040,8396,8874,17270
480,1050,8523,9031,17554
480,1060,8666,9191,17857
480,1070,8811,9345,18156
480,1080,8943,9504,18447
480,1090,9118,9652,18770
480,1100,9261,9805,19066
480,1110,9409,9944,19353
480,1120,9547,10090,19637
480,1130,9701,10249,19950
480,1140,9842,10398,20240
480,1150,9979,10573,20552
480,1160,10121,10716,20837
480,1170,10279,10870,21149
480,1180,10430,11010,21440
480,1190,10597,11163,21760
480,1200,10738,11327,22065
480,1210,10885,11513,22398
480,1220,11044,11668,22712
480,1230,11213,11829,23042
480,1240,11371,11963,23334
480,1250,11528,12124,23652
480,1260,11634,12300,23934
480,1270,11785,12484,24269
480,1280,11928,12650,24578
480,1290,12078,12807,24885
480,1300,12224,12949,25173
480,1310,12394,13109,25503
480,1320,12527,13256,25783
480,1330,12667,13398,26065
480,1340,12822,13540,26362
480,1350,12978,13702,26680
480,1360,13131,13851,26982
480,1370,13272,14008,27280
480,1380,13423,14169,27592
480,1390,13606,14305,27911
480,1400,13738,14468,28206
480,1410,13875,14652,28527
480,1420,14002,14804,28806
480,1430,14166,14959,29125
480,1440,14312,15113,29425
480,1450,14475,15271,29746
480,1460,14628,15394,30022
480,1470,14785,15545,30330
480,1480,14921,15690,30611
480,1490,15087,15828,30915
480,1500,15249,15975,31224
480,1510,15400,16126,31526
480,1520,15548,16296,31844
480,1530,15692,16453,32145
480,1540,15845,16593,32438
480,1550,15993,16739,32732
480,1560,16184,16916,33100
480,1570,16338,17078,33416
480,1580,16480,17237,33717
480,1590,16657,17390,34047
480,1600,16789,17540,34329
480,1610,16931,17699,34630
480,1620,17092,17873,34965
480,1630,17254,18028,35282
480,1640,17402,18155,35557
480,1650,17546,18298,35844
480,1660,17691,18447,36138
480,1670,17844,18576,36420
480,1680,17963,18735,36698
480,1690,18088,18891,36979
480,1700,18245,19052,37297
480,1710,18371,19209,37580
480,1720,18525,19347,37872
480,1730,18685,19508,38193
480,1740,18824,19668,38492
480,1750,18934,19818,38752
480,1760,19047,19949,38996
480,1770,19161,20073,39234
480,1780,19288,20216,39504
480,1790,19422,20340,39762
480,1800,19567,20462,40029
480,1810,19682,20588,40270
480,1820,19789,20711,40500
480,1830,19925,20839,40764
480,1840,20057,20965,41022
480,1850,20178,21079,41257
480,1860,20293,21165,41458
480,1870,20417,21296,41713
480,1880,20555,21412,41967
480,1890,20692,21541,42233
480,1900,20796,21671,42467
480,1910,20898,21787,42685
480,1920,20998,21915,42913
480,1930,21091,22035,43126
480,1940,21195,22186,43381
480,1950,21313,22330,43643
480,1960,21443,22459,43902
480,1970,21552,22575,44127
480,1980,21677,22695,44372
480,1990,21780,22800,44580
490,490,24,17,41
490,500,173,183,356
490,510,327,350,677
490,520,495,533,1028
490,530,679,716,1395
490,540,817,861,1678
490,550,961,1013,1974
490,560,1123,1170,2293
490,570,1266,1339,2605
490,580,1419,1483,2902
490,590,1581,1662,3243
490,600,1722,1822,3544
490,610,1857,1989,3846
490,620,2027,2153,4180
490,630,2174,2324,4498
490,640,2326,2477,4803
490,650,2471,2649,5120
490,660,2622,2779,5401
490,670,2775,2929,5704
490,680,2910,3086,5996
490,690,3052,3256,6308
490,700,3203,3405,6608
490,710,3381,3561,6942
490,720,3557,3713,7270
490,730,3703,3853,7556
490,740,3852,3984,7836
490,750,4025,4123,8148
490,760,4177,4299,8476
490,770,4314,4466,8780
490,780,4457,4621,9078
490,790,4590,4783,9373
490,800,4736,4951,9687
490,810,4888,5088,9976
490,820,5043,5250,10293
490,830,5207,5420,10627
490,840,5353,5557,10910
490,850,5507,5710,11217
490,860,5656,5872,11528
490,870,5802,6025,11827
490,880,5959,6196,12155
490,890,6113,6346,12459
490,900,6247,6497,12744
490,910,6375,6650,13025
490,920,6517,6808,13325
490,930,6657,6967,13624
490,940,6806,7125,13931
490,950,6962,7278,14240
490,960,7105,7422,14527
490,970,7244,7587,14831
490,980,7391,7772,15163
490,990,7547,7942,15489
490,1000,7686,8094,15780
490,1010,7850,8246,16096
490,1020,7997,8385,16382
490,1030,8138,8554,16692
490,1040,8258,8708,16966
490,1050,8385,8865,17250
490,1060,8528,9025,17553
490,1070,8673,9179,17852
490,1080,8805,9338,18143
490,1090,8980,9486,18466
490,1100,9123,9639,18762
490,1110,9271,9778,19049
490,1120,9409,9924,19333
490,1130,9563,10083,19646
490,1140,9704,10232,19936
490,1150,9841,10407,20248
490,1160,9983,10550,20533
490,1170,10141,10704,20845
490,1180,10292,10844,21136
490,1190,10459,10997,21456
490,1200,10600,11161,21761
490,1210,10747,11347,22094
490,1220,10906,11502,22408
490,1230,11075,11663,22738
490,1240,11233,11797,23030
490,1250,11390,11958,23348
490,1260,11496,12134,23630
490,1270,11647,12318,23965
490,1280,11790,12484,24274
490,1290,11940,12641,24581
490,1300,12086,12783,24869
490,1310,12256,12943,25199
490,1320,12389,13090,25479
490,1330,12529,13232,25761
490,1340,12684,13374,26058
490,1350,12840,13536,26376
490,1360,12993,13685,26678
490,1370,13134,13842,26976
490,1380,13285,14003,27288
490,1390,13468,14139,27607
490,1400,13600,14302,27902
490,1410,13737,14486,28223
490,1420,13864,14638,28502
490,1430,14028,14793,28821
490,1440,14174,14947,29121
490,1450,14337,15105,29442
490,1460,14490,15228,29718
490,1470,14647,15379,30026
490,1480,14783,15524,30307
490,1490,14949,15662,30611
490,1500,15111,15809,30920
490,1510,15262,15960,31222
490,1520,15410,16130,31540
490,1530,15554,16287,31841
490,1540,15707,16427,32134
490,1550,15855,16573,32428
490,1560,16046,16750,32796
490,1570,16200,16912,33112
490,1580,16342,17071,33413
490,1590,16519,17224,33743
490,1600,16651,17374,34025
490,1610,16793,17533,34326
490,1620,16954,17707,34661
490,1630,17116,17862,34978
490,1640,17264,17989,35253
490,1650,17408,18132,35540
490,1660,17553,18281,35834
490,1670,17706,18410,36116
490,1680,17825,18569,36394
490,1690,17950,18725,36675
490,1700,18107,18886,36993
490,1710,18233,19043,37276
490,1720,18387,19181,37568
490,1730,18547,19342,37889
490,1740,18686,19502,38188
490,1750,18796,19652,38448
490,1760,18909,19783,38692
490,1770,19023,19907,38930
490,1780,19150,20050,39200
490,1790,19284,20174,39458
490,1800,19429,20296,39725
490,1810,19544,20422,39966
490,1820,19651,20545,40196
490,1830,19787,20673,40460
490,1840,19919,20799,40718
490,1850,20040,20913,40953
490,1860,20155,20999,41154
490,1870,20279,21130,41409
490,1880,20417,21246,41663
490,1890,20554,21375,41929
490,1900,20658,21505,42163
490,1910,20760,21621,42381
490,1920,20860,21749,42609
490,1930,20953,21869,42822
490,1940,21057,22020,43077
490,1950,21175,22164,43339
490,1960,21305,22293,43598
490,1970,21414,22409,43823
490,1980,21539,22529,44068
490,1990,21642,22634,44276
500,500,14,18,32
500,510,168,185,353
500,520,336,368,704
500,530,520,551,1071
500,540,658,696,1354
500,550,802,848,1650
500,560,964,1005,1969
500,570,1107,1174,2281
500,580,1260,1318,2578
500,590,1422,1497,2919
500,600,1563,1657,3220
500,610,1698,1824,3522
500,620,1868,1988,3856
500,630,2015,2159,4174
500,640,2167,2312,4479
500,650,2312,2484,4796
500,660,2463,2614,5077
500,670,2616,2764,5380
500,680,2751,2921,5672
500,690,2893,3091,5984
500,700,3044,3240,6284
500,710,3222,3396,6618
500,720,3398,3548,6946
500,730,3544,3688,7232
500,740,3693,3819,7512
500,750,3866,3958,7824
500,760,4018,4134,8152
500,770,4155,4301,8456
500,780,4298,4456,8754
500,790,4431,4618,9049
500,800,4577,4786,9363
500,810,4729,4923,9652
500,820,4884,5085,9969
500,830,5048,5255,10303
500,840,5194,5392,10586
500,850,5348,5545,10893
500,860,5497,5707,11204
500,870,5643,5860,11503
500,880,5800,6031,11831
500,890,5954,6181,12135
500,900,6088,6332,12420
500,910,6216,6485,12701
500,920,6358,6643,13001
500,930,6498,6802,13300
500,940,6647,6960,13607
500,950,6803,7113,13916
500,960,6946,7257,14203
500,970,7085,7422,14507
500,980,7232,7607,14839
500,990,7388,7777,15165
500,1000,7527,7929,15456
500,1010,7691,8081,15772
500,1020,7838,8220,16058
500,1030,7979,8389,16368
500,1040,8099,8543,16642
500,1050,8226,8700,16926
500,1060,8369,8860,17229
500,1070,8514,9014,17528
500,1080,8646,9173,17819
500,1090,8821,9321,18142
500,1100,8964,9474,18438
500,1110,9112,9613,18725
500,1120,9250,9759,19009
500,1130,9404,9918,19322
500,1140,9545,10067,19612
500,1150,9682,10242,19924
500,1160,9824,10385,20209
500,1170,9982,10539,20521
500,1180,10133,10679,20812
500,1190,10300,10832,21132
500,1200,10441,10996,21437
500,1210,10588,11182,21770
500,1220,10747,11337,22084
500,1230,10916,11498,22414
500,1240,11074,11632,22706
500,1250,11231,11793,23024
500,1260,11337,11969,23306
500,1270,11488,12153,23641
500,1280,11631,12319,23950
500,1290,11781,12476,24257
500,1300,11927,12618,24545
500,1310,12097,12778,24875
500,1320,12230,12925,25155
500,1330,12370,13067,25437
500,1340,12525,13209,25734
500,1350,12681,13371,26052
500,1360,12834,13520,26354
500,1370,12975,13677,26652
500,1380,13126,13838,26964
500,1390,13309,13974,27283
500,1400,13441,14137,27578
500,1410,13578,14321,27899
500,1420,13705,14473,28178
500,1430,13869,14628,28497
500,1440,14015,14782,28797
500,1450,14178,14940,29118
500,1460,14331,15063,29394
500,1470,14488,15214,29702
500,1480,14624,15359,29983
500,1490,14790,15497,30287
500,1500,14952,15644,30596
500,1510,15103,15795,30898
500,1520,15251,15965,31216
500,1530,15395,16122,31517
500,1540,15548,16262,31810
500,1550,15696,16408,32104
500,1560,15887,16585,32472
500,1570,16041,16747,32788
500,1580,16183,16906,33089
500,1590,16360,17059,33419
500,1600,16492,17209,33701
500,1610,16634,17368,34002
500,1620,16795,17542,34337
500,1630,16957,17697,34654
500,1640,17105,17824,34929
500,1650,17249,17967,35216
500,1660,17394,18116,35510
500,1670,17547,18245,35792
500,1680,17666,18404,36070
500,1690,17791,18560,36351
500,1700,17948,18721,36669
500,1710,18074,18878,36952
500,1720,18228,19016,37244
500,1730,18388,19177,37565
500,1740,18527,19337,37864
500,1750,18637,19487,38124
500,1760,18750,19618,38368
500,1770,18864,19742,38606
500,1780,18991,19885,38876
500,1790,19125,20009,39134
500,1800,19270,20131,39401
500,1810,19385,20257,39642
500,1820,19492,20380,39872
500,1830,19628,20508,40136
500,1840,19760,20634,40394
500,1850,19881,20748,40629
500,1860,19996,20834,40830
500,1870,20120,20965,41085
500,1880,20258,21081,41339
500,1890,20395,21210,41605
500,1900,20499,21340,41839
500,1910,20601,21456,42057
500,1920,20701,21584,42285
500,1930,20794,21704,42498
500,1940,20898,21855,42753
500,1950,21016,21999,43015
500,1960,21146,22128,43274
500,1970,21255,22244,43499
500,1980,21380,22364,43744
500,1990,21483,22469,43952
510,510,15,8,23
510,520,183,191,374
510,530,367,374,741
510,540,505,519,1024
510,550,649,671,1320
510,560,811,828,1639
510,570,954,997,1951
510,580,1107,1141,2248
510,590,1269,1320,2589
510,600,1410,1480,2890
510,610,1545,1647,3192
510,620,1715,1811,3526
510,630,1862,1982,3844
510,640,2014,2135,4149
510,650,2159,2307,4466
510,660,2310,2437,4747
510,670,2463,2587,5050
510,680,2598,2744,5342
510,690,2740,2914,5654
510,700,2891,3063,5954
510,710,3069,3219,6288
510,720,3245,3371,6616
510,730,3391,3511,6902
510,740,3540,3642,7182
510,750,3713,3781,7494
510,760,3865,3957,7822
510,770,4002,4124,8126
510,780,4145,4279,8424
510,790,4278,4441,8719
510,800,4424,4609,9033
510,810,4576,4746,9322
510,820,4731,4908,9639
510,830,4895,5078,9973
510,840,5041,5215,10256
510,850,5195,5368,10563
510,860,5344,5530,10874
510,870,5490,5683,11173
510,880,5647,5854,11501
510,890,5801,6004,11805
510,900,5935,6155,12090
510,910,6063,6308,12371
510,920,6205,6466,12671
510,930,6345,6625,12970
510,940,6494,6783,13277
510,950,6650,6936,13586
510,960,6793,7080,13873
510,970,6932,7245,14177
510,980,7079,7430,14509
510,990,7235,7600,14835
510,1000,7374,7752,15126
510,1010,7538,7904,15442
510,1020,7685,8043,15728
510,1030,7826,8212,16038
510,1040,7946,8366,16312
510,1050,8073,8523,16596
510,1060,8216,8683,16899
510,1070,8361,8837,17198
510,1080,8493,8996,17489
510,1090,8668,9144,17812
510,1100,8811,9297,18108
510,1110,8959,9436,18395
510,1120,9097,9582,18679
510,1130,9251,9741,18992
510,1140,9392,9890,19282
510,1150,9529,10065,19594
510,1160,9671,10208,19879
510,1170,9829,10362,20191
510,1180,9980,10502,20482
510,1190,10147,10655,20802
510,1200,10288,10819,21107
510,1210,10435,11005,21440
510,1220,10594,11160,21754
510,1230,10763,11321,22084
510,1240,10921,11455,22376
510,1250,11078,11616,22694
510,1260,11184,11792,22976
510,1270,11335,11976,23311
510,1280,11478,12142,23620
510,1290,11628,12299,23927
510,1300,11774,12441,24215
510,1310,11944,12601,24545
510,1320,12077,12748,24825
510,1330,12217,12890,25107
510,1340,12372,13032,25404
510,1350,12528,13194,25722
510,1360,12681,13343,26024
510,1370,12822,13500,26322
510,1380,12973,13661,26634
510,1390,13156,13797,26953
510,1400,13288,13960,27248
510,1410,13425,14144,27569
510,1420,13552,14296,27848
510,1430,13716,14451,28167
510,1440,13862,14605,28467
510,1450,14025,14763,28788
510,1460,14178,14886,29064
510,1470,14335,15037,29372
510,1480,14471,15182,29653
510,1490,14637,15320,29957
510,1500,14799,15467,30266
510,1510,14950,15618,30568
510,1520,15098,15788,30886
510,1530,15242,15945,31187
510,1540,15395,16085,31480
510,1550,15543,16231,31774
510,1560,15734,16408,32142
510,1570,15888,16570,32458
510,1580,16030,16729,32759
510,1590,16207,16882,33089
510,1600,16339,17032,33371
510,1610,16481,17191,33672
510,1620,16642,17365,34007
510,1630,16804,17520,34324
510,1640,16952,17647,34599
510,1650,17096,17790,34886
510,1660,17241,17939,35180
510,1670,17394,18068,35462
510,1680,17513,18227,35740
510,1690,17638,18383,36021
510,1700,17795,18544,36339
510,1710,17921,18701,36622
510,1720,18075,18839,36914
510,1730,18235,19000,37235
510,1740,18374,19160,37534
510,1750,18484,19310,37794
510,1760,18597,19441,38038
510,1770,18711,19565,38276
510,1780,18838,19708,38546
510,1790,18972,19832,38804
510,1800,19117,19954,39071
510,1810,19232,20080,39312
510,1820,19339,20203,39542
510,1830,19475,20331,39806
510,1840,19607,20457,40064
510,1850,19728,20571,40299
510,1860,19843,20657,40500
510,1870,19967,20788,40755
510,1880,20105,20904,41009
510,1890,20242,21033,41275
510,1900,20346,21163,41509
510,1910,20448,21279,41727
510,1920,20548,21407,41955
510,1930,20641,21527,42168
510,1940,20745,21678,42423
510,1950,20863,21822,42685
510,1960,20993,21951,42944
510,1970,21102,22067,43169
510,1980,21227,22187,43414
510,1990,21330,22292,43622
520,520,18,17,35
520,530,202,200,402
520,540,340,345,685
520,550,484,497,981
520,560,646,654,1300
520,570,789,823,1612
520,580,942,967,1909
520,590,1104,1146,2250
520,600,1245,1306,2551
520,610,1380,1473,2853
520,620,1550,1637,3187
520,630,1697,1808,3505
520,640,1849,1961,3810
520,650,1994,2133,4127
520,660,2145,2263,4408
520,670,2298,2413,4711
520,680,2433,2570,5003
520,690,2575,2740,5315
520,700,2726,2889,5615
520,710,2904,3045,5949
520,720,3080,3197,6277
520,730,3226,3337,6563
520,740,3375,3468,6843
520,750,3548,3607,7155
520,760,3700,3783,7483
520,770,3837,3950,7787
520,780,3980,4105,8085
520,790,4113,4267,8380
520,800,4259,4435,8694
520,810,4411,4572,8983
520,820,4566,4734,9300
520,830,4730,4904,9634
520,840,4876,5041,9917
520,850,5030,5194,10224
520,860,5179,5356,10535
520,870,5325,5509,10834
520,880,5482,5680,11162
520,890,5636,5830,11466
520,900,5770,5981,11751
520,910,5898,6134,12032
520,920,6040,6292,12332
520,930,6180,6451,12631
520,940,6329,6609,12938
520,950,6485,6762,13247
520,960,6628,6906,13534
520,970,6767,7071,13838
520,980,6914,7256,14170
520,990,7070,7426,14496
520,1000,7209,7578,14787
520,1010,7373,7730,15103
520,1020,7520,7869,15389
520,1030,7661,8038,15699
520,1040,7781,8192,15973
520,1050,7908,8349,16257
520,1060,8051,8509,16560
520,1070,8196,8663,16859
520,1080,8328,8822,17150
520,1090,8503,8970,17473
520,1100,8646,9123,17769
520,1110,8794,9262,18056
520,1120,8932,9408,18340
520,1130,9086,9567,18653
520,1140,9227,9716,18943
520,1150,9364,9891,19255
520,1160,9506,10034,19540
520,1170,9664,10188,19852
520,1180,9815,10328,20143
520,1190,9982,10481,20463
520,1200,10123,10645,20768
520,1210,10270,10831,21101
520,1220,10429,10986,21415
520,1230,10598,11147,21745
520,1240,10756,11281,22037
520,1250,10913,11442,22355
520,1260,11019,11618,22637
520,1270,11170,11802,22972
520,1280,11313,11968,23281
520,1290,11463,12125,23588
520,1300,11609,12267,23876
520,1310,11779,12427,24206
520,1320,11912,12574,24486
520,1330,12052,12716,24768
520,1340,12207,12858,25065
520,1350,12363,13020,25383
520,1360,12516,13169,25685
520,1370,12657,13326,25983
520,1380,12808,13487,26295
520,1390,12991,13623,26614
520,1400,13123,13786,26909
520,1410,13260,13970,27230
520,1420,13387,14122,27509
520,1430,13551,14277,27828
520,1440,13697,14431,28128
520,1450,13860,14589,28449
520,1460,14013,14712,28725
520,1470,14170,14863,29033
520,1480,14306,15008,29314
520,1490,14472,15146,29618
520,1500,14634,15293,29927
520,1510,14785,15444,30229
520,1520,14933,15614,30547
520,1530,15077,15771,30848
520,1540,15230,15911,31141
520,1550,15378,16057,31435
520,1560,15569,16234,31803
520,1570,15723,16396,32119
520,1580,15865,16555,32420
520,1590,16042,16708,32750
520,1600,16174,16858,33032
520,1610,16316,17017,33333
520,1620,16477,17191,33668
520,1630,16639,17346,33985
520,1640,16787,17473,34260
520,1650,16931,17616,34547
520,1660,17076,17765,34841
520,1670,17229,17894,35123
520,1680,17348,18053,35401
520,1690,17473,18209,35682
520,1700,17630,18370,36000
520,1710,17756,18527,36283
520,1720,17910,18665,36575
520,1730,18070,18826,36896
520,1740,18209,18986,37195
520,1750,18319,19136,37455
520,1760,18432,19267,37699
520,1770,18546,19391,37937
520,1780,18673,19534,38207
520,1790,18807,19658,38465
520,1800,18952,19780,38732
520,1810,19067,19906,38973
520,1820,19174,20029,39203
520,1830,19310,20157,39467
520,1840,19442,20283,39725
520,1850,19563,20397,39960
520,1860,19678,20483,40161
520,1870,19802,20614,40416
520,1880,19940,20730,40670
520,1890,20077,20859,40936
520,1900,20181,20989,41170
520,1910,20283,21105,41388
520,1920,20383,21233,41616
520,1930,20476,21353,41829
520,1940,20580,21504,42084
520,1950,20698,21648,42346
520,1960,20828,21777,42605
520,1970,20937,21893,42830
520,1980,21062,22013,43075
520,1990,21165,22118,43283
530,530,18,22,40
530,540,156,167,323
530,550,300,319,619
530,560,462,476,938
530,570,605,645,1250
530,580,758,789,1547
530,590,920,968,1888
530,600,1061,1128,2189
530,610,1196,1295,2491
530,620,1366,1459,2825
530,630,1513,1630,3143
530,640,1665,1783,3448
530,650,1810,1955,3765
530,660,1961,2085,4046
530,670,2114,2235,4349
530,680,2249,2392,4641
530,690,2391,2562,4953
530,700,2542,2711,5253
530,710,2720,2867,5587
530,720,2896,3019,5915
530,730,3042,3159,6201
530,740,3191,3290,6481
530,750,3364,3429,6793
530,760,3516,3605,7121
530,770,3653,3772,7425
530,780,3796,3927,7723
530,790,3929,4089,8018
530,800,4075,4257,8332
530,810,4227,4394,8621
530,820,4382,4556,8938
530,830,4546,4726,9272
530,840,4692,4863,9555
530,850,4846,5016,9862
530,860,4995,5178,10173
530,870,5141,5331,10472
530,880,5298,5502,10800
530,890,5452,5652,11104
530,900,5586,5803,11389
530,910,5714,5956,11670
530,920,5856,6114,11970
530,930,5996,6273,12269
530,940,6145,6431,12576
530,950,6301,6584,12885
530,960,6444,6728,13172
530,970,6583,6893,13476
530,980,6730,7078,13808
530,990,6886,7248,14134
530,1000,7025,7400,14425
530,1010,7189,7552,14741
530,1020,7336,7691,15027
530,1030,7477,7860,15337
530,1040,7597,8014,15611
530,1050,7724,8171,15895
530,1060,7867,8331,16198
530,1070,8012,8485,16497
530,1080,8144,8644,16788
530,1090,8319,8792,17111
530,1100,8462,8945,17407
530,1110,8610,9084,17694
530,1120,8748,9230,17978
530,1130,8902,9389,18291
530,1140,9043,9538,18581
530,1150,9180,9713,18893
530,1160,9322,9856,19178
530,1170,9480,10010,19490
530,1180,9631,10150,19781
530,1190,9798,10303,20101
530,1200,9939,10467,20406
530,1210,10086,10653,20739
530,1220,10245,10808,21053
530,1230,10414,10969,21383
530,1240,10572,11103,21675
530,1250,10729,11264,21993
530,1260,10835,11440,22275
530,1270,10986,11624,22610
530,1280,11129,11790,22919
530,1290,11279,11947,23226
530,1300,11425,12089,23514
530,1310,11595,12249,23844
530,1320,11728,12396,24124
530,1330,11868,12538,24406
530,1340,12023,12680,24703
530,1350,12179,12842,25021
530,1360,12332,12991,25323
530,1370,12473,13148,25621
530,1380,12624,13309,25933
530,1390,12807,13445,26252
530,1400,12939,13608,26547
530,1410,13076,13792,26868
530,1420,13203,13944,27147
530,1430,13367,14099,27466
530,1440,13513,14253,27766
530,1450,13676,14411,28087
530,1460,13829,14534,28363
530,1470,13986,14685,28671
530,1480,14122,14830,28952
530,1490,14288,14968,29256
530,1500,14450,15115,29565
530,1510,14601,15266,29867
530,1520,14749,15436,30185
530,1530,14893,15593,30486
530,1540,15046,15733,30779
530,1550,15194,15879,31073
530,1560,15385,16056,31441
530,1570,15539,16218,31757
530,1580,15681,16377,32058
530,1590,15858,16530,32388
530,1600,15990,16680,32670
530,1610,16132,16839,32971
530,1620,16293,17013,33306
530,1630,16455,17168,33623
530,1640,16603,17295,33898
530,1650,16747,17438,34185
530,1660,16892,17587,34479
530,1670,17045,17716,34761
530,1680,17164,17875,35039
530,1690,17289,18031,35320
530,1700,17446,18192,35638
530,1710,17572,18349,35921
530,1720,17726,18487,36213
530,1730,17886,18648,36534
530,1740,18025,18808,36833
530,1750,18135,18958,37093
530,1760,18248,19089,37337
530,1770,18362,19213,37575
530,1780,18489,19356,37845
530,1790,18623,19480,38103
530,1800,18768,19602,38370
530,1810,18883,19728,38611
530,1820,18990,19851,38841
530,1830,19126,19979,39105
530,1840,19258,20105,39363
530,1850,19379,20219,39598
530,1860,19494,20305,39799
530,1870,19618,20436,40054
530,1880,19756,20552,40308
530,1890,19893,20681,40574
530,1900,19997,20811,40808
530,1910,20099,20927,41026
530,1920,20199,21055,41254
530,1930,20292,21175,41467
530,1940,20396,21326,41722
530,1950,20514,21470,41984
530,1960,20644,21599,42243
530,1970,20753,21715,42468
530,1980,20878,21835,42713
530,1990,20981,21940,42921
540,540,14,12,26
540,550,158,164,322
540,560,320,321,641
540,570,463,490,953
540,580,616,634,1250
540,590,778,813,1591
540,600,919,973,1892
540,610,1054,1140,2194
540,620,1224,1304,2528
540,630,1371,1475,2846
540,640,1523,1628,3151
540,650,1668,1800,3468
540,660,1819,1930,3749
540,670,1972,2080,4052
540,680,2107,2237,4344
540,690,2249,2407,4656
540,700,2400,2556,4956
540,710,2578,2712,5290
540,720,2754,2864,5618
540,730,2900,3004,5904
540,740,3049,3135,6184
540,750,3222,3274,6496
540,760,3374,3450,6824
540,770,3511,3617,7128
540,780,3654,3772,7426
540,790,3787,3934,7721
540,800,3933,4102,8035
540,810,4085,4239,8324
540,820,4240,4401,8641
540,830,4404,4571,8975
540,840,4550,4708,9258
540,850,4704,4861,9565
540,860,4853,5023,9876
540,870,4999,5176,10175
540,880,5156,5347,10503
540,890,5310,5497,10807
540,900,5444,5648,11092
540,910,5572,5801,11373
540,920,5714,5959,11673
540,930,5854,6118,11972
540,940,6003,6276,12279
540,950,6159,6429,12588
540,960,6302,6573,12875
540,970,6441,6738,13179
540,980,6588,6923,13511
540,990,6744,7093,13837
540,1000,6883,7245,14128
540,1010,7047,7397,14444
540,1020,7194,7536,14730
540,1030,7335,7705,15040
540,1040,7455,7859,15314
540,1050,7582,8016,15598
540,1060,7725,8176,15901
540,1070,7870,8330,16200
540,1080,8002,8489,16491
540,1090,8177,8637,16814
540,1100,8320,8790,17110
540,1110,8468,8929,17397
540,1120,8606,9075,17681
540,1130,8760,9234,17994
540,1140,8901,9383,18284
540,1150,9038,9558,18596
540,1160,9180,9701,18881
540,1170,9338,9855,19193
540,1180,9489,9995,19484
540,1190,9656,10148,19804
540,1200,9797,10312,20109
540,1210,9944,10498,20442
540,1220,10103,10653,20756
540,1230,10272,10814,21086
540,1240,10430,10948,21378
540,1250,10587,11109,21696
540,1260,10693,11285,21978
540,1270,10844,11469,22313
540,1280,10987,11635,22622
540,1290,11137,11792,22929
540,1300,11283,11934,23217
540,1310,11453,12094,23547
540,1320,11586,12241,23827
540,1330,11726,12383,24109
540,1340,11881,12525,24406
540,1350,12037,12687,24724
540,1360,12190,12836,25026
540,1370,12331,12993,25324
540,1380,12482,13154,25636
540,1390,12665,13290,25955
540,1400,12797,13453,26250
540,1410,12934,13637,26571
540,1420,13061,13789,26850
540,1430,13225,13944,27169
540,1440,13371,14098,27469
540,1450,13534,14256,27790
540,1460,13687,14379,28066
540,1470,13844,14530,28374
540,1480,13980,14675,28655
540,1490,14146,14813,28959
540,1500,14308,14960,29268
540,1510,14459,15111,29570
540,1520,14607,15281,29888
540,1530,14751,15438,30189
540,1540,14904,15578,30482
540,1550,15052,15724,30776
540,1560,15243,15901,31144
540,1570,15397,16063,31460
540,1580,15539,16222,31761
540,1590,15716,16375,32091
540,1600,15848,16525,32373
540,1610,15990,16684,32674
540,1620,16151,16858,33009
540,1630,16313,17013,33326
540,1640,16461,17140,33601
540,1650,16605,17283,33888
540,1660,16750,17432,34182
540,1670,16903,17561,34464
540,1680,17022,17720,34742
540,1690,17147,17876,35023
540,1700,17304,18037,35341
540,1710,17430,18194,35624
540,1720,17584,18332,35916
540,1730,17744,18493,36237
540,1740,17883,18653,36536
540,1750,17993,18803,36796
540,1760,18106,18934,37040
540,1770,18220,19058,37278
540,1780,18347,19201,37548
540,1790,18481,19325,37806
540,1800,18626,19447,38073
540,1810,18741,19573,38314
540,1820,18848,19696,38544
540,1830,18984,19824,38808
540,1840,19116,19950,39066
540,1850,19237,20064,39301
540,1860,19352,20150,39502
540,1870,19476,20281,39757
540,1880,19614,20397,40011
540,1890,19751,20526,40277
540,1900,19855,20656,40511
540,1910,19957,20772,40729
540,1920,20057,20900,40957
540,1930,20150,21020,41170
540,1940,20254,21171,41425
540,1950,20372,21315,41687
540,1960,20502,21444,41946
540,1970,20611,21560,42171
540,1980,20736,21680,42416
540,1990,20839,21785,42624
550,550,14,15,29
550,560,176,172,348
550,570,319,341,660
550,580,472,485,957
550,590,634,664,1298
550,600,775,824,1599
550,610,910,991,1901
550,620,1080,1155,2235
550,630,1227,1326,2553
550,640,1379,1479,2858
550,650,1524,1651,3175
550,660,1675,1781,3456
550,670,1828,1931,3759
550,680,1963,2088,4051
550,690,2105,2258,4363
550,700,2256,2407,4663
550,710,2434,2563,4997
550,720,2610,2715,5325
550,730,2756,2855,5611
550,740,2905,2986,5891
550,750,3078,3125,6203
550,760,3230,3301,6531
550,770,3367,3468,6835
550,780,3510,3623,7133
550,790,3643,3785,7428
550,800,3789,3953,7742
550,810,3941,4090,8031
550,820,4096,4252,8348
550,830,4260,4422,8682
550,840,4406,4559,8965
550,850,4560,4712,9272
550,860,4709,4874,9583
550,870,4855,5027,9882
550,880,5012,5198,10210
550,890,5166,5348,10514
550,900,5300,5499,10799
550,910,5428,5652,11080
550,920,5570,5810,11380
550,930,5710,5969,11679
550,940,5859,6127,11986
550,950,6015,6280,12295
550,960,6158,6424,12582
550,970,6297,6589,12886
550,980,6444,6774,13218
550,990,6600,6944,13544
550,1000,6739,7096,13835
550,1010,6903,7248,14151
550,1020,7050,7387,14437
550,1030,7191,7556,14747
550,1040,7311,7710,15021
550,1050,7438,7867,15305
550,1060,7581,8027,15608
550,1070,7726,8181,15907
550,1080,7858,8340,16198
550,1090,8033,8488,16521
550,1100,8176,8641,16817
550,1110,8324,8780,17104
550,1120,8462,8926,17388
550,1130,8616,9085,17701
550,1140,8757,9234,17991
550,1150,8894,9409,18303
550,1160,9036,9552,18588
550,1170,9194,9706,18900
550,1180,9345,9846,19191
550,1190,9512,9999,19511
550,1200,9653,10163,19816
550,1210,9800,10349,20149
550,1220,9959,10504,20463
550,1230,10128,10665,20793
550,1240,10286,10799,21085
550,1250,10443,10960,21403
550,1260,10549,11136,21685
550,1270,10700,11320,22020
550,1280,10843,11486,22329
550,1290,10993,11643,22636
550,1300,11139,11785,22924
550,1310,11309,11945,23254
550,1320,11442,12092,23534
550,1330,11582,12234,23816
550,1340,11737,12376,24113
550,1350,11893,12538,24431
550,1360,12046,12687,24733
550,1370,12187,12844,25031
550,1380,12338,13005,25343
550,1390,12521,13141,25662
550,1400,12653,13304,25957
550,1410,12790,13488,26278
550,1420,12917,13640,26557
550,1430,13081,13795,26876
550,1440,13227,13949,27176
550,1450,13390,14107,27497
550,1460,13543,14230,27773
550,1470,13700,14381,28081
550,1480,13836,14526,28362
550,1490,14002,14664,28666
550,1500,14164,14811,28975
550,1510,14315,14962,29277
550,1520,14463,15132,29595
550,1530,14607,15289,29896
550,1540,14760,15429,30189
550,1550,14908,15575,30483
550,1560,15099,15752,30851
550,1570,15253,15914,31167
550,1580,15395,16073,31468
550,1590,15572,16226,31798
550,1600,15704,16376,32080
550,1610,15846,16535,32381
550,1620,16007,16709,32716
550,1630,16169,16864,33033
550,1640,16317,16991,33308
550,1650,16461,17134,33595
550,1660,16606,17283,33889
550,1670,16759,17412,34171
550,1680,16878,17571,34449
550,1690,17003,17727,34730
550,1700,17160,17888,35048
550,1710,17286,18045,35331
550,1720,17440,18183,35623
550,1730,17600,18344,35944
550,1740,17739,18504,36243
550,1750,17849,18654,36503
550,1760,17962,18785,36747
550,1770,18076,18909,36985
550,1780,18203,19052,37255
550,1790,18337,19176,37513
550,1800,18482,19298,37780
550,1810,18597,19424,38021
550,1820,18704,19547,38251
550,1830,18840,19675,38515
550,1840,18972,19801,38773
550,1850,19093,19915,39008
550,1860,19208,20001,39209
550,1870,19332,20132,39464
550,1880,19470,20248,39718
550,1890,19607,20377,39984
550,1900,19711,20507,40218
550,1910,19813,20623,40436
550,1920,19913,20751,40664
550,1930,20006,20871,40877
550,1940,20110,21022,41132
550,1950,20228,21166,41394
550,1960,20358,21295,41653
550,1970,20467,21411,41878
550,1980,20592,21531,42123
550,1990,20695,21636,42331
560,560,20,12,32
560,570,163,181,344
560,580,316,325,641
560,590,478,504,982
560,600,619,664,1283
560,610,754,831,1585
560,620,924,995,1919
560,630,1071,1166,2237
560,640,1223,1319,2542
560,650,1368,1491,2859
560,660,1519,1621,3140
560,670,1672,1771,3443
560,680,1807,1928,3735
560,690,1949,2098,4047
560,700,2100,2247,4347
560,710,2278,2403,4681
560,720,2454,2555,5009
560,730,2600,2695,5295
560,740,2749,2826,5575
560,750,2922,2965,5887
560,760,3074,3141,6215
560,770,3211,3308,6519
560,780,3354,3463,6817
560,790,3487,3625,7112
560,800,3633,3793,7426
560,810,3785,3930,7715
560,820,3940,4092,8032
560,830,4104,4262,8366
560,840,4250,4399,8649
560,850,4404,4552,8956
560,860,4553,4714,9267
560,870,4699,4867,9566
560,880,4856,5038,9894
560,890,5010,5188,10198
560,900,5144,5339,10483
560,910,5272,5492,10764
560,920,5414,5650,11064
560,930,5554,5809,11363
560,940,5703,5967,11670
560,950,5859,6120,11979
560,960,6002,6264,12266
560,970,6141,6429,12570
560,980,6288,6614,12902
560,990,6444,6784,13228
560,1000,6583,6936,13519
560,1010,6747,7088,13835
560,1020,6894,7227,14121
560,1030,7035,7396,14431
560,1040,7155,7550,14705
560,1050,7282,7707,14989
560,1060,7425,7867,15292
560,1070,7570,8021,15591
560,1080,7702,8180,15882
560,1090,7877,8328,16205
560,1100,8020,8481,16501
560,1110,8168,8620,16788
560,1120,8306,8766,17072
560,1130,8460,8925,17385
560,1140,8601,9074,17675
560,1150,8738,9249,17987
560,1160,8880,9392,18272
560,1170,9038,9546,18584
560,1180,9189,9686,18875
560,1190,9356,9839,19195
560,1200,9497,10003,19500
560,1210,9644,10189,19833
560,1220,9803,10344,20147
560,1230,9972,10505,20477
560,1240,10130,10639,20769
560,1250,10287,10800,21087
560,1260,10393,10976,21369
560,1270,10544,11160,21704
560,1280,10687,11326,22013
560,1290,10837,11483,22320
560,1300,10983,11625,22608
560,1310,11153,11785,22938
560,1320,11286,11932,23218
560,1330,11426,12074,23500
560,1340,11581,12216,23797
560,1350,11737,12378,24115
560,1360,11890,12527,24417
560,1370,12031,12684,24715
560,1380,12182,12845,25027
560,1390,12365,12981,25346
560,1400,12497,13144,25641
560,1410,12634,13328,25962
560,1420,12761,13480,26241
560,1430,12925,13635,26560
560,1440,13071,13789,26860
560,1450,13234,13947,27181
560,1460,13387,14070,27457
560,1470,13544,14221,27765
560,1480,13680,14366,28046
560,1490,13846,14504,28350
560,1500,14008,14651,28659
560,1510,14159,14802,28961
560,1520,14307,14972,29279
560,1530,14451,15129,29580
560,1540,14604,15269,29873
560,1550,14752,15415,30167
560,1560,14943,15592,30535
560,1570,15097,15754,30851
560,1580,15239,15913,31152
560,1590,15416,16066,31482
560,1600,15548,16216,31764
560,1610,15690,16375,32065
560,1620,15851,16549,32400
560,1630,16013,16704,32717
560,1640,16161,16831,32992
560,1650,16305,16974,33279
560,1660,16450,17123,33573
560,1670,16603,17252,33855
560,1680,16722,17411,34133
560,1690,16847,17567,34414
560,1700,17004,17728,34732
560,1710,17130,17885,35015
560,1720,17284,18023,35307
560,1730,17444,18184,35628
560,1740,17583,18344,35927
560,1750,17693,18494,36187
560,1760,17806,18625,36431
560,1770,17920,18749,36669
560,1780,18047,18892,36939
560,1790,18181,19016,37197
560,1800,18326,19138,37464
560,1810,18441,19264,37705
560,1820,18548,19387,37935
560,1830,18684,19515,38199
560,1840,18816,19641,38457
560,1850,18937,19755,38692
560,1860,19052,19841,38893
560,1870,19176,19972,39148
560,1880,19314,20088,39402
560,1890,19451,20217,39668
560,1900,19555,20347,39902
560,1910,19657,20463,40120
560,1920,19757,20591,40348
560,1930,19850,20711,40561
560,1940,19954,20862,40816
560,1950,20072,21006,41078
560,1960,20202,21135,41337
560,1970,20311,21251,41562
560,1980,20436,21371,41807
560,1990,20539,21476,42015
570,570,12,27,39
570,580,165,171,336
570,590,327,350,677
570,600,468,510,978
570,610,603,677,1280
570,620,773,841,1614
570,630,920,1012,1932
570,640,1072,1165,2237
570,650,1217,1337,2554
570,660,1368,1467,2835
570,670,1521,1617,3138
570,680,1656,1774,3430
570,690,1798,1944,3742
570,700,1949,2093,4042
570,710,2127,2249,4376
570,720,2303,2401,4704
570,730,2449,2541,4990
570,740,2598,2672,5270
570,750,2771,2811,5582
570,760,2923,2987,5910
570,770,3060,3154,6214
570,780,3203,3309,6512
570,790,3336,3471,6807
570,800,3482,3639,7121
570,810,3634,3776,7410
570,820,3789,3938,7727
570,830,3953,4108,8061
570,840,4099,4245,8344
570,850,4253,4398,8651
570,860,4402,4560,8962
570,870,4548,4713,9261
570,880,4705,4884,9589
570,890,4859,5034,9893
570,900,4993,5185,10178
570,910,5121,5338,10459
570,920,5263,5496,10759
570,930,5403,5655,11058
570,940,5552,5813,11365
570,950,5708,5966,11674
570,960,5851,6110,11961
570,970,5990,6275,12265
570,980,6137,6460,12597
570,990,6293,6630,12923
570,1000,6432,6782,13214
570,1010,6596,6934,13530
570,1020,6743,7073,13816
570,1030,6884,7242,14126
570,1040,7004,7396,14400
570,1050,7131,7553,14684
570,1060,7274,7713,14987
570,1070,7419,7867,15286
570,1080,7551,8026,15577
570,1090,7726,8174,15900
570,1100,7869,8327,16196
570,1110,8017,8466,16483
570,1120,8155,8612,16767
570,1130,8309,8771,17080
570,1140,8450,8920,17370
570,1150,8587,9095,17682
570,1160,8729,9238,17967
570,1170,8887,9392,18279
570,1180,9038,9532,18570
570,1190,9205,9685,18890
570,1200,9346,9849,19195
570,1210,9493,10035,19528
570,1220,9652,10190,19842
570,1230,9821,10351,20172
570,1240,9979,10485,20464
570,1250,10136,10646,20782
570,1260,10242,10822,21064
570,1270,10393,11006,21399
570,1280,10536,11172,21708
570,1290,10686,11329,22015
570,1300,10832,11471,22303
570,1310,11002,11631,22633
570,1320,11135,11778,22913
570,1330,11275,11920,23195
570,1340,11430,12062,23492
570,1350,11586,12224,23810
570,1360,11739,12373,24112
570,1370,11880,12530,24410
570,1380,12031,12691,24722
570,1390,12214,12827,25041
570,1400,12346,12990,25336
570,1410,12483,13174,25657
570,1420,12610,13326,25936
570,1430,12774,13481,26255
570,1440,12920,13635,26555
570,1450,13083,13793,26876
570,1460,13236,13916,27152
570,1470,13393,14067,27460
570,1480,13529,14212,27741
570,1490,13695,14350,28045
570,1500,13857,14497,28354
570,1510,14008,14648,28656
570,1520,14156,14818,28974
570,1530,14300,14975,29275
570,1540,14453,15115,29568
570,1550,14601,15261,29862
570,1560,14792,15438,30230
570,1570,14946,15600,30546
570,1580,15088,15759,30847
570,1590,15265,15912,31177
570,1600,15397,16062,31459
570,1610,15539,16221,31760
570,1620,15700,16395,32095
570,1630,15862,16550,32412
570,1640,16010,16677,32687
570,1650,16154,16820,32974
570,1660,16299,16969,33268
570,1670,16452,17098,33550
570,1680,16571,17257,33828
570,1690,16696,17413,34109
570,1700,16853,17574,34427
570,1710,16979,17731,34710
570,1720,17133,17869,35002
570,1730,17293,18030,35323
570,1740,17432,18190,35622
570,1750,17542,18340,35882
570,1760,17655,18471,36126
570,1770,17769,18595,36364
570,1780,17896,18738,36634
570,1790,18030,18862,36892
570,1800,18175,18984,37159
570,1810,18290,19110,37400
570,1820,18397,19233,37630
570,1830,18533,19361,37894
570,1840,18665,19487,38152
570,1850,18786,19601,38387
570,1860,18901,19687,38588
570,1870,19025,19818,38843
570,1880,19163,19934,39097
570,1890,19300,20063,39363
570,1900,19404,20193,39597
570,1910,19506,20309,39815
570,1920,19606,20437,40043
570,1930,19699,20557,40256
570,1940,19803,20708,40511
570,1950,19921,20852,40773
570,1960,20051,20981,41032
570,1970,20160,21097,41257
570,1980,20285,21217,41502
570,1990,20388,21322,41710
580,580,14,14,28
580,590,176,193,369
580,600,317,353,670
580,610,452,520,972
580,620,622,684,1306
580,630,769,855,1624
580,640,921,1008,1929
580,650,1066,1180,2246
580,660,1217,1310,2527
580,670,1370,1460,2830
580,680,1505,1617,3122
580,690,1647,1787,3434
580,700,1798,1936,3734
580,710,1976,2092,4068
580,720,2152,2244,4396
580,730,2298,2384,4682
580,740,2447,2515,4962
580,750,2620,2654,5274
580,760,2772,2830,5602
580,770,2909,2997,5906
580,780,3052,3152,6204
580,790,3185,3314,6499
580,800,3331,3482,6813
580,810,3483,3619,7102
580,820,3638,3781,7419
580,830,3802,3951,7753
580,840,3948,4088,8036
580,850,4102,4241,8343
580,860,4251,4403,8654
580,870,4397,4556,8953
580,880,4554,4727,9281
580,890,4708,4877,9585
580,900,4842,5028,9870
580,910,4970,5181,10151
580,920,5112,5339,10451
580,930,5252,5498,10750
580,940,5401,5656,11057
580,950,5557,5809,11366
580,960,5700,5953,11653
580,970,5839,6118,11957
580,980,5986,6303,12289
580,990,6142,6473,12615
580,1000,6281,6625,12906
580,1010,6445,6777,13222
580,1020,6592,6916,13508
580,1030,6733,7085,13818
580,1040,6853,7239,14092
580,1050,6980,7396,14376
580,1060,7123,7556,14679
580,1070,7268,7710,14978
580,1080,7400,7869,15269
580,1090,7575,8017,15592
580,1100,7718,8170,15888
580,1110,7866,8309,16175
580,1120,8004,8455,16459
580,1130,8158,8614,16772
580,1140,8299,8763,17062
580,1150,8436,8938,17374
580,1160,8578,9081,17659
580,1170,8736,9235,17971
580,1180,8887,9375,18262
580,1190,9054,9528,18582
580,1200,9195,9692,18887
580,1210,9342,9878,19220
580,1220,9501,10033,19534
580,1230,9670,10194,19864
580,1240,9828,10328,20156
580,1250,9985,10489,20474
580,1260,10091,10665,20756
580,1270,10242,10849,21091
580,1280,10385,11015,21400
580,1290,10535,11172,21707
580,1300,10681,11314,21995
580,1310,10851,11474,22325
580,1320,10984,11621,22605
580,1330,11124,11763,22887
580,1340,11279,11905,23184
580,1350,11435,12067,23502
580,1360,11588,12216,23804
580,1370,11729,12373,24102
580,1380,11880,12534,24414
580,1390,12063,12670,24733
580,1400,12195,12833,25028
580,1410,12332,13017,25349
580,1420,12459,13169,25628
580,1430,12623,13324,25947
580,1440,12769,13478,26247
580,1450,12932,13636,26568
580,1460,13085,13759,26844
580,1470,13242,13910,27152
580,1480,13378,14055,27433
580,1490,13544,14193,27737
580,1500,13706,14340,28046
580,1510,13857,14491,28348
580,1520,14005,14661,28666
580,1530,14149,14818,28967
580,1540,14302,14958,29260
580,1550,14450,15104,29554
580,1560,14641,15281,29922
580,1570,14795,15443,30238
580,1580,14937,15602,30539
580,1590,15114,15755,30869
580,1600,15246,15905,31151
580,1610,15388,16064,31452
580,1620,15549,16238,31787
580,1630,15711,16393,32104
580,1640,15859,16520,32379
580,1650,16003,16663,32666
580,1660,16148,16812,32960
580,1670,16301,16941,33242
580,1680,16420,17100,33520
580,1690,16545,17256,33801
580,1700,16702,17417,34119
580,1710,16828,17574,34402
580,1720,16982,17712,34694
580,1730,17142,17873,35015
580,1740,17281,18033,35314
580,1750,17391,18183,35574
580,1760,17504,18314,35818
580,1770,17618,18438,36056
580,1780,17745,18581,36326
580,1790,17879,18705,36584
580,1800,18024,18827,36851
580,1810,18139,18953,37092
580,1820,18246,19076,37322
580,1830,18382,19204,37586
580,1840,18514,19330,37844
580,1850,18635,19444,38079
580,1860,18750,19530,38280
580,1870,18874,19661,38535
580,1880,19012,19777,38789
580,1890,19149,19906,39055
580,1900,19253,20036,39289
580,1910,19355,20152,39507
580,1920,19455,20280,39735
580,1930,19548,20400,39948
580,1940,19652,20551,40203
580,1950,19770,20695,40465
580,1960,19900,20824,40724
580,1970,20009,20940,40949
580,1980,20134,21060,41194
580,1990,20237,21165,41402
590,590,21,17,38
590,600,162,177,339
590,610,297,344,641
590,620,467,508,975
590,630,614,679,1293
590,640,766,832,1598
590,650,911,1004,1915
590,660,1062,1134,2196
590,670,1215,1284,2499
590,680,1350,1441,2791
590,690,1492,1611,3103
590,700,1643,1760,3403
590,710,1821,1916,3737
590,720,1997,2068,4065
590,730,2143,2208,4351
590,740,2292,2339,4631
590,750,2465,2478,4943
590,760,2617,2654,5271
590,770,2754,2821,5575
590,780,2897,2976,5873
590,790,3030,3138,6168
590,800,3176,3306,6482
590,810,3328,3443,6771
590,820,3483,3605,7088
590,830,3647,3775,7422
590,840,3793,3912,7705
590,850,3947,4065,8012
590,860,4096,4227,8323
590,870,4242,4380,8622
590,880,4399,4551,8950
590,890,4553,4701,9254
590,900,4687,4852,9539
590,910,4815,5005,9820
590,920,4957,5163,10120
590,930,5097,5322,10419
590,940,5246,5480,10726
590,950,5402,5633,11035
590,960,5545,5777,11322
590,970,5684,5942,11626
590,980,5831,6127,11958
590,990,5987,6297,12284
590,1000,6126,6449,12575
590,1010,6290,6601,12891
590,1020,6437,6740,13177
590,1030,6578,6909,13487
590,1040,6698,7063,13761
590,1050,6825,7220,14045
590,1060,6968,7380,14348
590,1070,7113,7534,14647
590,1080,7245,7693,14938
590,1090,7420,7841,15261
590,1100,7563,7994,15557
590,1110,7711,8133,15844
590,1120,7849,8279,16128
590,1130,8003,8438,16441
590,1140,8144,8587,16731
590,1150,8281,8762,17043
590,1160,8423,8905,17328
590,1170,8581,9059,17640
590,1180,8732,9199,17931
590,1190,8899,9352,18251
590,1200,9040,9516,18556
590,1210,9187,9702,18889
590,1220,9346,9857,19203
590,1230,9515,10018,19533
590,1240,9673,10152,19825
590,1250,9830,10313,20143
590,1260,9936,10489,20425
590,1270,10087,10673,20760
590,1280,10230,10839,21069
590,1290,10380,10996,21376
590,1300,10526,11138,21664
590,1310,10696,11298,21994
590,1320,10829,11445,22274
590,1330,10969,11587,22556
590,1340,11124,11729,22853
590,1350,11280,11891,23171
590,1360,11433,12040,23473
590,1370,11574,12197,23771
590,1380,11725,12358,24083
590,1390,11908,12494,24402
590,1400,12040,12657,24697
590,1410,12177,12841,25018
590,1420,12304,12993,25297
590,1430,12468,13148,25616
590,1440,12614,13302,25916
590,1450,12777,13460,26237
590,1460,12930,13583,26513
590,1470,13087,13734,26821
590,1480,13223,13879,27102
590,1490,13389,14017,27406
590,1500,13551,14164,27715
590,1510,13702,14315,28017
590,1520,13850,14485,28335
590,1530,13994,14642,28636
590,1540,14147,14782,28929
590,1550,14295,14928,29223
590,1560,14486,15105,29591
590,1570,14640,15267,29907
590,1580,14782,15426,30208
590,1590,14959,15579,30538
590,1600,15091,15729,30820
590,1610,15233,15888,31121
590,1620,15394,16062,31456
590,1630,15556,16217,31773
590,1640,15704,16344,32048
590,1650,15848,16487,32335
590,1660,15993,16636,32629
590,1670,16146,16765,32911
590,1680,16265,16924,33189
590,1690,16390,17080,33470
590,1700,16547,17241,33788
590,1710,16673,17398,34071
590,1720,16827,17536,34363
590,1730,16987,17697,34684
590,1740,17126,17857,34983
590,1750,17236,18007,35243
590,1760,17349,18138,35487
590,1770,17463,18262,35725
590,1780,17590,18405,35995
590,1790,17724,18529,36253
590,1800,17869,18651,36520
590,1810,17984,18777,36761
590,1820,18091,18900,36991
590,1830,18227,19028,37255
590,1840,18359,19154,37513
590,1850,18480,19268,37748
590,1860,18595,19354,37949
590,1870,18719,19485,38204
590,1880,18857,19601,38458
590,1890,18994,19730,38724
590,1900,19098,19860,38958
590,1910,19200,19976,39176
590,1920,19300,20104,39404
590,1930,19393,20224,39617
590,1940,19497,20375,39872
590,1950,19615,20519,40134
590,1960,19745,20648,40393
590,1970,19854,20764,40618
590,1980,19979,20884,40863
590,1990,20082,20989,41071
600,600,14,17,31
600,610,149,184,333
600,620,319,348,667
600,630,466,519,985
600,640,618,672,1290
600,650,763,844,1607
600,660,914,974,1888
600,670,1067,1124,2191
600,680,1202,1281,2483
600,690,1344,1451,2795
600,700,1495,1600,3095
600,710,1673,1756,3429
600,720,1849,1908,3757
600,730,1995,2048,4043
600,740,2144,2179,4323
600,750,2317,2318,4635
600,760,2469,2494,4963
600,770,2606,2661,5267
600,780,2749,2816,5565
600,790,2882,2978,5860
600,800,3028,3146,6174
600,810,3180,3283,6463
600,820,3335,3445,6780
600,830,3499,3615,7114
600,840,3645,3752,7397
600,850,3799,3905,7704
600,860,3948,4067,8015
600,870,4094,4220,8314
600,880,4251,4391,8642
600,890,4405,4541,8946
600,900,4539,4692,9231
600,910,4667,4845,9512
600,920,4809,5003,9812
600,930,4949,5162,10111
600,940,5098,5320,10418
600,950,5254,5473,10727
600,960,5397,5617,11014
600,970,5536,5782,11318
600,980,5683,5967,11650
600,990,5839,6137,11976
600,1000,5978,6289,12267
600,1010,6142,6441,12583
600,1020,6289,6580,12869
600,1030,6430,6749,13179
600,1040,6550,6903,13453
600,1050,6677,7060,13737
600,1060,6820,7220,14040
600,1070,6965,7374,14339
600,1080,7097,7533,14630
600,1090,7272,7681,14953
600,1100,7415,7834,15249
600,1110,7563,7973,15536
600,1120,7701,8119,15820
600,1130,7855,8278,16133
600,1140,7996,8427,16423
600,1150,8133,8602,16735
600,1160,8275,8745,17020
600,1170,8433,8899,17332
600,1180,8584,9039,17623
600,1190,8751,9192,17943
600,1200,8892,9356,18248
600,1210,9039,9542,18581
600,1220,9198,9697,18895
600,1230,9367,9858,19225
600,1240,9525,9992,19517
600,1250,9682,10153,19835
600,1260,9788,10329,20117
600,1270,9939,10513,20452
600,1280,10082,10679,20761
600,1290,10232,10836,21068
600,1300,10378,10978,21356
600,1310,10548,11138,21686
600,1320,10681,11285,21966
600,1330,10821,11427,22248
600,1340,10976,11569,22545
600,1350,11132,11731,22863
600,1360,11285,11880,23165
600,1370,11426,12037,23463
600,1380,11577,12198,23775
600,1390,11760,12334,24094
600,1400,11892,12497,24389
600,1410,12029,12681,24710
600,1420,12156,12833,24989
600,1430,12320,12988,25308
600,1440,12466,13142,25608
600,1450,12629,13300,25929
600,1460,12782,13423,26205
600,1470,12939,13574,26513
600,1480,13075,13719,26794
600,1490,13241,13857,27098
600,1500,13403,14004,27407
600,1510,13554,14155,27709
600,1520,13702,14325,28027
600,1530,13846,14482,28328
600,1540,13999,14622,28621
600,1550,14147,14768,28915
600,1560,14338,14945,29283
600,1570,14492,15107,29599
600,1580,14634,15266,29900
600,1590,14811,15419,30230
600,1600,14943,15569,30512
600,1610,15085,15728,30813
600,1620,15246,15902,31148
600,1630,15408,16057,31465
600,1640,15556,16184,31740
600,1650,15700,16327,32027
600,1660,15845,16476,32321
600,1670,15998,16605,32603
600,1680,16117,16764,32881
600,1690,16242,16920,33162
600,1700,16399,17081,33480
600,1710,16525,17238,33763
600,1720,16679,17376,34055
600,1730,16839,17537,34376
600,1740,16978,17697,34675
600,1750,17088,17847,34935
600,1760,17201,17978,35179
600,1770,17315,18102,35417
600,1780,17442,18245,35687
600,1790,17576,18369,35945
600,1800,17721,18491,36212
600,1810,17836,18617,36453
600,1820,17943,18740,36683
600,1830,18079,18868,36947
600,1840,18211,18994,37205
600,1850,18332,19108,37440
600,1860,18447,19194,37641
600,1870,18571,19325,37896
600,1880,18709,19441,38150
600,1890,18846,19570,38416
600,1900,18950,19700,38650
600,1910,19052,19816,38868
600,1920,19152,19944,39096
600,1930,19245,20064,39309
600,1940,19349,20215,39564
600,1950,19467,20359,39826
600,1960,19597,20488,40085
600,1970,19706,20604,40310
600,1980,19831,20724,40555
600,1990,19934,20829,40763
610,610,12,15,27
610,620,182,179,361
610,630,329,350,679
610,640,481,503,984
610,650,626,675,1301
610,660,777,805,1582
610,670,930,955,1885
610,680,1065,1112,2177
610,690,1207,1282,2489
610,700,1358,1431,2789
610,710,1536,1587,3123
610,720,1712,1739,3451
610,730,1858,1879,3737
610,740,2007,2010,4017
610,750,2180,2149,4329
610,760,2332,2325,4657
610,770,2469,2492,4961
610,780,2612,2647,5259
610,790,2745,2809,5554
610,800,2891,2977,5868
610,810,3043,3114,6157
610,820,3198,3276,6474
610,830,3362,3446,6808
610,840,3508,3583,7091
610,850,3662,3736,7398
610,860,3811,3898,7709
610,870,3957,4051,8008
610,880,4114,4222,8336
610,890,4268,4372,8640
610,900,4402,4523,8925
610,910,4530,4676,9206
610,920,4672,4834,9506
610,930,4812,4993,9805
610,940,4961,5151,10112
610,950,5117,5304,10421
610,960,5260,5448,10708
610,970,5399,5613,11012
610,980,5546,5798,11344
610,990,5702,5968,11670
610,1000,5841,6120,11961
610,1010,6005,6272,12277
610,1020,6152,6411,12563
610,1030,6293,6580,12873
610,1040,6413,6734,13147
610,1050,6540,6891,13431
610,1060,6683,7051,13734
610,1070,6828,7205,14033
610,1080,6960,7364,14324
610,1090,7135,7512,14647
610,1100,7278,7665,14943
610,1110,7426,7804,15230
610,1120,7564,7950,15514
610,1130,7718,8109,15827
610,1140,7859,8258,16117
610,1150,7996,8433,16429
610,1160,8138,8576,16714
610,1170,8296,8730,17026
610,1180,8447,8870,17317
610,1190,8614,9023,17637
610,1200,8755,9187,17942
610,1210,8902,9373,18275
610,1220,9061,9528,18589
610,1230,9230,9689,18919
610,1240,9388,9823,19211
610,1250,9545,9984,19529
610,1260,9651,10160,19811
610,1270,9802,10344,20146
610,1280,9945,10510,20455
610,1290,10095,10667,20762
610,1300,10241,10809,21050
610,1310,10411,10969,21380
610,1320,10544,11116,21660
610,1330,10684,11258,21942
610,1340,10839,11400,22239
610,1350,10995,11562,22557
610,1360,11148,11711,22859
610,1370,11289,11868,23157
610,1380,11440,12029,23469
610,1390,11623,12165,23788
610,1400,11755,12328,24083
610,1410,11892,12512,24404
610,1420,12019,12664,24683
610,1430,12183,12819,25002
610,1440,12329,12973,25302
610,1450,12492,13131,25623
610,1460,12645,13254,25899
610,1470,12802,13405,26207
610,1480,12938,13550,26488
610,1490,13104,13688,26792
610,1500,13266,13835,27101
610,1510,13417,13986,27403
610,1520,13565,14156,27721
610,1530,13709,14313,28022
610,1540,13862,14453,28315
610,1550,14010,14599,28609
610,1560,14201,14776,28977
610,1570,14355,14938,29293
610,1580,14497,15097,29594
610,1590,14674,15250,29924
610,1600,14806,15400,30206
610,1610,14948,15559,30507
610,1620,15109,15733,30842
610,1630,15271,15888,31159
610,1640,15419,16015,31434
610,1650,15563,16158,31721
610,1660,15708,16307,32015
610,1670,15861,16436,32297
610,1680,15980,16595,32575
610,1690,16105,16751,32856
610,1700,16262,16912,33174
610,1710,16388,17069,33457
610,1720,16542,17207,33749
610,1730,16702,17368,34070
610,1740,16841,17528,34369
610,1750,16951,17678,34629
610,1760,17064,17809,34873
610,1770,17178,17933,35111
610,1780,17305,18076,35381
610,1790,17439,18200,35639
610,1800,17584,18322,35906
610,1810,17699,18448,36147
610,1820,17806,18571,36377
610,1830,17942,18699,36641
610,1840,18074,18825,36899
610,1850,18195,18939,37134
610,1860,18310,19025,37335
610,1870,18434,19156,37590
610,1880,18572,19272,37844
610,1890,18709,19401,38110
610,1900,18813,19531,38344
610,1910,18915,19647,38562
610,1920,19015,19775,38790
610,1930,19108,19895,39003
610,1940,19212,20046,39258
610,1950,19330,20190,39520
610,1960,19460,20319,39779
610,1970,19569,20435,40004
610,1980,19694,20555,40249
610,1990,19797,20660,40457
620,620,19,19,38
620,630,166,190,356
620,640,318,343,661
620,650,463,515,978
620,660,614,645,1259
620,670,767,795,1562
620,680,902,952,1854
620,690,1044,1122,2166
620,700,1195,1271,2466
620,710,1373,1427,2800
620,720,1549,1579,3128
620,730,1695,1719,3414
620,740,1844,1850,3694
620,750,2017,1989,4006
620,760,2169,2165,4334
620,770,2306,2332,4638
620,780,2449,2487,4936
620,790,2582,2649,5231
620,800,2728,2817,5545
620,810,2880,2954,5834
620,820,3035,3116,6151
620,830,3199,3286,6485
620,840,3345,3423,6768
620,850,3499,3576,7075
620,860,3648,3738,7386
620,870,3794,3891,7685
620,880,3951,4062,8013
620,890,4105,4212,8317
620,900,4239,4363,8602
620,910,4367,4516,8883
620,920,4509,4674,9183
620,930,4649,4833,9482
620,940,4798,4991,9789
620,950,4954,5144,10098
620,960,5097,5288,10385
620,970,5236,5453,10689
620,980,5383,5638,11021
620,990,5539,5808,11347
620,1000,5678,5960,11638
620,1010,5842,6112,11954
620,1020,5989,6251,12240
620,1030,6130,6420,12550
620,1040,6250,6574,12824
620,1050,6377,6731,13108
620,1060,6520,6891,13411
620,1070,6665,7045,13710
620,1080,6797,7204,14001
620,1090,6972,7352,14324
620,1100,7115,7505,14620
620,1110,7263,7644,14907
620,1120,7401,7790,15191
620,1130,7555,7949,15504
620,1140,7696,8098,15794
620,1150,7833,8273,16106
620,1160,7975,8416,16391
620,1170,8133,8570,16703
620,1180,8284,8710,16994
620,1190,8451,8863,17314
620,1200,8592,9027,17619
620,1210,8739,9213,17952
620,1220,8898,9368,18266
620,1230,9067,9529,18596
620,1240,9225,9663,18888
620,1250,9382,9824,19206
620,1260,9488,10000,19488
620,1270,9639,10184,19823
620,1280,9782,10350,20132
620,1290,9932,10507,20439
620,1300,10078,10649,20727
620,1310,10248,10809,21057
620,1320,10381,10956,21337
620,1330,10521,11098,21619
620,1340,10676,11240,21916
620,1350,10832,11402,22234
620,1360,10985,11551,22536
620,1370,11126,11708,22834
620,1380,11277,11869,23146
620,1390,11460,12005,23465
620,1400,11592,12168,23760
620,1410,11729,12352,24081
620,1420,11856,12504,24360
620,1430,12020,12659,24679
620,1440,12166,12813,24979
620,1450,12329,12971,25300
620,1460,12482,13094,25576
620,1470,12639,13245,25884
620,1480,12775,13390,26165
620,1490,12941,13528,26469
620,1500,13103,13675,26778
620,1510,13254,13826,27080
620,1520,13402,13996,27398
620,1530,13546,14153,27699
620,1540,13699,14293,27992
620,1550,13847,14439,28286
620,1560,14038,14616,28654
620,1570,14192,14778,28970
620,1580,14334,14937,29271
620,1590,14511,15090,29601
620,1600,14643,15240,29883
620,1610,14785,15399,30184
620,1620,14946,15573,30519
620,1630,15108,15728,30836
620,1640,15256,15855,31111
620,1650,15400,15998,31398
620,1660,15545,16147,31692
620,1670,15698,16276,31974
620,1680,15817,16435,32252
620,1690,15942,16591,32533
620,1700,16099,16752,32851
620,1710,16225,16909,33134
620,1720,16379,17047,33426
620,1730,16539,17208,33747
620,1740,16678,17368,34046
620,1750,16788,17518,34306
620,1760,16901,17649,34550
620,1770,17015,17773,34788
620,1780,17142,17916,35058
620,1790,17276,18040,35316
620,1800,17421,18162,35583
620,1810,17536,18288,35824
620,1820,17643,18411,36054
620,1830,17779,18539,36318
620,1840,17911,18665,36576
620,1850,18032,18779,36811
620,1860,18147,18865,37012
620,1870,18271,18996,37267
620,1880,18409,19112,37521
620,1890,18546,19241,37787
620,1900,18650,19371,38021
620,1910,18752,19487,38239
620,1920,18852,19615,38467
620,1930,18945,19735,38680
620,1940,19049,19886,38935
620,1950,19167,20030,39197
620,1960,19297,20159,39456
620,1970,19406,20275,39681
620,1980,19531,20395,39926
620,1990,19634,20500,40134
630,630,19,15,34
630,640,171,168,339
630,650,316,340,656
630,660,467,470,937
630,670,620,620,1240
630,680,755,777,1532
630,690,897,947,1844
630,700,1048,1096,2144
630,710,1226,1252,2478
630,720,1402,1404,2806
630,730,1548,1544,3092
630,740,1697,1675,3372
630,750,1870,1814,3684
630,760,2022,1990,4012
630,770,2159,2157,4316
630,780,2302,2312,4614
630,790,2435,2474,4909
630,800,2581,2642,5223
630,810,2733,2779,5512
630,820,2888,2941,5829
630,830,3052,3111,6163
630,840,3198,3248,6446
630,850,3352,3401,6753
630,860,3501,3563,7064
630,870,3647,3716,7363
630,880,3804,3887,7691
630,890,3958,4037,7995
630,900,4092,4188,8280
630,910,4220,4341,8561
630,920,4362,4499,8861
630,930,4502,4658,9160
630,940,4651,4816,9467
630,950,4807,4969,9776
630,960,4950,5113,10063
630,970,5089,5278,10367
630,980,5236,5463,10699
630,990,5392,5633,11025
630,1000,5531,5785,11316
630,1010,5695,5937,11632
630,1020,5842,6076,11918
630,1030,5983,6245,12228
630,1040,6103,6399,12502
630,1050,6230,6556,12786
630,1060,6373,6716,13089
630,1070,6518,6870,13388
630,1080,6650,7029,13679
630,1090,6825,7177,14002
630,1100,6968,7330,14298
630,1110,7116,7469,14585
630,1120,7254,7615,14869
630,1130,7408,7774,15182
630,1140,7549,7923,15472
630,1150,7686,8098,15784
630,1160,7828,8241,16069
630,1170,7986,8395,16381
630,1180,8137,8535,16672
630,1190,8304,8688,16992
630,1200,8445,8852,17297
630,1210,8592,9038,17630
630,1220,8751,9193,17944
630,1230,8920,9354,18274
630,1240,9078,9488,18566
630,1250,9235,9649,18884
630,1260,9341,9825,19166
630,1270,9492,10009,19501
630,1280,9635,10175,19810
630,1290,9785,10332,20117
630,1300,9931,10474,20405
630,1310,10101,10634,20735
630,1320,10234,10781,21015
630,1330,10374,10923,21297
630,1340,10529,11065,21594
630,1350,10685,11227,21912
630,1360,10838,11376,22214
630,1370,10979,11533,22512
630,1380,11130,11694,22824
630,1390,11313,11830,23143
630,1400,11445,11993,23438
630,1410,11582,12177,23759
630,1420,11709,12329,24038
630,1430,11873,12484,24357
630,1440,12019,12638,24657
630,1450,12182,12796,24978
630,1460,12335,12919,25254
630,1470,12492,13070,25562
630,1480,12628,13215,25843
630,1490,12794,13353,26147
630,1500,12956,13500,26456
630,1510,13107,13651,26758
630,1520,13255,13821,27076
630,1530,13399,13978,27377
630,1540,13552,14118,27670
630,1550,13700,14264,27964
630,1560,13891,14441,28332
630,1570,14045,14603,28648
630,1580,14187,14762,28949
630,1590,14364,14915,29279
630,1600,14496,15065,29561
630,1610,14638,15224,29862
630,1620,14799,15398,30197
630,1630,14961,15553,30514
630,1640,15109,15680,30789
630,1650,15253,15823,31076
630,1660,15398,15972,31370
630,1670,15551,16101,31652
630,1680,15670,16260,31930
630,1690,15795,16416,32211
630,1700,15952,16577,32529
630,1710,16078,16734,32812
630,1720,16232,16872,33104
630,1730,16392,17033,33425
630,1740,16531,17193,33724
630,1750,16641,17343,33984
630,1760,16754,17474,34228
630,1770,16868,17598,34466
630,1780,16995,17741,34736
630,1790,17129,17865,34994
630,1800,17274,17987,35261
630,1810,17389,18113,35502
630,1820,17496,18236,35732
630,1830,17632,18364,35996
630,1840,17764,18490,36254
630,1850,17885,18604,36489
630,1860,18000,18690,36690
630,1870,18124,18821,36945
630,1880,18262,18937,37199
630,1890,18399,19066,37465
630,1900,18503,19196,37699
630,1910,18605,19312,37917
630,1920,18705,19440,38145
630,1930,18798,19560,38358
630,1940,18902,19711,38613
630,1950,19020,19855,38875
630,1960,19150,19984,39134
630,1970,19259,20100,39359
630,1980,19384,20220,39604
630,1990,19487,20325,39812
640,640,14,22,36
640,650,159,194,353
640,660,310,324,634
640,670,463,474,937
640,680,598,631,1229
640,690,740,801,1541
640,700,891,950,1841
640,710,1069,1106,2175
640,720,1245,1258,2503
640,730,1391,1398,2789
640,740,1540,1529,3069
640,750,1713,1668,3381
640,760,1865,1844,3709
640,770,2002,2011,4013
640,780,2145,2166,4311
640,790,2278,2328,4606
640,800,2424,2496,4920
640,810,2576,2633,5209
640,820,2731,2795,5526
640,830,2895,2965,5860
640,840,3041,3102,6143
640,850,3195,3255,6450
640,860,3344,3417,6761
640,870,3490,3570,7060
640,880,3647,3741,7388
640,890,3801,3891,7692
640,900,3935,4042,7977
640,910,4063,4195,8258
640,920,4205,4353,8558
640,930,4345,4512,8857
640,940,4494,4670,9164
640,950,4650,4823,9473
640,960,4793,4967,9760
640,970,4932,5132,10064
640,980,5079,5317,10396
640,990,5235,5487,10722
640,1000,5374,5639,11013
640,1010,5538,5791,11329
640,1020,5685,5930,11615
640,1030,5826,6099,11925
640,1040,5946,6253,12199
640,1050,6073,6410,12483
640,1060,6216,6570,12786
640,1070,6361,6724,13085
640,1080,6493,6883,13376
640,1090,6668,7031,13699
640,1100,6811,7184,13995
640,1110,6959,7323,14282
640,1120,7097,7469,14566
640,1130,7251,7628,14879
640,1140,7392,7777,15169
640,1150,7529,7952,15481
640,1160,7671,8095,15766
640,1170,7829,8249,16078
640,1180,7980,8389,16369
640,1190,8147,8542,16689
640,1200,8288,8706,16994
640,1210,8435,8892,17327
640,1220,8594,9047,17641
640,1230,8763,9208,17971
640,1240,8921,9342,18263
640,1250,9078,9503,18581
640,1260,9184,9679,18863
640,1270,9335,9863,19198
640,1280,9478,10029,19507
640,1290,9628,10186,19814
640,1300,9774,10328,20102
640,1310,9944,10488,20432
640,1320,10077,10635,20712
640,1330,10217,10777,20994
640,1340,10372,10919,21291
640,1350,10528,11081,21609
640,1360,10681,11230,21911
640,1370,10822,11387,22209
640,1380,10973,11548,22521
640,1390,11156,11684,22840
640,1400,11288,11847,23135
640,1410,11425,12031,23456
640,1420,11552,12183,23735
640,1430,11716,12338,24054
640,1440,11862,12492,24354
640,1450,12025,12650,24675
640,1460,12178,12773,24951
640,1470,12335,12924,25259
640,1480,12471,13069,25540
640,1490,12637,13207,25844
640,1500,12799,13354,26153
640,1510,12950,13505,26455
640,1520,13098,13675,26773
640,1530,13242,13832,27074
640,1540,13395,13972,27367
640,1550,13543,14118,27661
640,1560,13734,14295,28029
640,1570,13888,14457,28345
640,1580,14030,14616,28646
640,1590,14207,14769,28976
640,1600,14339,14919,29258
640,1610,14481,15078,29559
640,1620,14642,15252,29894
640,1630,14804,15407,30211
640,1640,14952,15534,30486
640,1650,15096,15677,30773
640,1660,15241,15826,31067
640,1670,15394,15955,31349
640,1680,15513,16114,31627
640,1690,15638,16270,31908
640,1700,15795,16431,32226
640,1710,15921,16588,32509
640,1720,16075,16726,32801
640,1730,16235,16887,33122
640,1740,16374,17047,33421
640,1750,16484,17197,33681
640,1760,16597,17328,33925
640,1770,16711,17452,34163
640,1780,16838,17595,34433
640,1790,16972,17719,34691
640,1800,17117,17841,34958
640,1810,17232,17967,35199
640,1820,17339,18090,35429
640,1830,17475,18218,35693
640,1840,17607,18344,35951
640,1850,17728,18458,36186
640,1860,17843,18544,36387
640,1870,17967,18675,36642
640,1880,18105,18791,36896
640,1890,18242,18920,37162
640,1900,18346,19050,37396
640,1910,18448,19166,37614
640,1920,18548,19294,37842
640,1930,18641,19414,38055
640,1940,18745,19565,38310
640,1950,18863,19709,38572
640,1960,18993,19838,38831
640,1970,19102,19954,39056
640,1980,19227,20074,39301
640,1990,19330,20179,39509
650,650,19,24,43
650,660,170,154,324
650,670,323,304,627
650,680,458,461,919
650,690,600,631,1231
650,700,751,780,1531
650,710,929,936,1865
650,720,1105,1088,2193
650,730,1251,1228,2479
650,740,1400,1359,2759
650,750,1573,1498,3071
650,760,1725,1674,3399
650,770,1862,1841,3703
650,780,2005,1996,4001
650,790,2138,2158,4296
650,800,2284,2326,4610
650,810,2436,2463,4899
650,820,2591,2625,5216
650,830,2755,2795,5550
650,840,2901,2932,5833
650,850,3055,3085,6140
650,860,3204,3247,6451
650,870,3350,3400,6750
650,880,3507,3571,7078
650,890,3661,3721,7382
650,900,3795,3872,7667
650,910,3923,4025,7948
650,920,4065,4183,8248
650,930,4205,4342,8547
650,940,4354,4500,8854
650,950,4510,4653,9163
650,960,4653,4797,9450
650,970,4792,4962,9754
650,980,4939,5147,10086
650,990,5095,5317,10412
650,1000,5234,5469,10703
650,1010,5398,5621,11019
650,1020,5545,5760,11305
650,1030,5686,5929,11615
650,1040,5806,6083,11889
650,1050,5933,6240,12173
650,1060,6076,6400,12476
650,1070,6221,6554,12775
650,1080,6353,6713,13066
650,1090,6528,6861,13389
650,1100,6671,7014,13685
650,1110,6819,7153,13972
650,1120,6957,7299,14256
650,1130,7111,7458,14569
650,1140,7252,7607,14859
650,1150,7389,7782,15171
650,1160,7531,7925,15456
650,1170,7689,8079,15768
650,1180,7840,8219,16059
650,1190,8007,8372,16379
650,1200,8148,8536,16684
650,1210,8295,8722,17017
650,1220,8454,8877,17331
650,1230,8623,9038,17661
650,1240,8781,9172,17953
650,1250,8938,9333,18271
650,1260,9044,9509,18553
650,1270,9195,9693,18888
650,1280,9338,9859,19197
650,1290,9488,10016,19504
650,1300,9634,10158,19792
650,1310,9804,10318,20122
650,1320,9937,10465,20402
650,1330,10077,10607,20684
650,1340,10232,10749,20981
650,1350,10388,10911,21299
650,1360,10541,11060,21601
650,1370,10682,11217,21899
650,1380,10833,11378,22211
650,1390,11016,11514,22530
650,1400,11148,11677,22825
650,1410,11285,11861,23146
650,1420,11412,12013,23425
650,1430,11576,12168,23744
650,1440,11722,12322,24044
650,1450,11885,12480,24365
650,1460,12038,12603,24641
650,1470,12195,12754,24949
650,1480,12331,12899,25230
650,1490,12497,13037,25534
650,1500,12659,13184,25843
650,1510,12810,13335,26145
650,1520,12958,13505,26463
650,1530,13102,13662,26764
650,1540,13255,13802,27057
650,1550,13403,13948,27351
650,1560,13594,14125,27719
650,1570,13748,14287,28035
650,1580,13890,14446,28336
650,1590,14067,14599,28666
650,1600,14199,14749,28948
650,1610,14341,14908,29249
650,1620,14502,15082,29584
650,1630,14664,15237,29901
650,1640,14812,15364,30176
650,1650,14956,15507,30463
650,1660,15101,15656,30757
650,1670,15254,15785,31039
650,1680,15373,15944,31317
650,1690,15498,16100,31598
650,1700,15655,16261,31916
650,1710,15781,16418,32199
650,1720,15935,16556,32491
650,1730,16095,16717,32812
650,1740,16234,16877,33111
650,1750,16344,17027,33371
650,1760,16457,17158,33615
650,1770,16571,17282,33853
650,1780,16698,17425,34123
650,1790,16832,17549,34381
650,1800,16977,17671,34648
650,1810,17092,17797,34889
650,1820,17199,17920,35119
650,1830,17335,18048,35383
650,1840,17467,18174,35641
650,1850,17588,18288,35876
650,1860,17703,18374,36077
650,1870,17827,18505,36332
650,1880,17965,18621,36586
650,1890,18102,18750,36852
650,1900,18206,18880,37086
650,1910,18308,18996,37304
650,1920,18408,19124,37532
650,1930,18501,19244,37745
650,1940,18605,19395,38000
650,1950,18723,19539,38262
650,1960,18853,19668,38521
650,1970,18962,19784,38746
650,1980,19087,19904,38991
650,1990,19190,20009,39199
660,660,18,11,29
660,670,171,161,332
660,680,306,318,624
660,690,448,488,936
660,700,599,637,1236
660,710,777,793,1570
660,720,953,945,1898
660,730,1099,1085,2184
660,740,1248,1216,2464
660,750,1421,1355,2776
660,760,1573,1531,3104
660,770,1710,1698,3408
660,780,1853,1853,3706
660,790,1986,2015,4001
660,800,2132,2183,4315
660,810,2284,2320,4604
660,820,2439,2482,4921
660,830,2603,2652,5255
660,840,2749,2789,5538
660,850,2903,2942,5845
660,860,3052,3104,6156
660,870,3198,3257,6455
660,880,3355,3428,6783
660,890,3509,3578,7087
660,900,3643,3729,7372
660,910,3771,3882,7653
660,920,3913,4040,7953
660,930,4053,4199,8252
660,940,4202,4357,8559
660,950,4358,4510,8868
660,960,4501,4654,9155
660,970,4640,4819,9459
660,980,4787,5004,9791
660,990,4943,5174,10117
660,1000,5082,5326,10408
660,1010,5246,5478,10724
660,1020,5393,5617,11010
660,1030,5534,5786,11320
660,1040,5654,5940,11594
660,1050,5781,6097,11878
660,1060,5924,6257,12181
660,1070,6069,6411,12480
660,1080,6201,6570,12771
660,1090,6376,6718,13094
660,1100,6519,6871,13390
660,1110,6667,7010,13677
660,1120,6805,7156,13961
660,1130,6959,7315,14274
660,1140,7100,7464,14564
660,1150,7237,7639,14876
660,1160,7379,7782,15161
660,1170,7537,7936,15473
660,1180,7688,8076,15764
660,1190,7855,8229,16084
660,1200,7996,8393,16389
660,1210,8143,8579,16722
660,1220,8302,8734,17036
660,1230,8471,8895,17366
660,1240,8629,9029,17658
660,1250,8786,9190,17976
660,1260,8892,9366,18258
660,1270,9043,9550,18593
660,1280,9186,9716,18902
660,1290,9336,9873,19209
660,1300,9482,10015,19497
660,1310,9652,10175,19827
660,1320,9785,10322,20107
660,1330,9925,10464,20389
660,1340,10080,10606,20686
660,1350,10236,10768,21004
660,1360,10389,10917,21306
660,1370,10530,11074,21604
660,1380,10681,11235,21916
660,1390,10864,11371,22235
660,1400,10996,11534,22530
660,1410,11133,11718,22851
660,1420,11260,11870,23130
660,1430,11424,12025,23449
660,1440,11570,12179,23749
660,1450,11733,12337,24070
660,1460,11886,12460,24346
660,1470,12043,12611,24654
660,1480,12179,12756,24935
660,1490,12345,12894,25239
660,1500,12507,13041,25548
660,1510,12658,13192,25850
660,1520,12806,13362,26168
660,1530,12950,13519,26469
660,1540,13103,13659,26762
660,1550,13251,13805,27056
660,1560,13442,13982,27424
660,1570,13596,14144,27740
660,1580,13738,14303,28041
660,1590,13915,14456,28371
660,1600,14047,14606,28653
660,1610,14189,14765,28954
660,1620,14350,14939,29289
660,1630,14512,15094,29606
660,1640,14660,15221,29881
660,1650,14804,15364,30168
660,1660,14949,15513,30462
660,1670,15102,15642,30744
660,1680,15221,15801,31022
660,1690,15346,15957,31303
660,1700,15503,16118,31621
660,1710,15629,16275,31904
660,1720,15783,16413,32196
660,1730,15943,16574,32517
660,1740,16082,16734,32816
660,1750,16192,16884,33076
660,1760,16305,17015,33320
660,1770,16419,17139,33558
660,1780,16546,17282,33828
660,1790,16680,17406,34086
660,1800,16825,17528,34353
660,1810,16940,17654,34594
660,1820,17047,17777,34824
660,1830,17183,17905,35088
660,1840,17315,18031,35346
660,1850,17436,18145,35581
660,1860,17551,18231,35782
660,1870,17675,18362,36037
660,1880,17813,18478,36291
660,1890,17950,18607,36557
660,1900,18054,18737,36791
660,1910,18156,18853,37009
660,1920,18256,18981,37237
660,1930,18349,19101,37450
660,1940,18453,19252,37705
660,1950,18571,19396,37967
660,1960,18701,19525,38226
660,1970,18810,19641,38451
660,1980,18935,19761,38696
660,1990,19038,19866,38904
670,670,13,16,29
670,680,148,173,321
670,690,290,343,633
670,700,441,492,933
670,710,619,648,1267
670,720,795,800,1595
670,730,941,940,1881
670,740,1090,1071,2161
670,750,1263,1210,2473
670,760,1415,1386,2801
670,770,1552,1553,3105
670,780,1695,1708,3403
670,790,1828,1870,3698
670,800,1974,2038,4012
670,810,2126,2175,4301
670,820,2281,2337,4618
670,830,2445,2507,4952
670,840,2591,2644,5235
670,850,2745,2797,5542
670,860,2894,2959,5853
670,870,3040,3112,6152
670,880,3197,3283,6480
670,890,3351,3433,6784
670,900,3485,3584,7069
670,910,3613,3737,7350
670,920,3755,3895,7650
670,930,3895,4054,7949
670,940,4044,4212,8256
670,950,4200,4365,8565
670,960,4343,4509,8852
670,970,4482,4674,9156
670,980,4629,4859,9488
670,990,4785,5029,9814
670,1000,4924,5181,10105
670,1010,5088,5333,10421
670,1020,5235,5472,10707
670,1030,5376,5641,11017
670,1040,5496,5795,11291
670,1050,5623,5952,11575
670,1060,5766,6112,11878
670,1070,5911,6266,12177
670,1080,6043,6425,12468
670,1090,6218,6573,12791
670,1100,6361,6726,13087
670,1110,6509,6865,13374
670,1120,6647,7011,13658
670,1130,6801,7170,13971
670,1140,6942,7319,14261
670,1150,7079,7494,14573
670,1160,7221,7637,14858
670,1170,7379,7791,15170
670,1180,7530,7931,15461
670,1190,7697,8084,15781
670,1200,7838,8248,16086
670,1210,7985,8434,16419
670,1220,8144,8589,16733
670,1230,8313,8750,17063
670,1240,8471,8884,17355
670,1250,8628,9045,17673
670,1260,8734,9221,17955
670,1270,8885,9405,18290
670,1280,9028,9571,18599
670,1290,9178,9728,18906
670,1300,9324,9870,19194
670,1310,9494,10030,19524
670,1320,9627,10177,19804
670,1330,9767,10319,20086
670,1340,9922,10461,20383
670,1350,10078,10623,20701
670,1360,10231,10772,21003
670,1370,10372,10929,21301
670,1380,10523,11090,21613
670,1390,10706,11226,21932
670,1400,10838,11389,22227
670,1410,10975,11573,22548
670,1420,11102,11725,22827
670,1430,11266,11880,23146
670,1440,11412,12034,23446
670,1450,11575,12192,23767
670,1460,11728,12315,24043
670,1470,11885,12466,24351
670,1480,12021,12611,24632
670,1490,12187,12749,24936
670,1500,12349,12896,25245
670,1510,12500,13047,25547
670,1520,12648,13217,25865
670,1530,12792,13374,26166
670,1540,12945,13514,26459
670,1550,13093,13660,26753
670,1560,13284,13837,27121
670,1570,13438,13999,27437
670,1580,13580,14158,27738
670,1590,13757,14311,28068
670,1600,13889,14461,28350
670,1610,14031,14620,28651
670,1620,14192,14794,28986
670,1630,14354,14949,29303
670,1640,14502,15076,29578
670,1650,14646,15219,29865
670,1660,14791,15368,30159
670,1670,14944,15497,30441
670,1680,15063,15656,30719
670,1690,15188,15812,31000
670,1700,15345,15973,31318
670,1710,15471,16130,31601
670,1720,15625,16268,31893
670,1730,15785,16429,32214
670,1740,15924,16589,32513
670,1750,16034,16739,32773
670,1760,16147,16870,33017
670,1770,16261,16994,33255
670,1780,16388,17137,33525
670,1790,16522,17261,33783
670,1800,16667,17383,34050
670,1810,16782,17509,34291
670,1820,16889,17632,34521
670,1830,17025,17760,34785
670,1840,17157,17886,35043
670,1850,17278,18000,35278
670,1860,17393,18086,35479
670,1870,17517,18217,35734
670,1880,17655,18333,35988
670,1890,17792,18462,36254
670,1900,17896,18592,36488
670,1910,17998,18708,36706
670,1920,18098,18836,36934
670,1930,18191,18956,37147
670,1940,18295,19107,37402
670,1950,18413,19251,37664
670,1960,18543,19380,37923
670,1970,18652,19496,38148
670,1980,18777,19616,38393
670,1990,18880,19721,38601
680,680,16,9,25
680,690,158,179,337
680,700,309,328,637
680,710,487,484,971
680,720,663,636,1299
680,730,809,776,1585
680,740,958,907,1865
680,750,1131,1046,2177
680,760,1283,1222,2505
680,770,1420,1389,2809
680,780,1563,1544,3107
680,790,1696,1706,3402
680,800,1842,1874,3716
680,810,1994,2011,4005
680,820,2149,2173,4322
680,830,2313,2343,4656
680,840,2459,2480,4939
680,850,2613,2633,5246
680,860,2762,2795,5557
680,870,2908,2948,5856
680,880,3065,3119,6184
680,890,3219,3269,6488
680,900,3353,3420,6773
680,910,3481,3573,7054
680,920,3623,3731,7354
680,930,3763,3890,7653
680,940,3912,4048,7960
680,950,4068,4201,8269
680,960,4211,4345,8556
680,970,4350,4510,8860
680,980,4497,4695,9192
680,990,4653,4865,9518
680,1000,4792,5017,9809
680,1010,4956,5169,10125
680,1020,5103,5308,10411
680,1030,5244,5477,10721
680,1040,5364,5631,10995
680,1050,5491,5788,11279
680,1060,5634,5948,11582
680,1070,5779,6102,11881
680,1080,5911,6261,12172
680,1090,6086,6409,12495
680,1100,6229,6562,12791
680,1110,6377,6701,13078
680,1120,6515,6847,13362
680,1130,6669,7006,13675
680,1140,6810,7155,13965
680,1150,6947,7330,14277
680,1160,7089,7473,14562
680,1170,7247,7627,14874
680,1180,7398,7767,15165
680,1190,7565,7920,15485
680,1200,7706,8084,15790
680,1210,7853,8270,16123
680,1220,8012,8425,16437
680,1230,8181,8586,16767
680,1240,8339,8720,17059
680,1250,8496,8881,17377
680,1260,8602,9057,17659
680,1270,8753,9241,17994
680,1280,8896,9407,18303
680,1290,9046,9564,18610
680,1300,9192,9706,18898
680,1310,9362,9866,19228
680,1320,9495,10013,19508
680,1330,9635,10155,19790
680,1340,9790,10297,20087
680,1350,9946,10459,20405
680,1360,10099,10608,20707
680,1370,10240,10765,21005
680,1380,10391,10926,21317
680,1390,10574,11062,21636
680,1400,10706,11225,21931
680,1410,10843,11409,22252
680,1420,10970,11561,22531
680,1430,11134,11716,22850
680,1440,11280,11870,23150
680,1450,11443,12028,23471
680,1460,11596,12151,23747
680,1470,11753,12302,24055
680,1480,11889,12447,24336
680,1490,12055,12585,24640
680,1500,12217,12732,24949
680,1510,12368,12883,25251
680,1520,12516,13053,25569
680,1530,12660,13210,25870
680,1540,12813,13350,26163
680,1550,12961,13496,26457
680,1560,13152,13673,26825
680,1570,13306,13835,27141
680,1580,13448,13994,27442
680,1590,13625,14147,27772
680,1600,13757,14297,28054
680,1610,13899,14456,28355
680,1620,14060,14630,28690
680,1630,14222,14785,29007
680,1640,14370,14912,29282
680,1650,14514,15055,29569
680,1660,14659,15204,29863
680,1670,14812,15333,30145
680,1680,14931,15492,30423
680,1690,15056,15648,30704
680,1700,15213,15809,31022
680,1710,15339,15966,31305
680,1720,15493,16104,31597
680,1730,15653,16265,31918
680,1740,15792,16425,32217
680,1750,15902,16575,32477
680,1760,16015,16706,32721
680,1770,16129,16830,32959
680,1780,16256,16973,33229
680,1790,16390,17097,33487
680,1800,16535,17219,33754
680,1810,16650,17345,33995
680,1820,16757,17468,34225
680,1830,16893,17596,34489
680,1840,17025,17722,34747
680,1850,17146,17836,34982
680,1860,17261,17922,35183
680,1870,17385,18053,35438
680,1880,17523,18169,35692
680,1890,17660,18298,35958
680,1900,17764,18428,36192
680,1910,17866,18544,36410
680,1920,17966,18672,36638
680,1930,18059,18792,36851
680,1940,18163,18943,37106
680,1950,18281,19087,37368
680,1960,18411,19216,37627
680,1970,18520,19332,37852
680,1980,18645,19452,38097
680,1990,18748,19557,38305
690,690,15,13,28
690,700,166,162,328
690,710,344,318,662
690,720,520,470,990
690,730,666,610,1276
690,740,815,741,1556
690,750,988,880,1868
690,760,1140,1056,2196
690,770,1277,1223,2500
690,780,1420,1378,2798
690,790,1553,1540,3093
690,800,1699,1708,3407
690,810,1851,1845,3696
690,820,2006,2007,4013
690,830,2170,2177,4347
690,840,2316,2314,4630
690,850,2470,2467,4937
690,860,2619,2629,5248
690,870,2765,2782,5547
690,880,2922,2953,5875
690,890,3076,3103,6179
690,900,3210,3254,6464
690,910,3338,3407,6745
690,920,3480,3565,7045
690,930,3620,3724,7344
690,940,3769,3882,7651
690,950,3925,4035,7960
690,960,4068,4179,8247
690,970,4207,4344,8551
690,980,4354,4529,8883
690,990,4510,4699,9209
690,1000,4649,4851,9500
690,1010,4813,5003,9816
690,1020,4960,5142,10102
690,1030,5101,5311,10412
690,1040,5221,5465,10686
690,1050,5348,5622,10970
690,1060,5491,5782,11273
690,1070,5636,5936,11572
690,1080,5768,6095,11863
690,1090,5943,6243,12186
690,1100,6086,6396,12482
690,1110,6234,6535,12769
690,1120,6372,6681,13053
690,1130,6526,6840,13366
690,1140,6667,6989,13656
690,1150,6804,7164,13968
690,1160,6946,7307,14253
690,1170,7104,7461,14565
690,1180,7255,7601,14856
690,1190,7422,7754,15176
690,1200,7563,7918,15481
690,1210,7710,8104,15814
690,1220,7869,8259,16128
690,1230,8038,8420,16458
690,1240,8196,8554,16750
690,1250,8353,8715,17068
690,1260,8459,8891,17350
690,1270,8610,9075,17685
690,1280,8753,9241,17994
690,1290,8903,9398,18301
690,1300,9049,9540,18589
690,1310,9219,9700,18919
690,1320,9352,9847,19199
690,1330,9492,9989,19481
690,1340,9647,10131,19778
690,1350,9803,10293,20096
690,1360,9956,10442,20398
690,1370,10097,10599,20696
690,1380,10248,10760,21008
690,1390,10431,10896,21327
690,1400,10563,11059,21622
690,1410,10700,11243,21943
690,1420,10827,11395,22222
690,1430,10991,11550,22541
690,1440,11137,11704,22841
690,1450,11300,11862,23162
690,1460,11453,11985,23438
690,1470,11610,12136,23746
690,1480,11746,12281,24027
690,1490,11912,12419,24331
690,1500,12074,12566,24640
690,1510,12225,12717,24942
690,1520,12373,12887,25260
690,1530,12517,13044,25561
690,1540,12670,13184,25854
690,1550,12818,13330,26148
690,1560,13009,13507,26516
690,1570,13163,13669,26832
690,1580,13305,13828,27133
690,1590,13482,13981,27463
690,1600,13614,14131,27745
690,1610,13756,14290,28046
690,1620,13917,14464,28381
690,1630,14079,14619,28698
690,1640,14227,14746,28973
690,1650,14371,14889,29260
690,1660,14516,15038,29554
690,1670,14669,15167,29836
690,1680,14788,15326,30114
690,1690,14913,15482,30395
690,1700,15070,15643,30713
690,1710,15196,15800,30996
690,1720,15350,15938,31288
690,1730,15510,16099,31609
690,1740,15649,16259,31908
690,1750,15759,16409,32168
690,1760,15872,16540,32412
690,1770,15986,16664,32650
690,1780,16113,16807,32920
690,1790,16247,16931,33178
690,1800,16392,17053,33445
690,1810,16507,17179,33686
690,1820,16614,17302,33916
690,1830,16750,17430,34180
690,1840,16882,17556,34438
690,1850,17003,17670,34673
690,1860,17118,17756,34874
690,1870,17242,17887,35129
690,1880,17380,18003,35383
690,1890,17517,18132,35649
690,1900,17621,18262,35883
690,1910,17723,18378,36101
690,1920,17823,18506,36329
690,1930,17916,18626,36542
690,1940,18020,18777,36797
690,1950,18138,18921,37059
690,1960,18268,19050,37318
690,1970,18377,19166,37543
690,1980,18502,19286,37788
690,1990,18605,19391,37996
700,700,14,15,29
700,710,192,171,363
700,720,368,323,691
700,730,514,463,977
700,740,663,594,1257
700,750,836,733,1569
700,760,988,909,1897
700,770,1125,1076,2201
700,780,1268,1231,2499
700,790,1401,1393,2794
700,800,1547,1561,3108
700,810,1699,1698,3397
700,820,1854,1860,3714
700,830,2018,2030,4048
700,840,2164,2167,4331
700,850,2318,2320,4638
700,860,2467,2482,4949
700,870,2613,2635,5248
700,880,2770,2806,5576
700,890,2924,2956,5880
700,900,3058,3107,6165
700,910,3186,3260,6446
700,920,3328,3418,6746
700,930,3468,3577,7045
700,940,3617,3735,7352
700,950,3773,3888,7661
700,960,3916,4032,7948
700,970,4055,4197,8252
700,980,4202,4382,8584
700,990,4358,4552,8910
700,1000,4497,4704,9201
700,1010,4661,4856,9517
700,1020,4808,4995,9803
700,1030,4949,5164,10113
700,1040,5069,5318,10387
700,1050,5196,5475,10671
700,1060,5339,5635,10974
700,1070,5484,5789,11273
700,1080,5616,5948,11564
700,1090,5791,6096,11887
700,1100,5934,6249,12183
700,1110,6082,6388,12470
700,1120,6220,6534,12754
700,1130,6374,6693,13067
700,1140,6515,6842,13357
700,1150,6652,7017,13669
700,1160,6794,7160,13954
700,1170,6952,7314,14266
700,1180,7103,7454,14557
700,1190,7270,7607,14877
700,1200,7411,7771,15182
700,1210,7558,7957,15515
700,1220,7717,8112,15829
700,1230,7886,8273,16159
700,1240,8044,8407,16451
700,1250,8201,8568,16769
700,1260,8307,8744,17051
700,1270,8458,8928,17386
700,1280,8601,9094,17695
700,1290,8751,9251,18002
700,1300,8897,9393,18290
700,1310,9067,9553,18620
700,1320,9200,9700,18900
700,1330,9340,9842,19182
700,1340,9495,9984,19479
700,1350,9651,10146,19797
700,1360,9804,10295,20099
700,1370,9945,10452,20397
700,1380,10096,10613,20709
700,1390,10279,10749,21028
700,1400,10411,10912,21323
700,1410,10548,11096,21644
700,1420,10675,11248,21923
700,1430,10839,11403,22242
700,1440,10985,11557,22542
700,1450,11148,11715,22863
700,1460,11301,11838,23139
700,1470,11458,11989,23447
700,1480,11594,12134,23728
700,1490,11760,12272,24032
700,1500,11922,12419,24341
700,1510,12073,12570,24643
700,1520,12221,12740,24961
700,1530,12365,12897,25262
700,1540,12518,13037,25555
700,1550,12666,13183,25849
700,1560,12857,13360,26217
700,1570,13011,13522,26533
700,1580,13153,13681,26834
700,1590,13330,13834,27164
700,1600,13462,13984,27446
700,1610,13604,14143,27747
700,1620,13765,14317,28082
700,1630,13927,14472,28399
700,1640,14075,14599,28674
700,1650,14219,14742,28961
700,1660,14364,14891,29255
700,1670,14517,15020,29537
700,1680,14636,15179,29815
700,1690,14761,15335,30096
700,1700,14918,15496,30414
700,1710,15044,15653,30697
700,1720,15198,15791,30989
700,1730,15358,15952,31310
700,1740,15497,16112,31609
700,1750,15607,16262,31869
700,1760,15720,16393,32113
700,1770,15834,16517,32351
700,1780,15961,16660,32621
700,1790,16095,16784,32879
700,1800,16240,16906,33146
700,1810,16355,17032,33387
700,1820,16462,17155,33617
700,1830,16598,17283,33881
700,1840,16730,17409,34139
700,1850,16851,17523,34374
700,1860,16966,17609,34575
700,1870,17090,17740,34830
700,1880,17228,17856,35084
700,1890,17365,17985,35350
700,1900,17469,18115,35584
700,1910,17571,18231,35802
700,1920,17671,18359,36030
700,1930,17764,18479,36243
700,1940,17868,18630,36498
700,1950,17986,18774,36760
700,1960,18116,18903,37019
700,1970,18225,19019,37244
700,1980,18350,19139,37489
700,1990,18453,19244,37697
710,710,12,20,32
710,720,188,172,360
710,730,334,312,646
710,740,483,443,926
710,750,656,582,1238
710,760,808,758,1566
710,770,945,925,1870
710,780,1088,1080,2168
710,790,1221,1242,2463
710,800,1367,1410,2777
710,810,1519,1547,3066
710,820,1674,1709,3383
710,830,1838,1879,3717
710,840,1984,2016,4000
710,850,2138,2169,4307
710,860,2287,2331,4618
710,870,2433,2484,4917
710,880,2590,2655,5245
710,890,2744,2805,5549
710,900,2878,2956,5834
710,910,3006,3109,6115
710,920,3148,3267,6415
710,930,3288,3426,6714
710,940,3437,3584,7021
710,950,3593,3737,7330
710,960,3736,3881,7617
710,970,3875,4046,7921
710,980,4022,4231,8253
710,990,4178,4401,8579
710,1000,4317,4553,8870
710,1010,4481,4705,9186
710,1020,4628,4844,9472
710,1030,4769,5013,9782
710,1040,4889,5167,10056
710,1050,5016,5324,10340
710,1060,5159,5484,10643
710,1070,5304,5638,10942
710,1080,5436,5797,11233
710,1090,5611,5945,11556
710,1100,5754,6098,11852
710,1110,5902,6237,12139
710,1120,6040,6383,12423
710,1130,6194,6542,12736
710,1140,6335,6691,13026
710,1150,6472,6866,13338
710,1160,6614,7009,13623
710,1170,6772,7163,13935
710,1180,6923,7303,14226
710,1190,7090,7456,14546
710,1200,7231,7620,14851
710,1210,7378,7806,15184
710,1220,7537,7961,15498
710,1230,7706,8122,15828
710,1240,7864,8256,16120
710,1250,8021,8417,16438
710,1260,8127,8593,16720
710,1270,8278,8777,17055
710,1280,8421,8943,17364
710,1290,8571,9100,17671
710,1300,8717,9242,17959
710,1310,8887,9402,18289
710,1320,9020,9549,18569
710,1330,9160,9691,18851
710,1340,9315,9833,19148
710,1350,9471,9995,19466
710,1360,9624,10144,19768
710,1370,9765,10301,20066
710,1380,9916,10462,20378
710,1390,10099,10598,20697
710,1400,10231,10761,20992
710,1410,10368,10945,21313
710,1420,10495,11097,21592
710,1430,10659,11252,21911
710,1440,10805,11406,22211
710,1450,10968,11564,22532
710,1460,11121,11687,22808
710,1470,11278,11838,23116
710,1480,11414,11983,23397
710,1490,11580,12121,23701
710,1500,11742,12268,24010
710,1510,11893,12419,24312
710,1520,12041,12589,24630
710,1530,12185,12746,24931
710,1540,12338,12886,25224
710,1550,12486,13032,25518
710,1560,12677,13209,25886
710,1570,12831,13371,26202
710,1580,12973,13530,26503
710,1590,13150,13683,26833
710,1600,13282,13833,27115
710,1610,13424,13992,27416
710,1620,13585,14166,27751
710,1630,13747,14321,28068
710,1640,13895,14448,28343
710,1650,14039,14591,28630
710,1660,14184,14740,28924
710,1670,14337,14869,29206
710,1680,14456,15028,29484
710,1690,14581,15184,29765
710,1700,14738,15345,30083
710,1710,14864,15502,30366
710,1720,15018,15640,30658
710,1730,15178,15801,30979
710,1740,15317,15961,31278
710,1750,15427,16111,31538
710,1760,15540,16242,31782
710,1770,15654,16366,32020
710,1780,15781,16509,32290
710,1790,15915,16633,32548
710,1800,16060,16755,32815
710,1810,16175,16881,33056
710,1820,16282,17004,33286
710,1830,16418,17132,33550
710,1840,16550,17258,33808
710,1850,16671,17372,34043
710,1860,16786,17458,34244
710,1870,16910,17589,34499
710,1880,17048,17705,34753
710,1890,17185,17834,35019
710,1900,17289,17964,35253
710,1910,17391,18080,35471
710,1920,17491,18208,35699
710,1930,17584,18328,35912
710,1940,17688,18479,36167
710,1950,17806,18623,36429
710,1960,17936,18752,36688
710,1970,18045,18868,36913
710,1980,18170,18988,37158
710,1990,18273,19093,37366
720,720,20,16,36
720,730,166,156,322
720,740,315,287,602
720,750,488,426,914
720,760,640,602,1242
720,770,777,769,1546
720,780,920,924,1844
720,790,1053,1086,2139
720,800,1199,1254,2453
720,810,1351,1391,2742
720,820,1506,1553,3059
720,830,1670,1723,3393
720,840,1816,1860,3676
720,850,1970,2013,3983
720,860,2119,2175,4294
720,870,2265,2328,4593
720,880,2422,2499,4921
720,890,2576,2649,5225
720,900,2710,2800,5510
720,910,2838,2953,5791
720,920,2980,3111,6091
720,930,3120,3270,6390
720,940,3269,3428,6697
720,950,3425,3581,7006
720,960,3568,3725,7293
720,970,3707,3890,7597
720,980,3854,4075,7929
720,990,4010,4245,8255
720,1000,4149,4397,8546
720,1010,4313,4549,8862
720,1020,4460,4688,9148
720,1030,4601,4857,9458
720,1040,4721,5011,9732
720,1050,4848,5168,10016
720,1060,4991,5328,10319
720,1070,5136,5482,10618
720,1080,5268,5641,10909
720,1090,5443,5789,11232
720,1100,5586,5942,11528
720,1110,5734,6081,11815
720,1120,5872,6227,12099
720,1130,6026,6386,12412
720,1140,6167,6535,12702
720,1150,6304,6710,13014
720,1160,6446,6853,13299
720,1170,6604,7007,13611
720,1180,6755,7147,13902
720,1190,6922,7300,14222
720,1200,7063,7464,14527
720,1210,7210,7650,14860
720,1220,7369,7805,15174
720,1230,7538,7966,15504
720,1240,7696,8100,15796
720,1250,7853,8261,16114
720,1260,7959,8437,16396
720,1270,8110,8621,16731
720,1280,8253,8787,17040
720,1290,8403,8944,17347
720,1300,8549,9086,17635
720,1310,8719,9246,17965
720,1320,8852,9393,18245
720,1330,8992,9535,18527
720,1340,9147,9677,18824
720,1350,9303,9839,19142
720,1360,9456,9988,19444
720,1370,9597,10145,19742
720,1380,9748,10306,20054
720,1390,9931,10442,20373
720,1400,10063,10605,20668
720,1410,10200,10789,20989
720,1420,10327,10941,21268
720,1430,10491,11096,21587
720,1440,10637,11250,21887
720,1450,10800,11408,22208
720,1460,10953,11531,22484
720,1470,11110,11682,22792
720,1480,11246,11827,23073
720,1490,11412,11965,23377
720,1500,11574,12112,23686
720,1510,11725,12263,23988
720,1520,11873,12433,24306
720,1530,12017,12590,24607
720,1540,12170,12730,24900
720,1550,12318,12876,25194
720,1560,12509,13053,25562
720,1570,12663,13215,25878
720,1580,12805,13374,26179
720,1590,12982,13527,26509
720,1600,13114,13677,26791
720,1610,13256,13836,27092
720,1620,13417,14010,27427
720,1630,13579,14165,27744
720,1640,13727,14292,28019
720,1650,13871,14435,28306
720,1660,14016,14584,28600
720,1670,14169,14713,28882
720,1680,14288,14872,29160
720,1690,14413,15028,29441
720,1700,14570,15189,29759
720,1710,14696,15346,30042
720,1720,14850,15484,30334
720,1730,15010,15645,30655
720,1740,15149,15805,30954
720,1750,15259,15955,31214
720,1760,15372,16086,31458
720,1770,15486,16210,31696
720,1780,15613,16353,31966
720,1790,15747,16477,32224
720,1800,15892,16599,32491
720,1810,16007,16725,32732
720,1820,16114,16848,32962
720,1830,16250,16976,33226
720,1840,16382,17102,33484
720,1850,16503,17216,33719
720,1860,16618,17302,33920
720,1870,16742,17433,34175
720,1880,16880,17549,34429
720,1890,17017,17678,34695
720,1900,17121,17808,34929
720,1910,17223,17924,35147
720,1920,17323,18052,35375
720,1930,17416,18172,35588
720,1940,17520,18323,35843
720,1950,17638,18467,36105
720,1960,17768,18596,36364
720,1970,17877,18712,36589
720,1980,18002,18832,36834
720,1990,18105,18937,37042
730,730,16,9,25
730,740,165,140,305
730,750,338,279,617
730,760,490,455,945
730,770,627,622,1249
730,780,770,777,1547
730,790,903,939,1842
730,800,1049,1107,2156
730,810,1201,1244,2445
730,820,1356,1406,2762
730,830,1520,1576,3096
730,840,1666,1713,3379
730,850,1820,1866,3686
730,860,1969,2028,3997
730,870,2115,2181,4296
730,880,2272,2352,4624
730,890,2426,2502,4928
730,900,2560,2653,5213
730,910,2688,2806,5494
730,920,2830,2964,5794
730,930,2970,3123,6093
730,940,3119,3281,6400
730,950,3275,3434,6709
730,960,3418,3578,6996
730,970,3557,3743,7300
730,980,3704,3928,7632
730,990,3860,4098,7958
730,1000,3999,4250,8249
730,1010,4163,4402,8565
730,1020,4310,4541,8851
730,1030,4451,4710,9161
730,1040,4571,4864,9435
730,1050,4698,5021,9719
730,1060,4841,5181,10022
730,1070,4986,5335,10321
730,1080,5118,5494,10612
730,1090,5293,5642,10935
730,1100,5436,5795,11231
730,1110,5584,5934,11518
730,1120,5722,6080,11802
730,1130,5876,6239,12115
730,1140,6017,6388,12405
730,1150,6154,6563,12717
730,1160,6296,6706,13002
730,1170,6454,6860,13314
730,1180,6605,7000,13605
730,1190,6772,7153,13925
730,1200,6913,7317,14230
730,1210,7060,7503,14563
730,1220,7219,7658,14877
730,1230,7388,7819,15207
730,1240,7546,7953,15499
730,1250,7703,8114,15817
730,1260,7809,8290,16099
730,1270,7960,8474,16434
730,1280,8103,8640,16743
730,1290,8253,8797,17050
730,1300,8399,8939,17338
730,1310,8569,9099,17668
730,1320,8702,9246,17948
730,1330,8842,9388,18230
730,1340,8997,9530,18527
730,1350,9153,9692,18845
730,1360,9306,9841,19147
730,1370,9447,9998,19445
730,1380,9598,10159,19757
730,1390,9781,10295,20076
730,1400,9913,10458,20371
730,1410,10050,10642,20692
730,1420,10177,10794,20971
730,1430,10341,10949,21290
730,1440,10487,11103,21590
730,1450,10650,11261,21911
730,1460,10803,11384,22187
730,1470,10960,11535,22495
730,1480,11096,11680,22776
730,1490,11262,11818,23080
730,1500,11424,11965,23389
730,1510,11575,12116,23691
730,1520,11723,12286,24009
730,1530,11867,12443,24310
730,1540,12020,12583,24603
730,1550,12168,12729,24897
730,1560,12359,12906,25265
730,1570,12513,13068,25581
730,1580,12655,13227,25882
730,1590,12832,13380,26212
730,1600,12964,13530,26494
730,1610,13106,13689,26795
730,1620,13267,13863,27130
730,1630,13429,14018,27447
730,1640,13577,14145,27722
730,1650,13721,14288,28009
730,1660,13866,14437,28303
730,1670,14019,14566,28585
730,1680,14138,14725,28863
730,1690,14263,14881,29144
730,1700,14420,15042,29462
730,1710,14546,15199,29745
730,1720,14700,15337,30037
730,1730,14860,15498,30358
730,1740,14999,15658,30657
730,1750,15109,15808,30917
730,1760,15222,15939,31161
730,1770,15336,16063,31399
730,1780,15463,16206,31669
730,1790,15597,16330,31927
730,1800,15742,16452,32194
730,1810,15857,16578,32435
730,1820,15964,16701,32665
730,1830,16100,16829,32929
730,1840,16232,16955,33187
730,1850,16353,17069,33422
730,1860,16468,17155,33623
730,1870,16592,17286,33878
730,1880,16730,17402,34132
730,1890,16867,17531,34398
730,1900,16971,17661,34632
730,1910,17073,17777,34850
730,1920,17173,17905,35078
730,1930,17266,18025,35291
730,1940,17370,18176,35546
730,1950,17488,18320,35808
730,1960,17618,18449,36067
730,1970,17727,18565,36292
730,1980,17852,18685,36537
730,1990,17955,18790,36745
740,740,15,9,24
740,750,188,148,336
740,760,340,324,664
740,770,477,491,968
740,780,620,646,1266
740,790,753,808,1561
740,800,899,976,1875
740,810,1051,1113,2164
740,820,1206,1275,2481
740,830,1370,1445,2815
740,840,1516,1582,3098
740,850,1670,1735,3405
740,860,1819,1897,3716
740,870,1965,2050,4015
740,880,2122,2221,4343
740,890,2276,2371,4647
740,900,2410,2522,4932
740,910,2538,2675,5213
740,920,2680,2833,5513
740,930,2820,2992,5812
740,940,2969,3150,6119
740,950,3125,3303,6428
740,960,3268,3447,6715
740,970,3407,3612,7019
740,980,3554,3797,7351
740,990,3710,3967,7677
740,1000,3849,4119,7968
740,1010,4013,4271,8284
740,1020,4160,4410,8570
740,1030,4301,4579,8880
740,1040,4421,4733,9154
740,1050,4548,4890,9438
740,1060,4691,5050,9741
740,1070,4836,5204,10040
740,1080,4968,5363,10331
740,1090,5143,5511,10654
740,1100,5286,5664,10950
740,1110,5434,5803,11237
740,1120,5572,5949,11521
740,1130,5726,6108,11834
740,1140,5867,6257,12124
740,1150,6004,6432,12436
740,1160,6146,6575,12721
740,1170,6304,6729,13033
740,1180,6455,6869,13324
740,1190,6622,7022,13644
740,1200,6763,7186,13949
740,1210,6910,7372,14282
740,1220,7069,7527,14596
740,1230,7238,7688,14926
740,1240,7396,7822,15218
740,1250,7553,7983,15536
740,1260,7659,8159,15818
740,1270,7810,8343,16153
740,1280,7953,8509,16462
740,1290,8103,8666,16769
740,1300,8249,8808,17057
740,1310,8419,8968,17387
740,1320,8552,9115,17667
740,1330,8692,9257,17949
740,1340,8847,9399,18246
740,1350,9003,9561,18564
740,1360,9156,9710,18866
740,1370,9297,9867,19164
740,1380,9448,10028,19476
740,1390,9631,10164,19795
740,1400,9763,10327,20090
740,1410,9900,10511,20411
740,1420,10027,10663,20690
740,1430,10191,10818,21009
740,1440,10337,10972,21309
740,1450,10500,11130,21630
740,1460,10653,11253,21906
740,1470,10810,11404,22214
740,1480,10946,11549,22495
740,1490,11112,11687,22799
740,1500,11274,11834,23108
740,1510,11425,11985,23410
740,1520,11573,12155,23728
740,1530,11717,12312,24029
740,1540,11870,12452,24322
740,1550,12018,12598,24616
740,1560,12209,12775,24984
740,1570,12363,12937,25300
740,1580,12505,13096,25601
740,1590,12682,13249,25931
740,1600,12814,13399,26213
740,1610,12956,13558,26514
740,1620,13117,13732,26849
740,1630,13279,13887,27166
740,1640,13427,14014,27441
740,1650,13571,14157,27728
740,1660,13716,14306,28022
740,1670,13869,14435,28304
740,1680,13988,14594,28582
740,1690,14113,14750,28863
740,1700,14270,14911,29181
740,1710,14396,15068,29464
740,1720,14550,15206,29756
740,1730,14710,15367,30077
740,1740,14849,15527,30376
740,1750,14959,15677,30636
740,1760,15072,15808,30880
740,1770,15186,15932,31118
740,1780,15313,16075,31388
740,1790,15447,16199,31646
740,1800,15592,16321,31913
740,1810,15707,16447,32154
740,1820,15814,16570,32384
740,1830,15950,16698,32648
740,1840,16082,16824,32906
740,1850,16203,16938,33141
740,1860,16318,17024,33342
740,1870,16442,17155,33597
740,1880,16580,17271,33851
740,1890,16717,17400,34117
740,1900,16821,17530,34351
740,1910,16923,17646,34569
740,1920,17023,17774,34797
740,1930,17116,17894,35010
740,1940,17220,18045,35265
740,1950,17338,18189,35527
740,1960,17468,18318,35786
740,1970,17577,18434,36011
740,1980,17702,18554,36256
740,1990,17805,18659,36464
750,750,27,10,37
750,760,179,186,365
750,770,316,353,669
750,780,459,508,967
750,790,592,670,1262
750,800,738,838,1576
750,810,890,975,1865
750,820,1045,1137,2182
750,830,1209,1307,2516
750,840,1355,1444,2799
750,850,1509,1597,3106
750,860,1658,1759,3417
750,870,1804,1912,3716
750,880,1961,2083,4044
750,890,2115,2233,4348
750,900,2249,2384,4633
750,910,2377,2537,4914
750,920,2519,2695,5214
750,930,2659,2854,5513
750,940,2808,3012,5820
750,950,2964,3165,6129
750,960,3107,3309,6416
750,970,3246,3474,6720
750,980,3393,3659,7052
750,990,3549,3829,7378
750,1000,3688,3981,7669
750,1010,3852,4133,7985
750,1020,3999,4272,8271
750,1030,4140,4441,8581
750,1040,4260,4595,8855
750,1050,4387,4752,9139
750,1060,4530,4912,9442
750,1070,4675,5066,9741
750,1080,4807,5225,10032
750,1090,4982,5373,10355
750,1100,5125,5526,10651
750,1110,5273,5665,10938
750,1120,5411,5811,11222
750,1130,5565,5970,11535
750,1140,5706,6119,11825
750,1150,5843,6294,12137
750,1160,5985,6437,12422
750,1170,6143,6591,12734
750,1180,6294,6731,13025
750,1190,6461,6884,13345
750,1200,6602,7048,13650
750,1210,6749,7234,13983
750,1220,6908,7389,14297
750,1230,7077,7550,14627
750,1240,7235,7684,14919
750,1250,7392,7845,15237
750,1260,7498,8021,15519
750,1270,7649,8205,15854
750,1280,7792,8371,16163
750,1290,7942,8528,16470
750,1300,8088,8670,16758
750,1310,8258,8830,17088
750,1320,8391,8977,17368
750,1330,8531,9119,17650
750,1340,8686,9261,17947
750,1350,8842,9423,18265
750,1360,8995,9572,18567
750,1370,9136,9729,18865
750,1380,9287,9890,19177
750,1390,9470,10026,19496
750,1400,9602,10189,19791
750,1410,9739,10373,20112
750,1420,9866,10525,20391
750,1430,10030,10680,20710
750,1440,10176,10834,21010
750,1450,10339,10992,21331
750,1460,10492,11115,21607
750,1470,10649,11266,21915
750,1480,10785,11411,22196
750,1490,10951,11549,22500
750,1500,11113,11696,22809
750,1510,11264,11847,23111
750,1520,11412,12017,23429
750,1530,11556,12174,23730
750,1540,11709,12314,24023
750,1550,11857,12460,24317
750,1560,12048,12637,24685
750,1570,12202,12799,25001
750,1580,12344,12958,25302
750,1590,12521,13111,25632
750,1600,12653,13261,25914
750,1610,12795,13420,26215
750,1620,12956,13594,26550
750,1630,13118,13749,26867
750,1640,13266,13876,27142
750,1650,13410,14019,27429
750,1660,13555,14168,27723
750,1670,13708,14297,28005
750,1680,13827,14456,28283
750,1690,13952,14612,28564
750,1700,14109,14773,28882
750,1710,14235,14930,29165
750,1720,14389,15068,29457
750,1730,14549,15229,29778
750,1740,14688,15389,30077
750,1750,14798,15539,30337
750,1760,14911,15670,30581
750,1770,15025,15794,30819
750,1780,15152,15937,31089
750,1790,15286,16061,31347
750,1800,15431,16183,31614
750,1810,15546,16309,31855
750,1820,15653,16432,32085
750,1830,15789,16560,32349
750,1840,15921,16686,32607
750,1850,16042,16800,32842
750,1860,16157,16886,33043
750,1870,16281,17017,33298
750,1880,16419,17133,33552
750,1890,16556,17262,33818
750,1900,16660,17392,34052
750,1910,16762,17508,34270
750,1920,16862,17636,34498
750,1930,16955,17756,34711
750,1940,17059,17907,34966
750,1950,17177,18051,35228
750,1960,17307,18180,35487
750,1970,17416,18296,35712
750,1980,17541,18416,35957
750,1990,17644,18521,36165
760,760,19,14,33
760,770,156,181,337
760,780,299,336,635
760,790,432,498,930
760,800,578,666,1244
760,810,730,803,1533
760,820,885,965,1850
760,830,1049,1135,2184
760,840,1195,1272,2467
760,850,1349,1425,2774
760,860,1498,1587,3085
760,870,1644,1740,3384
760,880,1801,1911,3712
760,890,1955,2061,4016
760,900,2089,2212,4301
760,910,2217,2365,4582
760,920,2359,2523,4882
760,930,2499,2682,5181
760,940,2648,2840,5488
760,950,2804,2993,5797
760,960,2947,3137,6084
760,970,3086,3302,6388
760,980,3233,3487,6720
760,990,3389,3657,7046
760,1000,3528,3809,7337
760,1010,3692,3961,7653
760,1020,3839,4100,7939
760,1030,3980,4269,8249
760,1040,4100,4423,8523
760,1050,4227,4580,8807
760,1060,4370,4740,9110
760,1070,4515,4894,9409
760,1080,4647,5053,9700
760,1090,4822,5201,10023
760,1100,4965,5354,10319
760,1110,5113,5493,10606
760,1120,5251,5639,10890
760,1130,5405,5798,11203
760,1140,5546,5947,11493
760,1150,5683,6122,11805
760,1160,5825,6265,12090
760,1170,5983,6419,12402
760,1180,6134,6559,12693
760,1190,6301,6712,13013
760,1200,6442,6876,13318
760,1210,6589,7062,13651
760,1220,6748,7217,13965
760,1230,6917,7378,14295
760,1240,7075,7512,14587
760,1250,7232,7673,14905
760,1260,7338,7849,15187
760,1270,7489,8033,15522
760,1280,7632,8199,15831
760,1290,7782,8356,16138
760,1300,7928,8498,16426
760,1310,8098,8658,16756
760,1320,8231,8805,17036
760,1330,8371,8947,17318
760,1340,8526,9089,17615
760,1350,8682,9251,17933
760,1360,8835,9400,18235
760,1370,8976,9557,18533
760,1380,9127,9718,18845
760,1390,9310,9854,19164
760,1400,9442,10017,19459
760,1410,9579,10201,19780
760,1420,9706,10353,20059
760,1430,9870,10508,20378
760,1440,10016,10662,20678
760,1450,10179,10820,20999
760,1460,10332,10943,21275
760,1470,10489,11094,21583
760,1480,10625,11239,21864
760,1490,10791,11377,22168
760,1500,10953,11524,22477
760,1510,11104,11675,22779
760,1520,11252,11845,23097
760,1530,11396,12002,23398
760,1540,11549,12142,23691
760,1550,11697,12288,23985
760,1560,11888,12465,24353
760,1570,12042,12627,24669
760,1580,12184,12786,24970
760,1590,12361,12939,25300
760,1600,12493,13089,25582
760,1610,12635,13248,25883
760,1620,12796,13422,26218
760,1630,12958,13577,26535
760,1640,13106,13704,26810
760,1650,13250,13847,27097
760,1660,13395,13996,27391
760,1670,13548,14125,27673
760,1680,13667,14284,27951
760,1690,13792,14440,28232
760,1700,13949,14601,28550
760,1710,14075,14758,28833
760,1720,14229,14896,29125
760,1730,14389,15057,29446
760,1740,14528,15217,29745
760,1750,14638,15367,30005
760,1760,14751,15498,30249
760,1770,14865,15622,30487
760,1780,14992,15765,30757
760,1790,15126,15889,31015
760,1800,15271,16011,31282
760,1810,15386,16137,31523
760,1820,15493,16260,31753
760,1830,15629,16388,32017
760,1840,15761,16514,32275
760,1850,15882,16628,32510
760,1860,15997,16714,32711
760,1870,16121,16845,32966
760,1880,16259,16961,33220
760,1890,16396,17090,33486
760,1900,16500,17220,33720
760,1910,16602,17336,33938
760,1920,16702,17464,34166
760,1930,16795,17584,34379
760,1940,16899,17735,34634
760,1950,17017,17879,34896
760,1960,17147,18008,35155
760,1970,17256,18124,35380
760,1980,17381,18244,35625
760,1990,17484,18349,35833
770,770,22,19,41
770,780,165,174,339
770,790,298,336,634
770,800,444,504,948
770,810,596,641,1237
770,820,751,803,1554
770,830,915,973,1888
770,840,1061,1110,2171
770,850,1215,1263,2478
770,860,1364,1425,2789
770,870,1510,1578,3088
770,880,1667,1749,3416
770,890,1821,1899,3720
770,900,1955,2050,4005
770,910,2083,2203,4286
770,920,2225,2361,4586
770,930,2365,2520,4885
770,940,2514,2678,5192
770,950,2670,2831,5501
770,960,2813,2975,5788
770,970,2952,3140,6092
770,980,3099,3325,6424
770,990,3255,3495,6750
770,1000,3394,3647,7041
770,1010,3558,3799,7357
770,1020,3705,3938,7643
770,1030,3846,4107,7953
770,1040,3966,4261,8227
770,1050,4093,4418,8511
770,1060,4236,4578,8814
770,1070,4381,4732,9113
770,1080,4513,4891,9404
770,1090,4688,5039,9727
770,1100,4831,5192,10023
770,1110,4979,5331,10310
770,1120,5117,5477,10594
770,1130,5271,5636,10907
770,1140,5412,5785,11197
770,1150,5549,5960,11509
770,1160,5691,6103,11794
770,1170,5849,6257,12106
770,1180,6000,6397,12397
770,1190,6167,6550,12717
770,1200,6308,6714,13022
770,1210,6455,6900,13355
770,1220,6614,7055,13669
770,1230,6783,7216,13999
770,1240,6941,7350,14291
770,1250,7098,7511,14609
770,1260,7204,7687,14891
770,1270,7355,7871,15226
770,1280,7498,8037,15535
770,1290,7648,8194,15842
770,1300,7794,8336,16130
770,1310,7964,8496,16460
770,1320,8097,8643,16740
770,1330,8237,8785,17022
770,1340,8392,8927,17319
770,1350,8548,9089,17637
770,1360,8701,9238,17939
770,1370,8842,9395,18237
770,1380,8993,9556,18549
770,1390,9176,9692,18868
770,1400,9308,9855,19163
770,1410,9445,10039,19484
770,1420,9572,10191,19763
770,1430,9736,10346,20082
770,1440,9882,10500,20382
770,1450,10045,10658,20703
770,1460,10198,10781,20979
770,1470,10355,10932,21287
770,1480,10491,11077,21568
770,1490,10657,11215,21872
770,1500,10819,11362,22181
770,1510,10970,11513,22483
770,1520,11118,11683,22801
770,1530,11262,11840,23102
770,1540,11415,11980,23395
770,1550,11563,12126,23689
770,1560,11754,12303,24057
770,1570,11908,12465,24373
770,1580,12050,12624,24674
770,1590,12227,12777,25004
770,1600,12359,12927,25286
770,1610,12501,13086,25587
770,1620,12662,13260,25922
770,1630,12824,13415,26239
770,1640,12972,13542,26514
770,1650,13116,13685,26801
770,1660,13261,13834,27095
770,1670,13414,13963,27377
770,1680,13533,14122,27655
770,1690,13658,14278,27936
770,1700,13815,14439,28254
770,1710,13941,14596,28537
770,1720,14095,14734,28829
770,1730,14255,14895,29150
770,1740,14394,15055,29449
770,1750,14504,15205,29709
770,1760,14617,15336,29953
770,1770,14731,15460,30191
770,1780,14858,15603,30461
770,1790,14992,15727,30719
770,1800,15137,15849,30986
770,1810,15252,15975,31227
770,1820,15359,16098,31457
770,1830,15495,16226,31721
770,1840,15627,16352,31979
770,1850,15748,16466,32214
770,1860,15863,16552,32415
770,1870,15987,16683,32670
770,1880,16125,16799,32924
770,1890,16262,16928,33190
770,1900,16366,17058,33424
770,1910,16468,17174,33642
770,1920,16568,17302,33870
770,1930,16661,17422,34083
770,1940,16765,17573,34338
770,1950,16883,17717,34600
770,1960,17013,17846,34859
770,1970,17122,17962,35084
770,1980,17247,18082,35329
770,1990,17350,18187,35537
780,780,18,17,35
780,790,151,179,330
780,800,297,347,644
780,810,449,484,933
780,820,604,646,1250
780,830,768,816,1584
780,840,914,953,1867
780,850,1068,1106,2174
780,860,1217,1268,2485
780,870,1363,1421,2784
780,880,1520,1592,3112
780,890,1674,1742,3416
780,900,1808,1893,3701
780,910,1936,2046,3982
780,920,2078,2204,4282
780,930,2218,2363,4581
780,940,2367,2521,4888
780,950,2523,2674,5197
780,960,2666,2818,5484
780,970,2805,2983,5788
780,980,2952,3168,6120
780,990,3108,3338,6446
780,1000,3247,3490,6737
780,1010,3411,3642,7053
780,1020,3558,3781,7339
780,1030,3699,3950,7649
780,1040,3819,4104,7923
780,1050,3946,4261,8207
780,1060,4089,4421,8510
780,1070,4234,4575,8809
780,1080,4366,4734,9100
780,1090,4541,4882,9423
780,1100,4684,5035,9719
780,1110,4832,5174,10006
780,1120,4970,5320,10290
780,1130,5124,5479,10603
780,1140,5265,5628,10893
780,1150,5402,5803,11205
780,1160,5544,5946,11490
780,1170,5702,6100,11802
780,1180,5853,6240,12093
780,1190,6020,6393,12413
780,1200,6161,6557,12718
780,1210,6308,6743,13051
780,1220,6467,6898,13365
780,1230,6636,7059,13695
780,1240,6794,7193,13987
780,1250,6951,7354,14305
780,1260,7057,7530,14587
780,1270,7208,7714,14922
780,1280,7351,7880,15231
780,1290,7501,8037,15538
780,1300,7647,8179,15826
780,1310,7817,8339,16156
780,1320,7950,8486,16436
780,1330,8090,8628,16718
780,1340,8245,8770,17015
780,1350,8401,8932,17333
780,1360,8554,9081,17635
780,1370,8695,9238,17933
780,1380,8846,9399,18245
780,1390,9029,9535,18564
780,1400,9161,9698,18859
780,1410,9298,9882,19180
780,1420,9425,10034,19459
780,1430,9589,10189,19778
780,1440,9735,10343,20078
780,1450,9898,10501,20399
780,1460,10051,10624,20675
780,1470,10208,10775,20983
780,1480,10344,10920,21264
780,1490,10510,11058,21568
780,1500,10672,11205,21877
780,1510,10823,11356,22179
780,1520,10971,11526,22497
780,1530,11115,11683,22798
780,1540,11268,11823,23091
780,1550,11416,11969,23385
780,1560,11607,12146,23753
780,1570,11761,12308,24069
780,1580,11903,12467,24370
780,1590,12080,12620,24700
780,1600,12212,12770,24982
780,1610,12354,12929,25283
780,1620,12515,13103,25618
780,1630,12677,13258,25935
780,1640,12825,13385,26210
780,1650,12969,13528,26497
780,1660,13114,13677,26791
780,1670,13267,13806,27073
780,1680,13386,13965,27351
780,1690,13511,14121,27632
780,1700,13668,14282,27950
780,1710,13794,14439,28233
780,1720,13948,14577,28525
780,1730,14108,14738,28846
780,1740,14247,14898,29145
780,1750,14357,15048,29405
780,1760,14470,15179,29649
780,1770,14584,15303,29887
780,1780,14711,15446,30157
780,1790,14845,15570,30415
780,1800,14990,15692,30682
780,1810,15105,15818,30923
780,1820,15212,15941,31153
780,1830,15348,16069,31417
780,1840,15480,16195,31675
780,1850,15601,16309,31910
780,1860,15716,16395,32111
780,1870,15840,16526,32366
780,1880,15978,16642,32620
780,1890,16115,16771,32886
780,1900,16219,16901,33120
780,1910,16321,17017,33338
780,1920,16421,17145,33566
780,1930,16514,17265,33779
780,1940,16618,17416,34034
780,1950,16736,17560,34296
780,1960,16866,17689,34555
780,1970,16975,17805,34780
780,1980,17100,17925,35025
780,1990,17203,18030,35233
790,790,15,19,34
790,800,161,187,348
790,810,313,324,637
790,820,468,486,954
790,830,632,656,1288
790,840,778,793,1571
790,850,932,946,1878
790,860,1081,1108,2189
790,870,1227,1261,2488
790,880,1384,1432,2816
790,890,1538,1582,3120
790,900,1672,1733,3405
790,910,1800,1886,3686
790,920,1942,2044,3986
790,930,2082,2203,4285
790,940,2231,2361,4592
790,950,2387,2514,4901
790,960,2530,2658,5188
790,970,2669,2823,5492
790,980,2816,3008,5824
790,990,2972,3178,6150
790,1000,3111,3330,6441
790,1010,3275,3482,6757
790,1020,3422,3621,7043
790,1030,3563,3790,7353
790,1040,3683,3944,7627
790,1050,3810,4101,7911
790,1060,3953,4261,8214
790,1070,4098,4415,8513
790,1080,4230,4574,8804
790,1090,4405,4722,9127
790,1100,4548,4875,9423
790,1110,4696,5014,9710
790,1120,4834,5160,9994
790,1130,4988,5319,10307
790,1140,5129,5468,10597
790,1150,5266,5643,10909
790,1160,5408,5786,11194
790,1170,5566,5940,11506
790,1180,5717,6080,11797
790,1190,5884,6233,12117
790,1200,6025,6397,12422
790,1210,6172,6583,12755
790,1220,6331,6738,13069
790,1230,6500,6899,13399
790,1240,6658,7033,13691
790,1250,6815,7194,14009
790,1260,6921,7370,14291
790,1270,7072,7554,14626
790,1280,7215,7720,14935
790,1290,7365,7877,15242
790,1300,7511,8019,15530
790,1310,7681,8179,15860
790,1320,7814,8326,16140
790,1330,7954,8468,16422
790,1340,8109,8610,16719
790,1350,8265,8772,17037
790,1360,8418,8921,17339
790,1370,8559,9078,17637
790,1380,8710,9239,17949
790,1390,8893,9375,18268
790,1400,9025,9538,18563
790,1410,9162,9722,18884
790,1420,9289,9874,19163
790,1430,9453,10029,19482
790,1440,9599,10183,19782
790,1450,9762,10341,20103
790,1460,9915,10464,20379
790,1470,10072,10615,20687
790,1480,10208,10760,20968
790,1490,10374,10898,21272
790,1500,10536,11045,21581
790,1510,10687,11196,21883
790,1520,10835,11366,22201
790,1530,10979,11523,22502
790,1540,11132,11663,22795
790,1550,11280,11809,23089
790,1560,11471,11986,23457
790,1570,11625,12148,23773
790,1580,11767,12307,24074
790,1590,11944,12460,24404
790,1600,12076,12610,24686
790,1610,12218,12769,24987
790,1620,12379,12943,25322
790,1630,12541,13098,25639
790,1640,12689,13225,25914
790,1650,12833,13368,26201
790,1660,12978,13517,26495
790,1670,13131,13646,26777
790,1680,13250,13805,27055
790,1690,13375,13961,27336
790,1700,13532,14122,27654
790,1710,13658,14279,27937
790,1720,13812,14417,28229
790,1730,13972,14578,28550
790,1740,14111,14738,28849
790,1750,14221,14888,29109
790,1760,14334,15019,29353
790,1770,14448,15143,29591
790,1780,14575,15286,29861
790,1790,14709,15410,30119
790,1800,14854,15532,30386
790,1810,14969,15658,30627
790,1820,15076,15781,30857
790,1830,15212,15909,31121
790,1840,15344,16035,31379
790,1850,15465,16149,31614
790,1860,15580,16235,31815
790,1870,15704,16366,32070
790,1880,15842,16482,32324
790,1890,15979,16611,32590
790,1900,16083,16741,32824
790,1910,16185,16857,33042
790,1920,16285,16985,33270
790,1930,16378,17105,33483
790,1940,16482,17256,33738
790,1950,16600,17400,34000
790,1960,16730,17529,34259
790,1970,16839,17645,34484
790,1980,16964,17765,34729
790,1990,17067,17870,34937
800,800,16,20,36
800,810,168,157,325
800,820,323,319,642
800,830,487,489,976
800,840,633,626,1259
800,850,787,779,1566
800,860,936,941,1877
800,870,1082,1094,2176
800,880,1239,1265,2504
800,890,1393,1415,2808
800,900,1527,1566,3093
800,910,1655,1719,3374
800,920,1797,1877,3674
800,930,1937,2036,3973
800,940,2086,2194,4280
800,950,2242,2347,4589
800,960,2385,2491,4876
800,970,2524,2656,5180
800,980,2671,2841,5512
800,990,2827,3011,5838
800,1000,2966,3163,6129
800,1010,3130,3315,6445
800,1020,3277,3454,6731
800,1030,3418,3623,7041
800,1040,3538,3777,7315
800,1050,3665,3934,7599
800,1060,3808,4094,7902
800,1070,3953,4248,8201
800,1080,4085,4407,8492
800,1090,4260,4555,8815
800,1100,4403,4708,9111
800,1110,4551,4847,9398
800,1120,4689,4993,9682
800,1130,4843,5152,9995
800,1140,4984,5301,10285
800,1150,5121,5476,10597
800,1160,5263,5619,10882
800,1170,5421,5773,11194
800,1180,5572,5913,11485
800,1190,5739,6066,11805
800,1200,5880,6230,12110
800,1210,6027,6416,12443
800,1220,6186,6571,12757
800,1230,6355,6732,13087
800,1240,6513,6866,13379
800,1250,6670,7027,13697
800,1260,6776,7203,13979
800,1270,6927,7387,14314
800,1280,7070,7553,14623
800,1290,7220,7710,14930
800,1300,7366,7852,15218
800,1310,7536,8012,15548
800,1320,7669,8159,15828
800,1330,7809,8301,16110
800,1340,7964,8443,16407
800,1350,8120,8605,16725
800,1360,8273,8754,17027
800,1370,8414,8911,17325
800,1380,8565,9072,17637
800,1390,8748,9208,17956
800,1400,8880,9371,18251
800,1410,9017,9555,18572
800,1420,9144,9707,18851
800,1430,9308,9862,19170
800,1440,9454,10016,19470
800,1450,9617,10174,19791
800,1460,9770,10297,20067
800,1470,9927,10448,20375
800,1480,10063,10593,20656
800,1490,10229,10731,20960
800,1500,10391,10878,21269
800,1510,10542,11029,21571
800,1520,10690,11199,21889
800,1530,10834,11356,22190
800,1540,10987,11496,22483
800,1550,11135,11642,22777
800,1560,11326,11819,23145
800,1570,11480,11981,23461
800,1580,11622,12140,23762
800,1590,11799,12293,24092
800,1600,11931,12443,24374
800,1610,12073,12602,24675
800,1620,12234,12776,25010
800,1630,12396,12931,25327
800,1640,12544,13058,25602
800,1650,12688,13201,25889
800,1660,12833,13350,26183
800,1670,12986,13479,26465
800,1680,13105,13638,26743
800,1690,13230,13794,27024
800,1700,13387,13955,27342
800,1710,13513,14112,27625
800,1720,13667,14250,27917
800,1730,13827,14411,28238
800,1740,13966,14571,28537
800,1750,14076,14721,28797
800,1760,14189,14852,29041
800,1770,14303,14976,29279
800,1780,14430,15119,29549
800,1790,14564,15243,29807
800,1800,14709,15365,30074
800,1810,14824,15491,30315
800,1820,14931,15614,30545
800,1830,15067,15742,30809
800,1840,15199,15868,31067
800,1850,15320,15982,31302
800,1860,15435,16068,31503
800,1870,15559,16199,31758
800,1880,15697,16315,32012
800,1890,15834,16444,32278
800,1900,15938,16574,32512
800,1910,16040,16690,32730
800,1920,16140,16818,32958
800,1930,16233,16938,33171
800,1940,16337,17089,33426
800,1950,16455,17233,33688
800,1960,16585,17362,33947
800,1970,16694,17478,34172
800,1980,16819,17598,34417
800,1990,16922,17703,34625
810,810,24,11,35
810,820,179,173,352
810,830,343,343,686
810,840,489,480,969
810,850,643,633,1276
810,860,792,795,1587
810,870,938,948,1886
810,880,1095,1119,2214
810,890,1249,1269,2518
810,900,1383,1420,2803
810,910,1511,1573,3084
810,920,1653,1731,3384
810,930,1793,1890,3683
810,940,1942,2048,3990
810,950,2098,2201,4299
810,960,2241,2345,4586
810,970,2380,2510,4890
810,980,2527,2695,5222
810,990,2683,2865,5548
810,1000,2822,3017,5839
810,1010,2986,3169,6155
810,1020,3133,3308,6441
810,1030,3274,3477,6751
810,1040,3394,3631,7025
810,1050,3521,3788,7309
810,1060,3664,3948,7612
810,1070,3809,4102,7911
810,1080,3941,4261,8202
810,1090,4116,4409,8525
810,1100,4259,4562,8821
810,1110,4407,4701,9108
810,1120,4545,4847,9392
810,1130,4699,5006,9705
810,1140,4840,5155,9995
810,1150,4977,5330,10307
810,1160,5119,5473,10592
810,1170,5277,5627,10904
810,1180,5428,5767,11195
810,1190,5595,5920,11515
810,1200,5736,6084,11820
810,1210,5883,6270,12153
810,1220,6042,6425,12467
810,1230,6211,6586,12797
810,1240,6369,6720,13089
810,1250,6526,6881,13407
810,1260,6632,7057,13689
810,1270,6783,7241,14024
810,1280,6926,7407,14333
810,1290,7076,7564,14640
810,1300,7222,7706,14928
810,1310,7392,7866,15258
810,1320,7525,8013,15538
810,1330,7665,8155,15820
810,1340,7820,8297,16117
810,1350,7976,8459,16435
810,1360,8129,8608,16737
810,1370,8270,8765,17035
810,1380,8421,8926,17347
810,1390,8604,9062,17666
810,1400,8736,9225,17961
810,1410,8873,9409,18282
810,1420,9000,9561,18561
810,1430,9164,9716,18880
810,1440,9310,9870,19180
810,1450,9473,10028,19501
810,1460,9626,10151,19777
810,1470,9783,10302,20085
810,1480,9919,10447,20366
810,1490,10085,10585,20670
810,1500,10247,10732,20979
810,1510,10398,10883,21281
810,1520,10546,11053,21599
810,1530,10690,11210,21900
810,1540,10843,11350,22193
810,1550,10991,11496,22487
810,1560,11182,11673,22855
810,1570,11336,11835,23171
810,1580,11478,11994,23472
810,1590,11655,12147,23802
810,1600,11787,12297,24084
810,1610,11929,12456,24385
810,1620,12090,12630,24720
810,1630,12252,12785,25037
810,1640,12400,12912,25312
810,1650,12544,13055,25599
810,1660,12689,13204,25893
810,1670,12842,13333,26175
810,1680,12961,13492,26453
810,1690,13086,13648,26734
810,1700,13243,13809,27052
810,1710,13369,13966,27335
810,1720,13523,14104,27627
810,1730,13683,14265,27948
810,1740,13822,14425,28247
810,1750,13932,14575,28507
810,1760,14045,14706,28751
810,1770,14159,14830,28989
810,1780,14286,14973,29259
810,1790,14420,15097,29517
810,1800,14565,15219,29784
810,1810,14680,15345,30025
810,1820,14787,15468,30255
810,1830,14923,15596,30519
810,1840,15055,15722,30777
810,1850,15176,15836,31012
810,1860,15291,15922,31213
810,1870,15415,16053,31468
810,1880,15553,16169,31722
810,1890,15690,16298,31988
810,1900,15794,16428,32222
810,1910,15896,16544,32440
810,1920,15996,16672,32668
810,1930,16089,16792,32881
810,1940,16193,16943,33136
810,1950,16311,17087,33398
810,1960,16441,17216,33657
810,1970,16550,17332,33882
810,1980,16675,17452,34127
810,1990,16778,17557,34335
820,820,17,16,33
820,830,181,186,367
820,840,327,323,650
820,850,481,476,957
820,860,630,638,1268
820,870,776,791,1567
820,880,933,962,1895
820,890,1087,1112,2199
820,900,1221,1263,2484
820,910,1349,1416,2765
820,920,1491,1574,3065
820,930,1631,1733,3364
820,940,1780,1891,3671
820,950,1936,2044,3980
820,960,2079,2188,4267
820,970,2218,2353,4571
820,980,2365,2538,4903
820,990,2521,2708,5229
820,1000,2660,2860,5520
820,1010,2824,3012,5836
820,1020,2971,3151,6122
820,1030,3112,3320,6432
820,1040,3232,3474,6706
820,1050,3359,3631,6990
820,1060,3502,3791,7293
820,1070,3647,3945,7592
820,1080,3779,4104,7883
820,1090,3954,4252,8206
820,1100,4097,4405,8502
820,1110,4245,4544,8789
820,1120,4383,4690,9073
820,1130,4537,4849,9386
820,1140,4678,4998,9676
820,1150,4815,5173,9988
820,1160,4957,5316,10273
820,1170,5115,5470,10585
820,1180,5266,5610,10876
820,1190,5433,5763,11196
820,1200,5574,5927,11501
820,1210,5721,6113,11834
820,1220,5880,6268,12148
820,1230,6049,6429,12478
820,1240,6207,6563,12770
820,1250,6364,6724,13088
820,1260,6470,6900,13370
820,1270,6621,7084,13705
820,1280,6764,7250,14014
820,1290,6914,7407,14321
820,1300,7060,7549,14609
820,1310,7230,7709,14939
820,1320,7363,7856,15219
820,1330,7503,7998,15501
820,1340,7658,8140,15798
820,1350,7814,8302,16116
820,1360,7967,8451,16418
820,1370,8108,8608,16716
820,1380,8259,8769,17028
820,1390,8442,8905,17347
820,1400,8574,9068,17642
820,1410,8711,9252,17963
820,1420,8838,9404,18242
820,1430,9002,9559,18561
820,1440,9148,9713,18861
820,1450,9311,9871,19182
820,1460,9464,9994,19458
820,1470,9621,10145,19766
820,1480,9757,10290,20047
820,1490,9923,10428,20351
820,1500,10085,10575,20660
820,1510,10236,10726,20962
820,1520,10384,10896,21280
820,1530,10528,11053,21581
820,1540,10681,11193,21874
820,1550,10829,11339,22168
820,1560,11020,11516,22536
820,1570,11174,11678,22852
820,1580,11316,11837,23153
820,1590,11493,11990,23483
820,1600,11625,12140,23765
820,1610,11767,12299,24066
820,1620,11928,12473,24401
820,1630,12090,12628,24718
820,1640,12238,12755,24993
820,1650,12382,12898,25280
820,1660,12527,13047,25574
820,1670,12680,13176,25856
820,1680,12799,13335,26134
820,1690,12924,13491,26415
820,1700,13081,13652,26733
820,1710,13207,13809,27016
820,1720,13361,13947,27308
820,1730,13521,14108,27629
820,1740,13660,14268,27928
820,1750,13770,14418,28188
820,1760,13883,14549,28432
820,1770,13997,14673,28670
820,1780,14124,14816,28940
820,1790,14258,14940,29198
820,1800,14403,15062,29465
820,1810,14518,15188,29706
820,1820,14625,15311,29936
820,1830,14761,15439,30200
820,1840,14893,15565,30458
820,1850,15014,15679,30693
820,1860,15129,15765,30894
820,1870,15253,15896,31149
820,1880,15391,16012,31403
820,1890,15528,16141,31669
820,1900,15632,16271,31903
820,1910,15734,16387,32121
820,1920,15834,16515,32349
820,1930,15927,16635,32562
820,1940,16031,16786,32817
820,1950,16149,16930,33079
820,1960,16279,17059,33338
820,1970,16388,17175,33563
820,1980,16513,17295,33808
820,1990,16616,17400,34016
830,830,13,17,30
830,840,159,154,313
830,850,313,307,620
830,860,462,469,931
830,870,608,622,1230
830,880,765,793,1558
830,890,919,943,1862
830,900,1053,1094,2147
830,910,1181,1247,2428
830,920,1323,1405,2728
830,930,1463,1564,3027
830,940,1612,1722,3334
830,950,1768,1875,3643
830,960,1911,2019,3930
830,970,2050,2184,4234
830,980,2197,2369,4566
830,990,2353,2539,4892
830,1000,2492,2691,5183
830,1010,2656,2843,5499
830,1020,2803,2982,5785
830,1030,2944,3151,6095
830,1040,3064,3305,6369
830,1050,3191,3462,6653
830,1060,3334,3622,6956
830,1070,3479,3776,7255
830,1080,3611,3935,7546
830,1090,3786,4083,7869
830,1100,3929,4236,8165
830,1110,4077,4375,8452
830,1120,4215,4521,8736
830,1130,4369,4680,9049
830,1140,4510,4829,9339
830,1150,4647,5004,9651
830,1160,4789,5147,9936
830,1170,4947,5301,10248
830,1180,5098,5441,10539
830,1190,5265,5594,10859
830,1200,5406,5758,11164
830,1210,5553,5944,11497
830,1220,5712,6099,11811
830,1230,5881,6260,12141
830,1240,6039,6394,12433
830,1250,6196,6555,12751
830,1260,6302,6731,13033
830,1270,6453,6915,13368
830,1280,6596,7081,13677
830,1290,6746,7238,13984
830,1300,6892,7380,14272
830,1310,7062,7540,14602
830,1320,7195,7687,14882
830,1330,7335,7829,15164
830,1340,7490,7971,15461
830,1350,7646,8133,15779
830,1360,7799,8282,16081
830,1370,7940,8439,16379
830,1380,8091,8600,16691
830,1390,8274,8736,17010
830,1400,8406,8899,17305
830,1410,8543,9083,17626
830,1420,8670,9235,17905
830,1430,8834,9390,18224
830,1440,8980,9544,18524
830,1450,9143,9702,18845
830,1460,9296,9825,19121
830,1470,9453,9976,19429
830,1480,9589,10121,19710
830,1490,9755,10259,20014
830,1500,9917,10406,20323
830,1510,10068,10557,20625
830,1520,10216,10727,20943
830,1530,10360,10884,21244
830,1540,10513,11024,21537
830,1550,10661,11170,21831
830,1560,10852,11347,22199
830,1570,11006,11509,22515
830,1580,11148,11668,22816
830,1590,11325,11821,23146
830,1600,11457,11971,23428
830,1610,11599,12130,23729
830,1620,11760,12304,24064
830,1630,11922,12459,24381
830,1640,12070,12586,24656
830,1650,12214,12729,24943
830,1660,12359,12878,25237
830,1670,12512,13007,25519
830,1680,12631,13166,25797
830,1690,12756,13322,26078
830,1700,12913,13483,26396
830,1710,13039,13640,26679
830,1720,13193,13778,26971
830,1730,13353,13939,27292
830,1740,13492,14099,27591
830,1750,13602,14249,27851
830,1760,13715,14380,28095
830,1770,13829,14504,28333
830,1780,13956,14647,28603
830,1790,14090,14771,28861
830,1800,14235,14893,29128
830,1810,14350,15019,29369
830,1820,14457,15142,29599
830,1830,14593,15270,29863
830,1840,14725,15396,30121
830,1850,14846,15510,30356
830,1860,14961,15596,30557
830,1870,15085,15727,30812
830,1880,15223,15843,31066
830,1890,15360,15972,31332
830,1900,15464,16102,31566
830,1910,15566,16218,31784
830,1920,15666,16346,32012
830,1930,15759,16466,32225
830,1940,15863,16617,32480
830,1950,15981,16761,32742
830,1960,16111,16890,33001
830,1970,16220,17006,33226
830,1980,16345,17126,33471
830,1990,16448,17231,33679
840,840,13,8,21
840,850,167,161,328
840,860,316,323,639
840,870,462,476,938
840,880,619,647,1266
840,890,773,797,1570
840,900,907,948,1855
840,910,1035,1101,2136
840,920,1177,1259,2436
840,930,1317,1418,2735
840,940,1466,1576,3042
840,950,1622,1729,3351
840,960,1765,1873,3638
840,970,1904,2038,3942
840,980,2051,2223,4274
840,990,2207,2393,4600
840,1000,2346,2545,4891
840,1010,2510,2697,5207
840,1020,2657,2836,5493
840,1030,2798,3005,5803
840,1040,2918,3159,6077
840,1050,3045,3316,6361
840,1060,3188,3476,6664
840,1070,3333,3630,6963
840,1080,3465,3789,7254
840,1090,3640,3937,7577
840,1100,3783,4090,7873
840,1110,3931,4229,8160
840,1120,4069,4375,8444
840,1130,4223,4534,8757
840,1140,4364,4683,9047
840,1150,4501,4858,9359
840,1160,4643,5001,9644
840,1170,4801,5155,9956
840,1180,4952,5295,10247
840,1190,5119,5448,10567
840,1200,5260,5612,10872
840,1210,5407,5798,11205
840,1220,5566,5953,11519
840,1230,5735,6114,11849
840,1240,5893,6248,12141
840,1250,6050,6409,12459
840,1260,6156,6585,12741
840,1270,6307,6769,13076
840,1280,6450,6935,13385
840,1290,6600,7092,13692
840,1300,6746,7234,13980
840,1310,6916,7394,14310
840,1320,7049,7541,14590
840,1330,7189,7683,14872
840,1340,7344,7825,15169
840,1350,7500,7987,15487
840,1360,7653,8136,15789
840,1370,7794,8293,16087
840,1380,7945,8454,16399
840,1390,8128,8590,16718
840,1400,8260,8753,17013
840,1410,8397,8937,17334
840,1420,8524,9089,17613
840,1430,8688,9244,17932
840,1440,8834,9398,18232
840,1450,8997,9556,18553
840,1460,9150,9679,18829
840,1470,9307,9830,19137
840,1480,9443,9975,19418
840,1490,9609,10113,19722
840,1500,9771,10260,20031
840,1510,9922,10411,20333
840,1520,10070,10581,20651
840,1530,10214,10738,20952
840,1540,10367,10878,21245
840,1550,10515,11024,21539
840,1560,10706,11201,21907
840,1570,10860,11363,22223
840,1580,11002,11522,22524
840,1590,11179,11675,22854
840,1600,11311,11825,23136
840,1610,11453,11984,23437
840,1620,11614,12158,23772
840,1630,11776,12313,24089
840,1640,11924,12440,24364
840,1650,12068,12583,24651
840,1660,12213,12732,24945
840,1670,12366,12861,25227
840,1680,12485,13020,25505
840,1690,12610,13176,25786
840,1700,12767,13337,26104
840,1710,12893,13494,26387
840,1720,13047,13632,26679
840,1730,13207,13793,27000
840,1740,13346,13953,27299
840,1750,13456,14103,27559
840,1760,13569,14234,27803
840,1770,13683,14358,28041
840,1780,13810,14501,28311
840,1790,13944,14625,28569
840,1800,14089,14747,28836
840,1810,14204,14873,29077
840,1820,14311,14996,29307
840,1830,14447,15124,29571
840,1840,14579,15250,29829
840,1850,14700,15364,30064
840,1860,14815,15450,30265
840,1870,14939,15581,30520
840,1880,15077,15697,30774
840,1890,15214,15826,31040
840,1900,15318,15956,31274
840,1910,15420,16072,31492
840,1920,15520,16200,31720
840,1930,15613,16320,31933
840,1940,15717,16471,32188
840,1950,15835,16615,32450
840,1960,15965,16744,32709
840,1970,16074,16860,32934
840,1980,16199,16980,33179
840,1990,16302,17085,33387
850,850,14,16,30
850,860,163,178,341
850,870,309,331,640
850,880,466,502,968
850,890,620,652,1272
850,900,754,803,1557
850,910,882,956,1838
850,920,1024,1114,2138
850,930,1164,1273,2437
850,940,1313,1431,2744
850,950,1469,1584,3053
850,960,1612,1728,3340
850,970,1751,1893,3644
850,980,1898,2078,3976
850,990,2054,2248,4302
850,1000,2193,2400,4593
850,1010,2357,2552,4909
850,1020,2504,2691,5195
850,1030,2645,2860,5505
850,1040,2765,3014,5779
850,1050,2892,3171,6063
850,1060,3035,3331,6366
850,1070,3180,3485,6665
850,1080,3312,3644,6956
850,1090,3487,3792,7279
850,1100,3630,3945,7575
850,1110,3778,4084,7862
850,1120,3916,4230,8146
850,1130,4070,4389,8459
850,1140,4211,4538,8749
850,1150,4348,4713,9061
850,1160,4490,4856,9346
850,1170,4648,5010,9658
850,1180,4799,5150,9949
850,1190,4966,5303,10269
850,1200,5107,5467,10574
850,1210,5254,5653,10907
850,1220,5413,5808,11221
850,1230,5582,5969,11551
850,1240,5740,6103,11843
850,1250,5897,6264,12161
850,1260,6003,6440,12443
850,1270,6154,6624,12778
850,1280,6297,6790,13087
850,1290,6447,6947,13394
850,1300,6593,7089,13682
850,1310,6763,7249,14012
850,1320,6896,7396,14292
850,1330,7036,7538,14574
850,1340,7191,7680,14871
850,1350,7347,7842,15189
850,1360,7500,7991,15491
850,1370,7641,8148,15789
850,1380,7792,8309,16101
850,1390,7975,8445,16420
850,1400,8107,8608,16715
850,1410,8244,8792,17036
850,1420,8371,8944,17315
850,1430,8535,9099,17634
850,1440,8681,9253,17934
850,1450,8844,9411,18255
850,1460,8997,9534,18531
850,1470,9154,9685,18839
850,1480,9290,9830,19120
850,1490,9456,9968,19424
850,1500,9618,10115,19733
850,1510,9769,10266,20035
850,1520,9917,10436,20353
850,1530,10061,10593,20654
850,1540,10214,10733,20947
850,1550,10362,10879,21241
850,1560,10553,11056,21609
850,1570,10707,11218,21925
850,1580,10849,11377,22226
850,1590,11026,11530,22556
850,1600,11158,11680,22838
850,1610,11300,11839,23139
850,1620,11461,12013,23474
850,1630,11623,12168,23791
850,1640,11771,12295,24066
850,1650,11915,12438,24353
850,1660,12060,12587,24647
850,1670,12213,12716,24929
850,1680,12332,12875,25207
850,1690,12457,13031,25488
850,1700,12614,13192,25806
850,1710,12740,13349,26089
850,1720,12894,13487,26381
850,1730,13054,13648,26702
850,1740,13193,13808,27001
850,1750,13303,13958,27261
850,1760,13416,14089,27505
850,1770,13530,14213,27743
850,1780,13657,14356,28013
850,1790,13791,14480,28271
850,1800,13936,14602,28538
850,1810,14051,14728,28779
850,1820,14158,14851,29009
850,1830,14294,14979,29273
850,1840,14426,15105,29531
850,1850,14547,15219,29766
850,1860,14662,15305,29967
850,1870,14786,15436,30222
850,1880,14924,15552,30476
850,1890,15061,15681,30742
850,1900,15165,15811,30976
850,1910,15267,15927,31194
850,1920,15367,16055,31422
850,1930,15460,16175,31635
850,1940,15564,16326,31890
850,1950,15682,16470,32152
850,1960,15812,16599,32411
850,1970,15921,16715,32636
850,1980,16046,16835,32881
850,1990,16149,16940,33089
860,860,14,11,25
860,870,160,164,324
860,880,317,335,652
860,890,471,485,956
860,900,605,636,1241
860,910,733,789,1522
860,920,875,947,1822
860,930,1015,1106,2121
860,940,1164,1264,2428
860,950,1320,1417,2737
860,960,1463,1561,3024
860,970,1602,1726,3328
860,980,1749,1911,3660
860,990,1905,2081,3986
860,1000,2044,2233,4277
860,1010,2208,2385,4593
860,1020,2355,2524,4879
860,1030,2496,2693,5189
860,1040,2616,2847,5463
860,1050,2743,3004,5747
860,1060,2886,3164,6050
860,1070,3031,3318,6349
860,1080,3163,3477,6640
860,1090,3338,3625,6963
860,1100,3481,3778,7259
860,1110,3629,3917,7546
860,1120,3767,4063,7830
860,1130,3921,4222,8143
860,1140,4062,4371,8433
860,1150,4199,4546,8745
860,1160,4341,4689,9030
860,1170,4499,4843,9342
860,1180,4650,4983,9633
860,1190,4817,5136,9953
860,1200,4958,5300,10258
860,1210,5105,5486,10591
860,1220,5264,5641,10905
860,1230,5433,5802,11235
860,1240,5591,5936,11527
860,1250,5748,6097,11845
860,1260,5854,6273,12127
860,1270,6005,6457,12462
860,1280,6148,6623,12771
860,1290,6298,6780,13078
860,1300,6444,6922,13366
860,1310,6614,7082,13696
860,1320,6747,7229,13976
860,1330,6887,7371,14258
860,1340,7042,7513,14555
860,1350,7198,7675,14873
860,1360,7351,7824,15175
860,1370,7492,7981,15473
860,1380,7643,8142,15785
860,1390,7826,8278,16104
860,1400,7958,8441,16399
860,1410,8095,8625,16720
860,1420,8222,8777,16999
860,1430,8386,8932,17318
860,1440,8532,9086,17618
860,1450,8695,9244,17939
860,1460,8848,9367,18215
860,1470,9005,9518,18523
860,1480,9141,9663,18804
860,1490,9307,9801,19108
860,1500,9469,9948,19417
860,1510,9620,10099,19719
860,1520,9768,10269,20037
860,1530,9912,10426,20338
860,1540,10065,10566,20631
860,1550,10213,10712,20925
860,1560,10404,10889,21293
860,1570,10558,11051,21609
860,1580,10700,11210,21910
860,1590,10877,11363,22240
860,1600,11009,11513,22522
860,1610,11151,11672,22823
860,1620,11312,11846,23158
860,1630,11474,12001,23475
860,1640,11622,12128,23750
860,1650,11766,12271,24037
860,1660,11911,12420,24331
860,1670,12064,12549,24613
860,1680,12183,12708,24891
860,1690,12308,12864,25172
860,1700,12465,13025,25490
860,1710,12591,13182,25773
860,1720,12745,13320,26065
860,1730,12905,13481,26386
860,1740,13044,13641,26685
860,1750,13154,13791,26945
860,1760,13267,13922,27189
860,1770,13381,14046,27427
860,1780,13508,14189,27697
860,1790,13642,14313,27955
860,1800,13787,14435,28222
860,1810,13902,14561,28463
860,1820,14009,14684,28693
860,1830,14145,14812,28957
860,1840,14277,14938,29215
860,1850,14398,15052,29450
860,1860,14513,15138,29651
860,1870,14637,15269,29906
860,1880,14775,15385,30160
860,1890,14912,15514,30426
860,1900,15016,15644,30660
860,1910,15118,15760,30878
860,1920,15218,15888,31106
860,1930,15311,16008,31319
860,1940,15415,16159,31574
860,1950,15533,16303,31836
860,1960,15663,16432,32095
860,1970,15772,16548,32320
860,1980,15897,16668,32565
860,1990,16000,16773,32773
870,870,15,16,31
870,880,172,187,359
870,890,326,337,663
870,900,460,488,948
870,910,588,641,1229
870,920,730,799,1529
870,930,870,958,1828
870,940,1019,1116,2135
870,950,1175,1269,2444
870,960,1318,1413,2731
870,970,1457,1578,3035
870,980,1604,1763,3367
870,990,1760,1933,3693
870,1000,1899,2085,3984
870,1010,2063,2237,4300
870,1020,2210,2376,4586
870,1030,2351,2545,4896
870,1040,2471,2699,5170
870,1050,2598,2856,5454
870,1060,2741,3016,5757
870,1070,2886,3170,6056
870,1080,3018,3329,6347
870,1090,3193,3477,6670
870,1100,3336,3630,6966
870,1110,3484,3769,7253
870,1120,3622,3915,7537
870,1130,3776,4074,7850
870,1140,3917,4223,8140
870,1150,4054,4398,8452
870,1160,4196,4541,8737
870,1170,4354,4695,9049
870,1180,4505,4835,9340
870,1190,4672,4988,9660
870,1200,4813,5152,9965
870,1210,4960,5338,10298
870,1220,5119,5493,10612
870,1230,5288,5654,10942
870,1240,5446,5788,11234
870,1250,5603,5949,11552
870,1260,5709,6125,11834
870,1270,5860,6309,12169
870,1280,6003,6475,12478
870,1290,6153,6632,12785
870,1300,6299,6774,13073
870,1310,6469,6934,13403
870,1320,6602,7081,13683
870,1330,6742,7223,13965
870,1340,6897,7365,14262
870,1350,7053,7527,14580
870,1360,7206,7676,14882
870,1370,7347,7833,15180
870,1380,7498,7994,15492
870,1390,7681,8130,15811
870,1400,7813,8293,16106
870,1410,7950,8477,16427
870,1420,8077,8629,16706
870,1430,8241,8784,17025
870,1440,8387,8938,17325
870,1450,8550,9096,17646
870,1460,8703,9219,17922
870,1470,8860,9370,18230
870,1480,8996,9515,18511
870,1490,9162,9653,18815
870,1500,9324,9800,19124
870,1510,9475,9951,19426
870,1520,9623,10121,19744
870,1530,9767,10278,20045
870,1540,9920,10418,20338
870,1550,10068,10564,20632
870,1560,10259,10741,21000
870,1570,10413,10903,21316
870,1580,10555,11062,21617
870,1590,10732,11215,21947
870,1600,10864,11365,22229
870,1610,11006,11524,22530
870,1620,11167,11698,22865
870,1630,11329,11853,23182
870,1640,11477,11980,23457
870,1650,11621,12123,23744
870,1660,11766,12272,24038
870,1670,11919,12401,24320
870,1680,12038,12560,24598
870,1690,12163,12716,24879
870,1700,12320,12877,25197
870,1710,12446,13034,25480
870,1720,12600,13172,25772
870,1730,12760,13333,26093
870,1740,12899,13493,26392
870,1750,13009,13643,26652
870,1760,13122,13774,26896
870,1770,13236,13898,27134
870,1780,13363,14041,27404
870,1790,13497,14165,27662
870,1800,13642,14287,27929
870,1810,13757,14413,28170
870,1820,13864,14536,28400
870,1830,14000,14664,28664
870,1840,14132,14790,28922
870,1850,14253,14904,29157
870,1860,14368,14990,29358
870,1870,14492,15121,29613
870,1880,14630,15237,29867
870,1890,14767,15366,30133
870,1900,14871,15496,30367
870,1910,14973,15612,30585
870,1920,15073,15740,30813
870,1930,15166,15860,31026
870,1940,15270,16011,31281
870,1950,15388,16155,31543
870,1960,15518,16284,31802
870,1970,15627,16400,32027
870,1980,15752,16520,32272
870,1990,15855,16625,32480
880,880,24,18,42
880,890,178,168,346
880,900,312,319,631
880,910,440,472,912
880,920,582,630,1212
880,930,722,789,1511
880,940,871,947,1818
880,950,1027,1100,2127
880,960,1170,1244,2414
880,970,1309,1409,2718
880,980,1456,1594,3050
880,990,1612,1764,3376
880,1000,1751,1916,3667
880,1010,1915,2068,3983
880,1020,2062,2207,4269
880,1030,2203,2376,4579
880,1040,2323,2530,4853
880,1050,2450,2687,5137
880,1060,2593,2847,5440
880,1070,2738,3001,5739
880,1080,2870,3160,6030
880,1090,3045,3308,6353
880,1100,3188,3461,6649
880,1110,3336,3600,6936
880,1120,3474,3746,7220
880,1130,3628,3905,7533
880,1140,3769,4054,7823
880,1150,3906,4229,8135
880,1160,4048,4372,8420
880,1170,4206,4526,8732
880,1180,4357,4666,9023
880,1190,4524,4819,9343
880,1200,4665,4983,9648
880,1210,4812,5169,9981
880,1220,4971,5324,10295
880,1230,5140,5485,10625
880,1240,5298,5619,10917
880,1250,5455,5780,11235
880,1260,5561,5956,11517
880,1270,5712,6140,11852
880,1280,5855,6306,12161
880,1290,6005,6463,12468
880,1300,6151,6605,12756
880,1310,6321,6765,13086
880,1320,6454,6912,13366
880,1330,6594,7054,13648
880,1340,6749,7196,13945
880,1350,6905,7358,14263
880,1360,7058,7507,14565
880,1370,7199,7664,14863
880,1380,7350,7825,15175
880,1390,7533,7961,15494
880,1400,7665,8124,15789
880,1410,7802,8308,16110
880,1420,7929,8460,16389
880,1430,8093,8615,16708
880,1440,8239,8769,17008
880,1450,8402,8927,17329
880,1460,8555,9050,17605
880,1470,8712,9201,17913
880,1480,8848,9346,18194
880,1490,9014,9484,18498
880,1500,9176,9631,18807
880,1510,9327,9782,19109
880,1520,9475,9952,19427
880,1530,9619,10109,19728
880,1540,9772,10249,20021
880,1550,9920,10395,20315
880,1560,10111,10572,20683
880,1570,10265,10734,20999
880,1580,10407,10893,21300
880,1590,10584,11046,21630
880,1600,10716,11196,21912
880,1610,10858,11355,22213
880,1620,11019,11529,22548
880,1630,11181,11684,22865
880,1640,11329,11811,23140
880,1650,11473,11954,23427
880,1660,11618,12103,23721
880,1670,11771,12232,24003
880,1680,11890,12391,24281
880,1690,12015,12547,24562
880,1700,12172,12708,24880
880,1710,12298,12865,25163
880,1720,12452,13003,25455
880,1730,12612,13164,25776
880,1740,12751,13324,26075
880,1750,12861,13474,26335
880,1760,12974,13605,26579
880,1770,13088,13729,26817
880,1780,13215,13872,27087
880,1790,13349,13996,27345
880,1800,13494,14118,27612
880,1810,13609,14244,27853
880,1820,13716,14367,28083
880,1830,13852,14495,28347
880,1840,13984,14621,28605
880,1850,14105,14735,28840
880,1860,14220,14821,29041
880,1870,14344,14952,29296
880,1880,14482,15068,29550
880,1890,14619,15197,29816
880,1900,14723,15327,30050
880,1910,14825,15443,30268
880,1920,14925,15571,30496
880,1930,15018,15691,30709
880,1940,15122,15842,30964
880,1950,15240,15986,31226
880,1960,15370,16115,31485
880,1970,15479,16231,31710
880,1980,15604,16351,31955
880,1990,15707,16456,32163
890,890,14,8,22
890,900,148,159,307
890,910,276,312,588
890,920,418,470,888
890,930,558,629,1187
890,940,707,787,1494
890,950,863,940,1803
890,960,1006,1084,2090
890,970,1145,1249,2394
890,980,1292,1434,2726
890,990,1448,1604,3052
890,1000,1587,1756,3343
890,1010,1751,1908,3659
890,1020,1898,2047,3945
890,1030,2039,2216,4255
890,1040,2159,2370,4529
890,1050,2286,2527,4813
890,1060,2429,2687,5116
890,1070,2574,2841,5415
890,1080,2706,3000,5706
890,1090,2881,3148,6029
890,1100,3024,3301,6325
890,1110,3172,3440,6612
890,1120,3310,3586,6896
890,1130,3464,3745,7209
890,1140,3605,3894,7499
890,1150,3742,4069,7811
890,1160,3884,4212,8096
890,1170,4042,4366,8408
890,1180,4193,4506,8699
890,1190,4360,4659,9019
890,1200,4501,4823,9324
890,1210,4648,5009,9657
890,1220,4807,5164,9971
890,1230,4976,5325,10301
890,1240,5134,5459,10593
890,1250,5291,5620,10911
890,1260,5397,5796,11193
890,1270,5548,5980,11528
890,1280,5691,6146,11837
890,1290,5841,6303,12144
890,1300,5987,6445,12432
890,1310,6157,6605,12762
890,1320,6290,6752,13042
890,1330,6430,6894,13324
890,1340,6585,7036,13621
890,1350,6741,7198,13939
890,1360,6894,7347,14241
890,1370,7035,7504,14539
890,1380,7186,7665,14851
890,1390,7369,7801,15170
890,1400,7501,7964,15465
890,1410,7638,8148,15786
890,1420,7765,8300,16065
890,1430,7929,8455,16384
890,1440,8075,8609,16684
890,1450,8238,8767,17005
890,1460,8391,8890,17281
890,1470,8548,9041,17589
890,1480,8684,9186,17870
890,1490,8850,9324,18174
890,1500,9012,9471,18483
890,1510,9163,9622,18785
890,1520,9311,9792,19103
890,1530,9455,9949,19404
890,1540,9608,10089,19697
890,1550,9756,10235,19991
890,1560,9947,10412,20359
890,1570,10101,10574,20675
890,1580,10243,10733,20976
890,1590,10420,10886,21306
890,1600,10552,11036,21588
890,1610,10694,11195,21889
890,1620,10855,11369,22224
890,1630,11017,11524,22541
890,1640,11165,11651,22816
890,1650,11309,11794,23103
890,1660,11454,11943,23397
890,1670,11607,12072,23679
890,1680,11726,12231,23957
890,1690,11851,12387,24238
890,1700,12008,12548,24556
890,1710,12134,12705,24839
890,1720,12288,12843,25131
890,1730,12448,13004,25452
890,1740,12587,13164,25751
890,1750,12697,13314,26011
890,1760,12810,13445,26255
890,1770,12924,13569,26493
890,1780,13051,13712,26763
890,1790,13185,13836,27021
890,1800,13330,13958,27288
890,1810,13445,14084,27529
890,1820,13552,14207,27759
890,1830,13688,14335,28023
890,1840,13820,14461,28281
890,1850,13941,14575,28516
890,1860,14056,14661,28717
890,1870,14180,14792,28972
890,1880,14318,14908,29226
890,1890,14455,15037,29492
890,1900,14559,15167,29726
890,1910,14661,15283,29944
890,1920,14761,15411,30172
890,1930,14854,15531,30385
890,1940,14958,15682,30640
890,1950,15076,15826,30902
890,1960,15206,15955,31161
890,1970,15315,16071,31386
890,1980,15440,16191,31631
890,1990,15543,16296,31839
900,900,13,13,26
900,910,141,166,307
900,920,283,324,607
900,930,423,483,906
900,940,572,641,1213
900,950,728,794,1522
900,960,871,938,1809
900,970,1010,1103,2113
900,980,1157,1288,2445
900,990,1313,1458,2771
900,1000,1452,1610,3062
900,1010,1616,1762,3378
900,1020,1763,1901,3664
900,1030,1904,2070,3974
900,1040,2024,2224,4248
900,1050,2151,2381,4532
900,1060,2294,2541,4835
900,1070,2439,2695,5134
900,1080,2571,2854,5425
900,1090,2746,3002,5748
900,1100,2889,3155,6044
900,1110,3037,3294,6331
900,1120,3175,3440,6615
900,1130,3329,3599,6928
900,1140,3470,3748,7218
900,1150,3607,3923,7530
900,1160,3749,4066,7815
900,1170,3907,4220,8127
900,1180,4058,4360,8418
900,1190,4225,4513,8738
900,1200,4366,4677,9043
900,1210,4513,4863,9376
900,1220,4672,5018,9690
900,1230,4841,5179,10020
900,1240,4999,5313,10312
900,1250,5156,5474,10630
900,1260,5262,5650,10912
900,1270,5413,5834,11247
900,1280,5556,6000,11556
900,1290,5706,6157,11863
900,1300,5852,6299,12151
900,1310,6022,6459,12481
900,1320,6155,6606,12761
900,1330,6295,6748,13043
900,1340,6450,6890,13340
900,1350,6606,7052,13658
900,1360,6759,7201,13960
900,1370,6900,7358,14258
900,1380,7051,7519,14570
900,1390,7234,7655,14889
900,1400,7366,7818,15184
900,1410,7503,8002,15505
900,1420,7630,8154,15784
900,1430,7794,8309,16103
900,1440,7940,8463,16403
900,1450,8103,8621,16724
900,1460,8256,8744,17000
900,1470,8413,8895,17308
900,1480,8549,9040,17589
900,1490,8715,9178,17893
900,1500,8877,9325,18202
900,1510,9028,9476,18504
900,1520,9176,9646,18822
900,1530,9320,9803,19123
900,1540,9473,9943,19416
900,1550,9621,10089,19710
900,1560,9812,10266,20078
900,1570,9966,10428,20394
900,1580,10108,10587,20695
900,1590,10285,10740,21025
900,1600,10417,10890,21307
900,1610,10559,11049,21608
900,1620,10720,11223,21943
900,1630,10882,11378,22260
900,1640,11030,11505,22535
900,1650,11174,11648,22822
900,1660,11319,11797,23116
900,1670,11472,11926,23398
900,1680,11591,12085,23676
900,1690,11716,12241,23957
900,1700,11873,12402,24275
900,1710,11999,12559,24558
900,1720,12153,12697,24850
900,1730,12313,12858,25171
900,1740,12452,13018,25470
900,1750,12562,13168,25730
900,1760,12675,13299,25974
900,1770,12789,13423,26212
900,1780,12916,13566,26482
900,1790,13050,13690,26740
900,1800,13195,13812,27007
900,1810,13310,13938,27248
900,1820,13417,14061,27478
900,1830,13553,14189,27742
900,1840,13685,14315,28000
900,1850,13806,14429,28235
900,1860,13921,14515,28436
900,1870,14045,14646,28691
900,1880,14183,14762,28945
900,1890,14320,14891,29211
900,1900,14424,15021,29445
900,1910,14526,15137,29663
900,1920,14626,15265,29891
900,1930,14719,15385,30104
900,1940,14823,15536,30359
900,1950,14941,15680,30621
900,1960,15071,15809,30880
900,1970,15180,15925,31105
900,1980,15305,16045,31350
900,1990,15408,16150,31558
910,910,15,21,36
910,920,157,179,336
910,930,297,338,635
910,940,446,496,942
910,950,602,649,1251
910,960,745,793,1538
910,970,884,958,1842
910,980,1031,1143,2174
910,990,1187,1313,2500
910,1000,1326,1465,2791
910,1010,1490,1617,3107
910,1020,1637,1756,3393
910,1030,1778,1925,3703
910,1040,1898,2079,3977
910,1050,2025,2236,4261
910,1060,2168,2396,4564
910,1070,2313,2550,4863
910,1080,2445,2709,5154
910,1090,2620,2857,5477
910,1100,2763,3010,5773
910,1110,2911,3149,6060
910,1120,3049,3295,6344
910,1130,3203,3454,6657
910,1140,3344,3603,6947
910,1150,3481,3778,7259
910,1160,3623,3921,7544
910,1170,3781,4075,7856
910,1180,3932,4215,8147
910,1190,4099,4368,8467
910,1200,4240,4532,8772
910,1210,4387,4718,9105
910,1220,4546,4873,9419
910,1230,4715,5034,9749
910,1240,4873,5168,10041
910,1250,5030,5329,10359
910,1260,5136,5505,10641
910,1270,5287,5689,10976
910,1280,5430,5855,11285
910,1290,5580,6012,11592
910,1300,5726,6154,11880
910,1310,5896,6314,12210
910,1320,6029,6461,12490
910,1330,6169,6603,12772
910,1340,6324,6745,13069
910,1350,6480,6907,13387
910,1360,6633,7056,13689
910,1370,6774,7213,13987
910,1380,6925,7374,14299
910,1390,7108,7510,14618
910,1400,7240,7673,14913
910,1410,7377,7857,15234
910,1420,7504,8009,15513
910,1430,7668,8164,15832
910,1440,7814,8318,16132
910,1450,7977,8476,16453
910,1460,8130,8599,16729
910,1470,8287,8750,17037
910,1480,8423,8895,17318
910,1490,8589,9033,17622
910,1500,8751,9180,17931
910,1510,8902,9331,18233
910,1520,9050,9501,18551
910,1530,9194,9658,18852
910,1540,9347,9798,19145
910,1550,9495,9944,19439
910,1560,9686,10121,19807
910,1570,9840,10283,20123
910,1580,9982,10442,20424
910,1590,10159,10595,20754
910,1600,10291,10745,21036
910,1610,10433,10904,21337
910,1620,10594,11078,21672
910,1630,10756,11233,21989
910,1640,10904,11360,22264
910,1650,11048,11503,22551
910,1660,11193,11652,22845
910,1670,11346,11781,23127
910,1680,11465,11940,23405
910,1690,11590,12096,23686
910,1700,11747,12257,24004
910,1710,11873,12414,24287
910,1720,12027,12552,24579
910,1730,12187,12713,24900
910,1740,12326,12873,25199
910,1750,12436,13023,25459
910,1760,12549,13154,25703
910,1770,12663,13278,25941
910,1780,12790,13421,26211
910,1790,12924,13545,26469
910,1800,13069,13667,26736
910,1810,13184,13793,26977
910,1820,13291,13916,27207
910,1830,13427,14044,27471
910,1840,13559,14170,27729
910,1850,13680,14284,27964
910,1860,13795,14370,28165
910,1870,13919,14501,28420
910,1880,14057,14617,28674
910,1890,14194,14746,28940
910,1900,14298,14876,29174
910,1910,14400,14992,29392
910,1920,14500,15120,29620
910,1930,14593,15240,29833
910,1940,14697,15391,30088
910,1950,14815,15535,30350
910,1960,14945,15664,30609
910,1970,15054,15780,30834
910,1980,15179,15900,31079
910,1990,15282,16005,31287
920,920,8,13,21
920,930,148,172,320
920,940,297,330,627
920,950,453,483,936
920,960,596,627,1223
920,970,735,792,1527
920,980,882,977,1859
920,990,1038,1147,2185
920,1000,1177,1299,2476
920,1010,1341,1451,2792
920,1020,1488,1590,3078
920,1030,1629,1759,3388
920,1040,1749,1913,3662
920,1050,1876,2070,3946
920,1060,2019,2230,4249
920,1070,2164,2384,4548
920,1080,2296,2543,4839
920,1090,2471,2691,5162
920,1100,2614,2844,5458
920,1110,2762,2983,5745
920,1120,2900,3129,6029
920,1130,3054,3288,6342
920,1140,3195,3437,6632
920,1150,3332,3612,6944
920,1160,3474,3755,7229
920,1170,3632,3909,7541
920,1180,3783,4049,7832
920,1190,3950,4202,8152
920,1200,4091,4366,8457
920,1210,4238,4552,8790
920,1220,4397,4707,9104
920,1230,4566,4868,9434
920,1240,4724,5002,9726
920,1250,4881,5163,10044
920,1260,4987,5339,10326
920,1270,5138,5523,10661
920,1280,5281,5689,10970
920,1290,5431,5846,11277
920,1300,5577,5988,11565
920,1310,5747,6148,11895
920,1320,5880,6295,12175
920,1330,6020,6437,12457
920,1340,6175,6579,12754
920,1350,6331,6741,13072
920,1360,6484,6890,13374
920,1370,6625,7047,13672
920,1380,6776,7208,13984
920,1390,6959,7344,14303
920,1400,7091,7507,14598
920,1410,7228,7691,14919
920,1420,7355,7843,15198
920,1430,7519,7998,15517
920,1440,7665,8152,15817
920,1450,7828,8310,16138
920,1460,7981,8433,16414
920,1470,8138,8584,16722
920,1480,8274,8729,17003
920,1490,8440,8867,17307
920,1500,8602,9014,17616
920,1510,8753,9165,17918
920,1520,8901,9335,18236
920,1530,9045,9492,18537
920,1540,9198,9632,18830
920,1550,9346,9778,19124
920,1560,9537,9955,19492
920,1570,9691,10117,19808
920,1580,9833,10276,20109
920,1590,10010,10429,20439
920,1600,10142,10579,20721
920,1610,10284,10738,21022
920,1620,10445,10912,21357
920,1630,10607,11067,21674
920,1640,10755,11194,21949
920,1650,10899,11337,22236
920,1660,11044,11486,22530
920,1670,11197,11615,22812
920,1680,11316,11774,23090
920,1690,11441,11930,23371
920,1700,11598,12091,23689
920,1710,11724,12248,23972
920,1720,11878,12386,24264
920,1730,12038,12547,24585
920,1740,12177,12707,24884
920,1750,12287,12857,25144
920,1760,12400,12988,25388
920,1770,12514,13112,25626
920,1780,12641,13255,25896
920,1790,12775,13379,26154
920,1800,12920,13501,26421
920,1810,13035,13627,26662
920,1820,13142,13750,26892
920,1830,13278,13878,27156
920,1840,13410,14004,27414
920,1850,13531,14118,27649
920,1860,13646,14204,27850
920,1870,13770,14335,28105
920,1880,13908,14451,28359
920,1890,14045,14580,28625
920,1900,14149,14710,28859
920,1910,14251,14826,29077
920,1920,14351,14954,29305
920,1930,14444,15074,29518
920,1940,14548,15225,29773
920,1950,14666,15369,30035
920,1960,14796,15498,30294
920,1970,14905,15614,30519
920,1980,15030,15734,30764
920,1990,15133,15839,30972
930,930,13,14,27
930,940,162,172,334
930,950,318,325,643
930,960,461,469,930
930,970,600,634,1234
930,980,747,819,1566
930,990,903,989,1892
930,1000,1042,1141,2183
930,1010,1206,1293,2499
930,1020,1353,1432,2785
930,1030,1494,1601,3095
930,1040,1614,1755,3369
930,1050,1741,1912,3653
930,1060,1884,2072,3956
930,1070,2029,2226,4255
930,1080,2161,2385,4546
930,1090,2336,2533,4869
930,1100,2479,2686,5165
930,1110,2627,2825,5452
930,1120,2765,2971,5736
930,1130,2919,3130,6049
930,1140,3060,3279,6339
930,1150,3197,3454,6651
930,1160,3339,3597,6936
930,1170,3497,3751,7248
930,1180,3648,3891,7539
930,1190,3815,4044,7859
930,1200,3956,4208,8164
930,1210,4103,4394,8497
930,1220,4262,4549,8811
930,1230,4431,4710,9141
930,1240,4589,4844,9433
930,1250,4746,5005,9751
930,1260,4852,5181,10033
930,1270,5003,5365,10368
930,1280,5146,5531,10677
930,1290,5296,5688,10984
930,1300,5442,5830,11272
930,1310,5612,5990,11602
930,1320,5745,6137,11882
930,1330,5885,6279,12164
930,1340,6040,6421,12461
930,1350,6196,6583,12779
930,1360,6349,6732,13081
930,1370,6490,6889,13379
930,1380,6641,7050,13691
930,1390,6824,7186,14010
930,1400,6956,7349,14305
930,1410,7093,7533,14626
930,1420,7220,7685,14905
930,1430,7384,7840,15224
930,1440,7530,7994,15524
930,1450,7693,8152,15845
930,1460,7846,8275,16121
930,1470,8003,8426,16429
930,1480,8139,8571,16710
930,1490,8305,8709,17014
930,1500,8467,8856,17323
930,1510,8618,9007,17625
930,1520,8766,9177,17943
930,1530,8910,9334,18244
930,1540,9063,9474,18537
930,1550,9211,9620,18831
930,1560,9402,9797,19199
930,1570,9556,9959,19515
930,1580,9698,10118,19816
930,1590,9875,10271,20146
930,1600,10007,10421,20428
930,1610,10149,10580,20729
930,1620,10310,10754,21064
930,1630,10472,10909,21381
930,1640,10620,11036,21656
930,1650,10764,11179,21943
930,1660,10909,11328,22237
930,1670,11062,11457,22519
930,1680,11181,11616,22797
930,1690,11306,11772,23078
930,1700,11463,11933,23396
930,1710,11589,12090,23679
930,1720,11743,12228,23971
930,1730,11903,12389,24292
930,1740,12042,12549,24591
930,1750,12152,12699,24851
930,1760,12265,12830,25095
930,1770,12379,12954,25333
930,1780,12506,13097,25603
930,1790,12640,13221,25861
930,1800,12785,13343,26128
930,1810,12900,13469,26369
930,1820,13007,13592,26599
930,1830,13143,13720,26863
930,1840,13275,13846,27121
930,1850,13396,13960,27356
930,1860,13511,14046,27557
930,1870,13635,14177,27812
930,1880,13773,14293,28066
930,1890,13910,14422,28332
930,1900,14014,14552,28566
930,1910,14116,14668,28784
930,1920,14216,14796,29012
930,1930,14309,14916,29225
930,1940,14413,15067,29480
930,1950,14531,15211,29742
930,1960,14661,15340,30001
930,1970,14770,15456,30226
930,1980,14895,15576,30471
930,1990,14998,15681,30679
940,940,14,23,37
940,950,170,176,346
940,960,313,320,633
940,970,452,485,937
940,980,599,670,1269
940,990,755,840,1595
940,1000,894,992,1886
940,1010,1058,1144,2202
940,1020,1205,1283,2488
940,1030,1346,1452,2798
940,1040,1466,1606,3072
940,1050,1593,1763,3356
940,1060,1736,1923,3659
940,1070,1881,2077,3958
940,1080,2013,2236,4249
940,1090,2188,2384,4572
940,1100,2331,2537,4868
940,1110,2479,2676,5155
940,1120,2617,2822,5439
940,1130,2771,2981,5752
940,1140,2912,3130,6042
940,1150,3049,3305,6354
940,1160,3191,3448,6639
940,1170,3349,3602,6951
940,1180,3500,3742,7242
940,1190,3667,3895,7562
940,1200,3808,4059,7867
940,1210,3955,4245,8200
940,1220,4114,4400,8514
940,1230,4283,4561,8844
940,1240,4441,4695,9136
940,1250,4598,4856,9454
940,1260,4704,5032,9736
940,1270,4855,5216,10071
940,1280,4998,5382,10380
940,1290,5148,5539,10687
940,1300,5294,5681,10975
940,1310,5464,5841,11305
940,1320,5597,5988,11585
940,1330,5737,6130,11867
940,1340,5892,6272,12164
940,1350,6048,6434,12482
940,1360,6201,6583,12784
940,1370,6342,6740,13082
940,1380,6493,6901,13394
940,1390,6676,7037,13713
940,1400,6808,7200,14008
940,1410,6945,7384,14329
940,1420,7072,7536,14608
940,1430,7236,7691,14927
940,1440,7382,7845,15227
940,1450,7545,8003,15548
940,1460,7698,8126,15824
940,1470,7855,8277,16132
940,1480,7991,8422,16413
940,1490,8157,8560,16717
940,1500,8319,8707,17026
940,1510,8470,8858,17328
940,1520,8618,9028,17646
940,1530,8762,9185,17947
940,1540,8915,9325,18240
940,1550,9063,9471,18534
940,1560,9254,9648,18902
940,1570,9408,9810,19218
940,1580,9550,9969,19519
940,1590,9727,10122,19849
940,1600,9859,10272,20131
940,1610,10001,10431,20432
940,1620,10162,10605,20767
940,1630,10324,10760,21084
940,1640,10472,10887,21359
940,1650,10616,11030,21646
940,1660,10761,11179,21940
940,1670,10914,11308,22222
940,1680,11033,11467,22500
940,1690,11158,11623,22781
940,1700,11315,11784,23099
940,1710,11441,11941,23382
940,1720,11595,12079,23674
940,1730,11755,12240,23995
940,1740,11894,12400,24294
940,1750,12004,12550,24554
940,1760,12117,12681,24798
940,1770,12231,12805,25036
940,1780,12358,12948,25306
940,1790,12492,13072,25564
940,1800,12637,13194,25831
940,1810,12752,13320,26072
940,1820,12859,13443,26302
940,1830,12995,13571,26566
940,1840,13127,13697,26824
940,1850,13248,13811,27059
940,1860,13363,13897,27260
940,1870,13487,14028,27515
940,1880,13625,14144,27769
940,1890,13762,14273,28035
940,1900,13866,14403,28269
940,1910,13968,14519,28487
940,1920,14068,14647,28715
940,1930,14161,14767,28928
940,1940,14265,14918,29183
940,1950,14383,15062,29445
940,1960,14513,15191,29704
940,1970,14622,15307,29929
940,1980,14747,15427,30174
940,1990,14850,15532,30382
950,950,10,12,22
950,960,153,156,309
950,970,292,321,613
950,980,439,506,945
950,990,595,676,1271
950,1000,734,828,1562
950,1010,898,980,1878
950,1020,1045,1119,2164
950,1030,1186,1288,2474
950,1040,1306,1442,2748
950,1050,1433,1599,3032
950,1060,1576,1759,3335
950,1070,1721,1913,3634
950,1080,1853,2072,3925
950,1090,2028,2220,4248
950,1100,2171,2373,4544
950,1110,2319,2512,4831
950,1120,2457,2658,5115
950,1130,2611,2817,5428
950,1140,2752,2966,5718
950,1150,2889,3141,6030
950,1160,3031,3284,6315
950,1170,3189,3438,6627
950,1180,3340,3578,6918
950,1190,3507,3731,7238
950,1200,3648,3895,7543
950,1210,3795,4081,7876
950,1220,3954,4236,8190
950,1230,4123,4397,8520
950,1240,4281,4531,8812
950,1250,4438,4692,9130
950,1260,4544,4868,9412
950,1270,4695,5052,9747
950,1280,4838,5218,10056
950,1290,4988,5375,10363
950,1300,5134,5517,10651
950,1310,5304,5677,10981
950,1320,5437,5824,11261
950,1330,5577,5966,11543
950,1340,5732,6108,11840
950,1350,5888,6270,12158
950,1360,6041,6419,12460
950,1370,6182,6576,12758
950,1380,6333,6737,13070
950,1390,6516,6873,13389
950,1400,6648,7036,13684
950,1410,6785,7220,14005
950,1420,6912,7372,14284
950,1430,7076,7527,14603
950,1440,7222,7681,14903
950,1450,7385,7839,15224
950,1460,7538,7962,15500
950,1470,7695,8113,15808
950,1480,7831,8258,16089
950,1490,7997,8396,16393
950,1500,8159,8543,16702
950,1510,8310,8694,17004
950,1520,8458,8864,17322
950,1530,8602,9021,17623
950,1540,8755,9161,17916
950,1550,8903,9307,18210
950,1560,9094,9484,18578
950,1570,9248,9646,18894
950,1580,9390,9805,19195
950,1590,9567,9958,19525
950,1600,9699,10108,19807
950,1610,9841,10267,20108
950,1620,10002,10441,20443
950,1630,10164,10596,20760
950,1640,10312,10723,21035
950,1650,10456,10866,21322
950,1660,10601,11015,21616
950,1670,10754,11144,21898
950,1680,10873,11303,22176
950,1690,10998,11459,22457
950,1700,11155,11620,22775
950,1710,11281,11777,23058
950,1720,11435,11915,23350
950,1730,11595,12076,23671
950,1740,11734,12236,23970
950,1750,11844,12386,24230
950,1760,11957,12517,24474
950,1770,12071,12641,24712
950,1780,12198,12784,24982
950,1790,12332,12908,25240
950,1800,12477,13030,25507
950,1810,12592,13156,25748
950,1820,12699,13279,25978
950,1830,12835,13407,26242
950,1840,12967,13533,26500
950,1850,13088,13647,26735
950,1860,13203,13733,26936
950,1870,13327,13864,27191
950,1880,13465,13980,27445
950,1890,13602,14109,27711
950,1900,13706,14239,27945
950,1910,13808,14355,28163
950,1920,13908,14483,28391
950,1930,14001,14603,28604
950,1940,14105,14754,28859
950,1950,14223,14898,29121
950,1960,14353,15027,29380
950,1970,14462,15143,29605
950,1980,14587,15263,29850
950,1990,14690,15368,30058
960,960,21,11,32
960,970,160,176,336
960,980,307,361,668
960,990,463,531,994
960,1000,602,683,1285
960,1010,766,835,1601
960,1020,913,974,1887
960,1030,1054,1143,2197
960,1040,1174,1297,2471
960,1050,1301,1454,2755
960,1060,1444,1614,3058
960,1070,1589,1768,3357
960,1080,1721,1927,3648
960,1090,1896,2075,3971
960,1100,2039,2228,4267
960,1110,2187,2367,4554
960,1120,2325,2513,4838
960,1130,2479,2672,5151
960,1140,2620,2821,5441
960,1150,2757,2996,5753
960,1160,2899,3139,6038
960,1170,3057,3293,6350
960,1180,3208,3433,6641
960,1190,3375,3586,6961
960,1200,3516,3750,7266
960,1210,3663,3936,7599
960,1220,3822,4091,7913
960,1230,3991,4252,8243
960,1240,4149,4386,8535
960,1250,4306,4547,8853
960,1260,4412,4723,9135
960,1270,4563,4907,9470
960,1280,4706,5073,9779
960,1290,4856,5230,10086
960,1300,5002,5372,10374
960,1310,5172,5532,10704
960,1320,5305,5679,10984
960,1330,5445,5821,11266
960,1340,5600,5963,11563
960,1350,5756,6125,11881
960,1360,5909,6274,12183
960,1370,6050,6431,12481
960,1380,6201,6592,12793
960,1390,6384,6728,13112
960,1400,6516,6891,13407
960,1410,6653,7075,13728
960,1420,6780,7227,14007
960,1430,6944,7382,14326
960,1440,7090,7536,14626
960,1450,7253,7694,14947
960,1460,7406,7817,15223
960,1470,7563,7968,15531
960,1480,7699,8113,15812
960,1490,7865,8251,16116
960,1500,8027,8398,16425
960,1510,8178,8549,16727
960,1520,8326,8719,17045
960,1530,8470,8876,17346
960,1540,8623,9016,17639
960,1550,8771,9162,17933
960,1560,8962,9339,18301
960,1570,9116,9501,18617
960,1580,9258,9660,18918
960,1590,9435,9813,19248
960,1600,9567,9963,19530
960,1610,9709,10122,19831
960,1620,9870,10296,20166
960,1630,10032,10451,20483
960,1640,10180,10578,20758
960,1650,10324,10721,21045
960,1660,10469,10870,21339
960,1670,10622,10999,21621
960,1680,10741,11158,21899
960,1690,10866,11314,22180
960,1700,11023,11475,22498
960,1710,11149,11632,22781
960,1720,11303,11770,23073
960,1730,11463,11931,23394
960,1740,11602,12091,23693
960,1750,11712,12241,23953
960,1760,11825,12372,24197
960,1770,11939,12496,24435
960,1780,12066,12639,24705
960,1790,12200,12763,24963
960,1800,12345,12885,25230
960,1810,12460,13011,25471
960,1820,12567,13134,25701
960,1830,12703,13262,25965
960,1840,12835,13388,26223
960,1850,12956,13502,26458
960,1860,13071,13588,26659
960,1870,13195,13719,26914
960,1880,13333,13835,27168
960,1890,13470,13964,27434
960,1900,13574,14094,27668
960,1910,13676,14210,27886
960,1920,13776,14338,28114
960,1930,13869,14458,28327
960,1940,13973,14609,28582
960,1950,14091,14753,28844
960,1960,14221,14882,29103
960,1970,14330,14998,29328
960,1980,14455,15118,29573
960,1990,14558,15223,29781
970,970,14,20,34
970,980,161,205,366
970,990,317,375,692
970,1000,456,527,983
970,1010,620,679,1299
970,1020,767,818,1585
970,1030,908,987,1895
970,1040,1028,1141,2169
970,1050,1155,1298,2453
970,1060,1298,1458,2756
970,1070,1443,1612,3055
970,1080,1575,1771,3346
970,1090,1750,1919,3669
970,1100,1893,2072,3965
970,1110,2041,2211,4252
970,1120,2179,2357,4536
970,1130,2333,2516,4849
970,1140,2474,2665,5139
970,1150,2611,2840,5451
970,1160,2753,2983,5736
970,1170,2911,3137,6048
970,1180,3062,3277,6339
970,1190,3229,3430,6659
970,1200,3370,3594,6964
970,1210,3517,3780,7297
970,1220,3676,3935,7611
970,1230,3845,4096,7941
970,1240,4003,4230,8233
970,1250,4160,4391,8551
970,1260,4266,4567,8833
970,1270,4417,4751,9168
970,1280,4560,4917,9477
970,1290,4710,5074,9784
970,1300,4856,5216,10072
970,1310,5026,5376,10402
970,1320,5159,5523,10682
970,1330,5299,5665,10964
970,1340,5454,5807,11261
970,1350,5610,5969,11579
970,1360,5763,6118,11881
970,1370,5904,6275,12179
970,1380,6055,6436,12491
970,1390,6238,6572,12810
970,1400,6370,6735,13105
970,1410,6507,6919,13426
970,1420,6634,7071,13705
970,1430,6798,7226,14024
970,1440,6944,7380,14324
970,1450,7107,7538,14645
970,1460,7260,7661,14921
970,1470,7417,7812,15229
970,1480,7553,7957,15510
970,1490,7719,8095,15814
970,1500,7881,8242,16123
970,1510,8032,8393,16425
970,1520,8180,8563,16743
970,1530,8324,8720,17044
970,1540,8477,8860,17337
970,1550,8625,9006,17631
970,1560,8816,9183,17999
970,1570,8970,9345,18315
970,1580,9112,9504,18616
970,1590,9289,9657,18946
970,1600,9421,9807,19228
970,1610,9563,9966,19529
970,1620,9724,10140,19864
970,1630,9886,10295,20181
970,1640,10034,10422,20456
970,1650,10178,10565,20743
970,1660,10323,10714,21037
970,1670,10476,10843,21319
970,1680,10595,11002,21597
970,1690,10720,11158,21878
970,1700,10877,11319,22196
970,1710,11003,11476,22479
970,1720,11157,11614,22771
970,1730,11317,11775,23092
970,1740,11456,11935,23391
970,1750,11566,12085,23651
970,1760,11679,12216,23895
970,1770,11793,12340,24133
970,1780,11920,12483,24403
970,1790,12054,12607,24661
970,1800,12199,12729,24928
970,1810,12314,12855,25169
970,1820,12421,12978,25399
970,1830,12557,13106,25663
970,1840,12689,13232,25921
970,1850,12810,13346,26156
970,1860,12925,13432,26357
970,1870,13049,13563,26612
970,1880,13187,13679,26866
970,1890,13324,13808,27132
970,1900,13428,13938,27366
970,1910,13530,14054,27584
970,1920,13630,14182,27812
970,1930,13723,14302,28025
970,1940,13827,14453,28280
970,1950,13945,14597,28542
970,1960,14075,14726,28801
970,1970,14184,14842,29026
970,1980,14309,14962,29271
970,1990,14412,15067,29479
980,980,15,20,35
980,990,171,190,361
980,1000,310,342,652
980,1010,474,494,968
980,1020,621,633,1254
980,1030,762,802,1564
980,1040,882,956,1838
980,1050,1009,1113,2122
980,1060,1152,1273,2425
980,1070,1297,1427,2724
980,1080,1429,1586,3015
980,1090,1604,1734,3338
980,1100,1747,1887,3634
980,1110,1895,2026,3921
980,1120,2033,2172,4205
980,1130,2187,2331,4518
980,1140,2328,2480,4808
980,1150,2465,2655,5120
980,1160,2607,2798,5405
980,1170,2765,2952,5717
980,1180,2916,3092,6008
980,1190,3083,3245,6328
980,1200,3224,3409,6633
980,1210,3371,3595,6966
980,1220,3530,3750,7280
980,1230,3699,3911,7610
980,1240,3857,4045,7902
980,1250,4014,4206,8220
980,1260,4120,4382,8502
980,1270,4271,4566,8837
980,1280,4414,4732,9146
980,1290,4564,4889,9453
980,1300,4710,5031,9741
980,1310,4880,5191,10071
980,1320,5013,5338,10351
980,1330,5153,5480,10633
980,1340,5308,5622,10930
980,1350,5464,5784,11248
980,1360,5617,5933,11550
980,1370,5758,6090,11848
980,1380,5909,6251,12160
980,1390,6092,6387,12479
980,1400,6224,6550,12774
980,1410,6361,6734,13095
980,1420,6488,6886,13374
980,1430,6652,7041,13693
980,1440,6798,7195,13993
980,1450,6961,7353,14314
980,1460,7114,7476,14590
980,1470,7271,7627,14898
980,1480,7407,7772,15179
980,1490,7573,7910,15483
980,1500,7735,8057,15792
980,1510,7886,8208,16094
980,1520,8034,8378,16412
980,1530,8178,8535,16713
980,1540,8331,8675,17006
980,1550,8479,8821,17300
980,1560,8670,8998,17668
980,1570,8824,9160,17984
980,1580,8966,9319,18285
980,1590,9143,9472,18615
980,1600,9275,9622,18897
980,1610,9417,9781,19198
980,1620,9578,9955,19533
980,1630,9740,10110,19850
980,1640,9888,10237,20125
980,1650,10032,10380,20412
980,1660,10177,10529,20706
980,1670,10330,10658,20988
980,1680,10449,10817,21266
980,1690,10574,10973,21547
980,1700,10731,11134,21865
980,1710,10857,11291,22148
980,1720,11011,11429,22440
980,1730,11171,11590,22761
980,1740,11310,11750,23060
980,1750,11420,11900,23320
980,1760,11533,12031,23564
980,1770,11647,12155,23802
980,1780,11774,12298,24072
980,1790,11908,12422,24330
980,1800,12053,12544,24597
980,1810,12168,12670,24838
980,1820,12275,12793,25068
980,1830,12411,12921,25332
980,1840,12543,13047,25590
980,1850,12664,13161,25825
980,1860,12779,13247,26026
980,1870,12903,13378,26281
980,1880,13041,13494,26535
980,1890,13178,13623,26801
980,1900,13282,13753,27035
980,1910,13384,13869,27253
980,1920,13484,13997,27481
980,1930,13577,14117,27694
980,1940,13681,14268,27949
980,1950,13799,14412,28211
980,1960,13929,14541,28470
980,1970,14038,14657,28695
980,1980,14163,14777,28940
980,1990,14266,14882,29148
990,990,19,12,31
990,1000,158,164,322
990,1010,322,316,638
990,1020,469,455,924
990,1030,610,624,1234
990,1040,730,778,1508
990,1050,857,935,1792
990,1060,1000,1095,2095
990,1070,1145,1249,2394
990,1080,1277,1408,2685
990,1090,1452,1556,3008
990,1100,1595,1709,3304
990,1110,1743,1848,3591
990,1120,1881,1994,3875
990,1130,2035,2153,4188
990,1140,2176,2302,4478
990,1150,2313,2477,4790
990,1160,2455,2620,5075
990,1170,2613,2774,5387
990,1180,2764,2914,5678
990,1190,2931,3067,5998
990,1200,3072,3231,6303
990,1210,3219,3417,6636
990,1220,3378,3572,6950
990,1230,3547,3733,7280
990,1240,3705,3867,7572
990,1250,3862,4028,7890
990,1260,3968,4204,8172
990,1270,4119,4388,8507
990,1280,4262,4554,8816
990,1290,4412,4711,9123
990,1300,4558,4853,9411
990,1310,4728,5013,9741
990,1320,4861,5160,10021
990,1330,5001,5302,10303
990,1340,5156,5444,10600
990,1350,5312,5606,10918
990,1360,5465,5755,11220
990,1370,5606,5912,11518
990,1380,5757,6073,11830
990,1390,5940,6209,12149
990,1400,6072,6372,12444
990,1410,6209,6556,12765
990,1420,6336,6708,13044
990,1430,6500,6863,13363
990,1440,6646,7017,13663
990,1450,6809,7175,13984
990,1460,6962,7298,14260
990,1470,7119,7449,14568
990,1480,7255,7594,14849
990,1490,7421,7732,15153
990,1500,7583,7879,15462
990,1510,7734,8030,15764
990,1520,7882,8200,16082
990,1530,8026,8357,16383
990,1540,8179,8497,16676
990,1550,8327,8643,16970
990,1560,8518,8820,17338
990,1570,8672,8982,17654
990,1580,8814,9141,17955
990,1590,8991,9294,18285
990,1600,9123,9444,18567
990,1610,9265,9603,18868
990,1620,9426,9777,19203
990,1630,9588,9932,19520
990,1640,9736,10059,19795
990,1650,9880,10202,20082
990,1660,10025,10351,20376
990,1670,10178,10480,20658
990,1680,10297,10639,20936
990,1690,10422,10795,21217
990,1700,10579,10956,21535
990,1710,10705,11113,21818
990,1720,10859,11251,22110
990,1730,11019,11412,22431
990,1740,11158,11572,22730
990,1750,11268,11722,22990
990,1760,11381,11853,23234
990,1770,11495,11977,23472
990,1780,11622,12120,23742
990,1790,11756,12244,24000
990,1800,11901,12366,24267
990,1810,12016,12492,24508
990,1820,12123,12615,24738
990,1830,12259,12743,25002
990,1840,12391,12869,25260
990,1850,12512,12983,25495
990,1860,12627,13069,25696
990,1870,12751,13200,25951
990,1880,12889,13316,26205
990,1890,13026,13445,26471
990,1900,13130,13575,26705
990,1910,13232,13691,26923
990,1920,13332,13819,27151
990,1930,13425,13939,27364
990,1940,13529,14090,27619
990,1950,13647,14234,27881
990,1960,13777,14363,28140
990,1970,13886,14479,28365
990,1980,14011,14599,28610
990,1990,14114,14704,28818
1000,1000,12,19,31
1000,1010,176,171,347
1000,1020,323,310,633
1000,1030,464,479,943
1000,1040,584,633,1217
1000,1050,711,790,1501
1000,1060,854,950,1804
1000,1070,999,1104,2103
1000,1080,1131,1263,2394
1000,1090,1306,1411,2717
1000,1100,1449,1564,3013
1000,1110,1597,1703,3300
1000,1120,1735,1849,3584
1000,1130,1889,2008,3897
1000,1140,2030,2157,4187
1000,1150,2167,2332,4499
1000,1160,2309,2475,4784
1000,1170,2467,2629,5096
1000,1180,2618,2769,5387
1000,1190,2785,2922,5707
1000,1200,2926,3086,6012
1000,1210,3073,3272,6345
1000,1220,3232,3427,6659
1000,1230,3401,3588,6989
1000,1240,3559,3722,7281
1000,1250,3716,3883,7599
1000,1260,3822,4059,7881
1000,1270,3973,4243,8216
1000,1280,4116,4409,8525
1000,1290,4266,4566,8832
1000,1300,4412,4708,9120
1000,1310,4582,4868,9450
1000,1320,4715,5015,9730
1000,1330,4855,5157,10012
1000,1340,5010,5299,10309
1000,1350,5166,5461,10627
1000,1360,5319,5610,10929
1000,1370,5460,5767,11227
1000,1380,5611,5928,11539
1000,1390,5794,6064,11858
1000,1400,5926,6227,12153
1000,1410,6063,6411,12474
1000,1420,6190,6563,12753
1000,1430,6354,6718,13072
1000,1440,6500,6872,13372
1000,1450,6663,7030,13693
1000,1460,6816,7153,13969
1000,1470,6973,7304,14277
1000,1480,7109,7449,14558
1000,1490,7275,7587,14862
1000,1500,7437,7734,15171
1000,1510,7588,7885,15473
1000,1520,7736,8055,15791
1000,1530,7880,8212,16092
1000,1540,8033,8352,16385
1000,1550,8181,8498,16679
1000,1560,8372,8675,17047
1000,1570,8526,8837,17363
1000,1580,8668,8996,17664
1000,1590,8845,9149,17994
1000,1600,8977,9299,18276
1000,1610,9119,9458,18577
1000,1620,9280,9632,18912
1000,1630,9442,9787,19229
1000,1640,9590,9914,19504
1000,1650,9734,10057,19791
1000,1660,9879,10206,20085
1000,1670,10032,10335,20367
1000,1680,10151,10494,20645
1000,1690,10276,10650,20926
1000,1700,10433,10811,21244
1000,1710,10559,10968,21527
1000,1720,10713,11106,21819
1000,1730,10873,11267,22140
1000,1740,11012,11427,22439
1000,1750,11122,11577,22699
1000,1760,11235,11708,22943
1000,1770,11349,11832,23181
1000,1780,11476,11975,23451
1000,1790,11610,12099,23709
1000,1800,11755,12221,23976
1000,1810,11870,12347,24217
1000,1820,11977,12470,24447
1000,1830,12113,12598,24711
1000,1840,12245,12724,24969
1000,1850,12366,12838,25204
1000,1860,12481,12924,25405
1000,1870,12605,13055,25660
1000,1880,12743,13171,25914
1000,1890,12880,13300,26180
1000,1900,12984,13430,26414
1000,1910,13086,13546,26632
1000,1920,13186,13674,26860
1000,1930,13279,13794,27073
1000,1940,13383,13945,27328
1000,1950,13501,14089,27590
1000,1960,13631,14218,27849
1000,1970,13740,14334,28074
1000,1980,13865,14454,28319
1000,1990,13968,14559,28527
1010,1010,17,21,38
1010,1020,164,160,324
1010,1030,305,329,634
1010,1040,425,483,908
1010,1050,552,640,1192
1010,1060,695,800,1495
1010,1070,840,954,1794
1010,1080,972,1113,2085
1010,1090,1147,1261,2408
1010,1100,1290,1414,2704
1010,1110,1438,1553,2991
1010,1120,1576,1699,3275
1010,1130,1730,1858,3588
1010,1140,1871,2007,3878
1010,1150,2008,2182,4190
1010,1160,2150,2325,4475
1010,1170,2308,2479,4787
1010,1180,2459,2619,5078
1010,1190,2626,2772,5398
1010,1200,2767,2936,5703
1010,1210,2914,3122,6036
1010,1220,3073,3277,6350
1010,1230,3242,3438,6680
1010,1240,3400,3572,6972
1010,1250,3557,3733,7290
1010,1260,3663,3909,7572
1010,1270,3814,4093,7907
1010,1280,3957,4259,8216
1010,1290,4107,4416,8523
1010,1300,4253,4558,8811
1010,1310,4423,4718,9141
1010,1320,4556,4865,9421
1010,1330,4696,5007,9703
1010,1340,4851,5149,10000
1010,1350,5007,5311,10318
1010,1360,5160,5460,10620
1010,1370,5301,5617,10918
1010,1380,5452,5778,11230
1010,1390,5635,5914,11549
1010,1400,5767,6077,11844
1010,1410,5904,6261,12165
1010,1420,6031,6413,12444
1010,1430,6195,6568,12763
1010,1440,6341,6722,13063
1010,1450,6504,6880,13384
1010,1460,6657,7003,13660
1010,1470,6814,7154,13968
1010,1480,6950,7299,14249
1010,1490,7116,7437,14553
1010,1500,7278,7584,14862
1010,1510,7429,7735,15164
1010,1520,7577,7905,15482
1010,1530,7721,8062,15783
1010,1540,7874,8202,16076
1010,1550,8022,8348,16370
1010,1560,8213,8525,16738
1010,1570,8367,8687,17054
1010,1580,8509,8846,17355
1010,1590,8686,8999,17685
1010,1600,8818,9149,17967
1010,1610,8960,9308,18268
1010,1620,9121,9482,18603
1010,1630,9283,9637,18920
1010,1640,9431,9764,19195
1010,1650,9575,9907,19482
1010,1660,9720,10056,19776
1010,1670,9873,10185,20058
1010,1680,9992,10344,20336
1010,1690,10117,10500,20617
1010,1700,10274,10661,20935
1010,1710,10400,10818,21218
1010,1720,10554,10956,21510
1010,1730,10714,11117,21831
1010,1740,10853,11277,22130
1010,1750,10963,11427,22390
1010,1760,11076,11558,22634
1010,1770,11190,11682,22872
1010,1780,11317,11825,23142
1010,1790,11451,11949,23400
1010,1800,11596,12071,23667
1010,1810,11711,12197,23908
1010,1820,11818,12320,24138
1010,1830,11954,12448,24402
1010,1840,12086,12574,24660
1010,1850,12207,12688,24895
1010,1860,12322,12774,25096
1010,1870,12446,12905,25351
1010,1880,12584,13021,25605
1010,1890,12721,13150,25871
1010,1900,12825,13280,26105
1010,1910,12927,13396,26323
1010,1920,13027,13524,26551
1010,1930,13120,13644,26764
1010,1940,13224,13795,27019
1010,1950,13342,13939,27281
1010,1960,13472,14068,27540
1010,1970,13581,14184,27765
1010,1980,13706,14304,28010
1010,1990,13809,14409,28218
1020,1020,17,16,33
1020,1030,158,185,343
1020,1040,278,339,617
1020,1050,405,496,901
1020,1060,548,656,1204
1020,1070,693,810,1503
1020,1080,825,969,1794
1020,1090,1000,1117,2117
1020,1100,1143,1270,2413
1020,1110,1291,1409,2700
1020,1120,1429,1555,2984
1020,1130,1583,1714,3297
1020,1140,1724,1863,3587
1020,1150,1861,2038,3899
1020,1160,2003,2181,4184
1020,1170,2161,2335,4496
1020,1180,2312,2475,4787
1020,1190,2479,2628,5107
1020,1200,2620,2792,5412
1020,1210,2767,2978,5745
1020,1220,2926,3133,6059
1020,1230,3095,3294,6389
1020,1240,3253,3428,6681
1020,1250,3410,3589,6999
1020,1260,3516,3765,7281
1020,1270,3667,3949,7616
1020,1280,3810,4115,7925
1020,1290,3960,4272,8232
1020,1300,4106,4414,8520
1020,1310,4276,4574,8850
1020,1320,4409,4721,9130
1020,1330,4549,4863,9412
1020,1340,4704,5005,9709
1020,1350,4860,5167,10027
1020,1360,5013,5316,10329
1020,1370,5154,5473,10627
1020,1380,5305,5634,10939
1020,1390,5488,5770,11258
1020,1400,5620,5933,11553
1020,1410,5757,6117,11874
1020,1420,5884,6269,12153
1020,1430,6048,6424,12472
1020,1440,6194,6578,12772
1020,1450,6357,6736,13093
1020,1460,6510,6859,13369
1020,1470,6667,7010,13677
1020,1480,6803,7155,13958
1020,1490,6969,7293,14262
1020,1500,7131,7440,14571
1020,1510,7282,7591,14873
1020,1520,7430,7761,15191
1020,1530,7574,7918,15492
1020,1540,7727,8058,15785
1020,1550,7875,8204,16079
1020,1560,8066,8381,16447
1020,1570,8220,8543,16763
1020,1580,8362,8702,17064
1020,1590,8539,8855,17394
1020,1600,8671,9005,17676
1020,1610,8813,9164,17977
1020,1620,8974,9338,18312
1020,1630,9136,9493,18629
1020,1640,9284,9620,18904
1020,1650,9428,9763,19191
1020,1660,9573,9912,19485
1020,1670,9726,10041,19767
1020,1680,9845,10200,20045
1020,1690,9970,10356,20326
1020,1700,10127,10517,20644
1020,1710,10253,10674,20927
1020,1720,10407,10812,21219
1020,1730,10567,10973,21540
1020,1740,10706,11133,21839
1020,1750,10816,11283,22099
1020,1760,10929,11414,22343
1020,1770,11043,11538,22581
1020,1780,11170,11681,22851
1020,1790,11304,11805,23109
1020,1800,11449,11927,23376
1020,1810,11564,12053,23617
1020,1820,11671,12176,23847
1020,1830,11807,12304,24111
1020,1840,11939,12430,24369
1020,1850,12060,12544,24604
1020,1860,12175,12630,24805
1020,1870,12299,12761,25060
1020,1880,12437,12877,25314
1020,1890,12574,13006,25580
1020,1900,12678,13136,25814
1020,1910,12780,13252,26032
1020,1920,12880,13380,26260
1020,1930,12973,13500,26473
1020,1940,13077,13651,26728
1020,1950,13195,13795,26990
1020,1960,13325,13924,27249
1020,1970,13434,14040,27474
1020,1980,13559,14160,27719
1020,1990,13662,14265,27927
1030,1030,17,16,33
1030,1040,137,170,307
1030,1050,264,327,591
1030,1060,407,487,894
1030,1070,552,641,1193
1030,1080,684,800,1484
1030,1090,859,948,1807
1030,1100,1002,1101,2103
1030,1110,1150,1240,2390
1030,1120,1288,1386,2674
1030,1130,1442,1545,2987
1030,1140,1583,1694,3277
1030,1150,1720,1869,3589
1030,1160,1862,2012,3874
1030,1170,2020,2166,4186
1030,1180,2171,2306,4477
1030,1190,2338,2459,4797
1030,1200,2479,2623,5102
1030,1210,2626,2809,5435
1030,1220,2785,2964,5749
1030,1230,2954,3125,6079
1030,1240,3112,3259,6371
1030,1250,3269,3420,6689
1030,1260,3375,3596,6971
1030,1270,3526,3780,7306
1030,1280,3669,3946,7615
1030,1290,3819,4103,7922
1030,1300,3965,4245,8210
1030,1310,4135,4405,8540
1030,1320,4268,4552,8820
1030,1330,4408,4694,9102
1030,1340,4563,4836,9399
1030,1350,4719,4998,9717
1030,1360,4872,5147,10019
1030,1370,5013,5304,10317
1030,1380,5164,5465,10629
1030,1390,5347,5601,10948
1030,1400,5479,5764,11243
1030,1410,5616,5948,11564
1030,1420,5743,6100,11843
1030,1430,5907,6255,12162
1030,1440,6053,6409,12462
1030,1450,6216,6567,12783
1030,1460,6369,6690,13059
1030,1470,6526,6841,13367
1030,1480,6662,6986,13648
1030,1490,6828,7124,13952
1030,1500,6990,7271,14261
1030,1510,7141,7422,14563
1030,1520,7289,7592,14881
1030,1530,7433,7749,15182
1030,1540,7586,7889,15475
1030,1550,7734,8035,15769
1030,1560,7925,8212,16137
1030,1570,8079,8374,16453
1030,1580,8221,8533,16754
1030,1590,8398,8686,17084
1030,1600,8530,8836,17366
1030,1610,8672,8995,17667
1030,1620,8833,9169,18002
1030,1630,8995,9324,18319
1030,1640,9143,9451,18594
1030,1650,9287,9594,18881
1030,1660,9432,9743,19175
1030,1670,9585,9872,19457
1030,1680,9704,10031,19735
1030,1690,9829,10187,20016
1030,1700,9986,10348,20334
1030,1710,10112,10505,20617
1030,1720,10266,10643,20909
1030,1730,10426,10804,21230
1030,1740,10565,10964,21529
1030,1750,10675,11114,21789
1030,1760,10788,11245,22033
1030,1770,10902,11369,22271
1030,1780,11029,11512,22541
1030,1790,11163,11636,22799
1030,1800,11308,11758,23066
1030,1810,11423,11884,23307
1030,1820,11530,12007,23537
1030,1830,11666,12135,23801
1030,1840,11798,12261,24059
1030,1850,11919,12375,24294
1030,1860,12034,12461,24495
1030,1870,12158,12592,24750
1030,1880,12296,12708,25004
1030,1890,12433,12837,25270
1030,1900,12537,12967,25504
1030,1910,12639,13083,25722
1030,1920,12739,13211,25950
1030,1930,12832,13331,26163
1030,1940,12936,13482,26418
1030,1950,13054,13626,26680
1030,1960,13184,13755,26939
1030,1970,13293,13871,27164
1030,1980,13418,13991,27409
1030,1990,13521,14096,27617
1040,1040,12,13,25
1040,1050,139,170,309
1040,1060,282,330,612
1040,1070,427,484,911
1040,1080,559,643,1202
1040,1090,734,791,1525
1040,1100,877,944,1821
1040,1110,1025,1083,2108
1040,1120,1163,1229,2392
1040,1130,1317,1388,2705
1040,1140,1458,1537,2995
1040,1150,1595,1712,3307
1040,1160,1737,1855,3592
1040,1170,1895,2009,3904
1040,1180,2046,2149,4195
1040,1190,2213,2302,4515
1040,1200,2354,2466,4820
1040,1210,2501,2652,5153
1040,1220,2660,2807,5467
1040,1230,2829,2968,5797
1040,1240,2987,3102,6089
1040,1250,3144,3263,6407
1040,1260,3250,3439,6689
1040,1270,3401,3623,7024
1040,1280,3544,3789,7333
1040,1290,3694,3946,7640
1040,1300,3840,4088,7928
1040,1310,4010,4248,8258
1040,1320,4143,4395,8538
1040,1330,4283,4537,8820
1040,1340,4438,4679,9117
1040,1350,4594,4841,9435
1040,1360,4747,4990,9737
1040,1370,4888,5147,10035
1040,1380,5039,5308,10347
1040,1390,5222,5444,10666
1040,1400,5354,5607,10961
1040,1410,5491,5791,11282
1040,1420,5618,5943,11561
1040,1430,5782,6098,11880
1040,1440,5928,6252,12180
1040,1450,6091,6410,12501
1040,1460,6244,6533,12777
1040,1470,6401,6684,13085
1040,1480,6537,6829,13366
1040,1490,6703,6967,13670
1040,1500,6865,7114,13979
1040,1510,7016,7265,14281
1040,1520,7164,7435,14599
1040,1530,7308,7592,14900
1040,1540,7461,7732,15193
1040,1550,7609,7878,15487
1040,1560,7800,8055,15855
1040,1570,7954,8217,16171
1040,1580,8096,8376,16472
1040,1590,8273,8529,16802
1040,1600,8405,8679,17084
1040,1610,8547,8838,17385
1040,1620,8708,9012,17720
1040,1630,8870,9167,18037
1040,1640,9018,9294,18312
1040,1650,9162,9437,18599
1040,1660,9307,9586,18893
1040,1670,9460,9715,19175
1040,1680,9579,9874,19453
1040,1690,9704,10030,19734
1040,1700,9861,10191,20052
1040,1710,9987,10348,20335
1040,1720,10141,10486,20627
1040,1730,10301,10647,20948
1040,1740,10440,10807,21247
1040,1750,10550,10957,21507
1040,1760,10663,11088,21751
1040,1770,10777,11212,21989
1040,1780,10904,11355,22259
1040,1790,11038,11479,22517
1040,1800,11183,11601,22784
1040,1810,11298,11727,23025
1040,1820,11405,11850,23255
1040,1830,11541,11978,23519
1040,1840,11673,12104,23777
1040,1850,11794,12218,24012
1040,1860,11909,12304,24213
1040,1870,12033,12435,24468
1040,1880,12171,12551,24722
1040,1890,12308,12680,24988
1040,1900,12412,12810,25222
1040,1910,12514,12926,25440
1040,1920,12614,13054,25668
1040,1930,12707,13174,25881
1040,1940,12811,13325,26136
1040,1950,12929,13469,26398
1040,1960,13059,13598,26657
1040,1970,13168,13714,26882
1040,1980,13293,13834,27127
1040,1990,13396,13939,27335
1050,1050,8,25,33
1050,1060,151,185,336
1050,1070,296,339,635
1050,1080,428,498,926
1050,1090,603,646,1249
1050,1100,746,799,1545
1050,1110,894,938,1832
1050,1120,1032,1084,2116
1050,1130,1186,1243,2429
1050,1140,1327,1392,2719
1050,1150,1464,1567,3031
1050,1160,1606,1710,3316
1050,1170,1764,1864,3628
1050,1180,1915,2004,3919
1050,1190,2082,2157,4239
1050,1200,2223,2321,4544
1050,1210,2370,2507,4877
1050,1220,2529,2662,5191
1050,1230,2698,2823,5521
1050,1240,2856,2957,5813
1050,1250,3013,3118,6131
1050,1260,3119,3294,6413
1050,1270,3270,3478,6748
1050,1280,3413,3644,7057
1050,1290,3563,3801,7364
1050,1300,3709,3943,7652
1050,1310,3879,4103,7982
1050,1320,4012,4250,8262
1050,1330,4152,4392,8544
1050,1340,4307,4534,8841
1050,1350,4463,4696,9159
1050,1360,4616,4845,9461
1050,1370,4757,5002,9759
1050,1380,4908,5163,10071
1050,1390,5091,5299,10390
1050,1400,5223,5462,10685
1050,1410,5360,5646,11006
1050,1420,5487,5798,11285
1050,1430,5651,5953,11604
1050,1440,5797,6107,11904
1050,1450,5960,6265,12225
1050,1460,6113,6388,12501
1050,1470,6270,6539,12809
1050,1480,6406,6684,13090
1050,1490,6572,6822,13394
1050,1500,6734,6969,13703
1050,1510,6885,7120,14005
1050,1520,7033,7290,14323
1050,1530,7177,7447,14624
1050,1540,7330,7587,14917
1050,1550,7478,7733,15211
1050,1560,7669,7910,15579
1050,1570,7823,8072,15895
1050,1580,7965,8231,16196
1050,1590,8142,8384,16526
1050,1600,8274,8534,16808
1050,1610,8416,8693,17109
1050,1620,8577,8867,17444
1050,1630,8739,9022,17761
1050,1640,8887,9149,18036
1050,1650,9031,9292,18323
1050,1660,9176,9441,18617
1050,1670,9329,9570,18899
1050,1680,9448,9729,19177
1050,1690,9573,9885,19458
1050,1700,9730,10046,19776
1050,1710,9856,10203,20059
1050,1720,10010,10341,20351
1050,1730,10170,10502,20672
1050,1740,10309,10662,20971
1050,1750,10419,10812,21231
1050,1760,10532,10943,21475
1050,1770,10646,11067,21713
1050,1780,10773,11210,21983
1050,1790,10907,11334,22241
1050,1800,11052,11456,22508
1050,1810,11167,11582,22749
1050,1820,11274,11705,22979
1050,1830,11410,11833,23243
1050,1840,11542,11959,23501
1050,1850,11663,12073,23736
1050,1860,11778,12159,23937
1050,1870,11902,12290,24192
1050,1880,12040,12406,24446
1050,1890,12177,12535,24712
1050,1900,12281,12665,24946
1050,1910,12383,12781,25164
1050,1920,12483,12909,25392
1050,1930,12576,13029,25605
1050,1940,12680,13180,25860
1050,1950,12798,13324,26122
1050,1960,12928,13453,26381
1050,1970,13037,13569,26606
1050,1980,13162,13689,26851
1050,1990,13265,13794,27059
1060,1060,17,16,33
1060,1070,162,170,332
1060,1080,294,329,623
1060,1090,469,477,946
1060,1100,612,630,1242
1060,1110,760,769,1529
1060,1120,898,915,1813
1060,1130,1052,1074,2126
1060,1140,1193,1223,2416
1060,1150,1330,1398,2728
1060,1160,1472,1541,3013
1060,1170,1630,1695,3325
1060,1180,1781,1835,3616
1060,1190,1948,1988,3936
1060,1200,2089,2152,4241
1060,1210,2236,2338,4574
1060,1220,2395,2493,4888
1060,1230,2564,2654,5218
1060,1240,2722,2788,5510
1060,1250,2879,2949,5828
1060,1260,2985,3125,6110
1060,1270,3136,3309,6445
1060,1280,3279,3475,6754
1060,1290,3429,3632,7061
1060,1300,3575,3774,7349
1060,1310,3745,3934,7679
1060,1320,3878,4081,7959
1060,1330,4018,4223,8241
1060,1340,4173,4365,8538
1060,1350,4329,4527,8856
1060,1360,4482,4676,9158
1060,1370,4623,4833,9456
1060,1380,4774,4994,9768
1060,1390,4957,5130,10087
1060,1400,5089,5293,10382
1060,1410,5226,5477,10703
1060,1420,5353,5629,10982
1060,1430,5517,5784,11301
1060,1440,5663,5938,11601
1060,1450,5826,6096,11922
1060,1460,5979,6219,12198
1060,1470,6136,6370,12506
1060,1480,6272,6515,12787
1060,1490,6438,6653,13091
1060,1500,6600,6800,13400
1060,1510,6751,6951,13702
1060,1520,6899,7121,14020
1060,1530,7043,7278,14321
1060,1540,7196,7418,14614
1060,1550,7344,7564,14908
1060,1560,7535,7741,15276
1060,1570,7689,7903,15592
1060,1580,7831,8062,15893
1060,1590,8008,8215,16223
1060,1600,8140,8365,16505
1060,1610,8282,8524,16806
1060,1620,8443,8698,17141
1060,1630,8605,8853,17458
1060,1640,8753,8980,17733
1060,1650,8897,9123,18020
1060,1660,9042,9272,18314
1060,1670,9195,9401,18596
1060,1680,9314,9560,18874
1060,1690,9439,9716,19155
1060,1700,9596,9877,19473
1060,1710,9722,10034,19756
1060,1720,9876,10172,20048
1060,1730,10036,10333,20369
1060,1740,10175,10493,20668
1060,1750,10285,10643,20928
1060,1760,10398,10774,21172
1060,1770,10512,10898,21410
1060,1780,10639,11041,21680
1060,1790,10773,11165,21938
1060,1800,10918,11287,22205
1060,1810,11033,11413,22446
1060,1820,11140,11536,22676
1060,1830,11276,11664,22940
1060,1840,11408,11790,23198
1060,1850,11529,11904,23433
1060,1860,11644,11990,23634
1060,1870,11768,12121,23889
1060,1880,11906,12237,24143
1060,1890,12043,12366,24409
1060,1900,12147,12496,24643
1060,1910,12249,12612,24861
1060,1920,12349,12740,25089
1060,1930,12442,12860,25302
1060,1940,12546,13011,25557
1060,1950,12664,13155,25819
1060,1960,12794,13284,26078
1060,1970,12903,13400,26303
1060,1980,13028,13520,26548
1060,1990,13131,13625,26756
1070,1070,24,17,41
1070,1080,156,176,332
1070,1090,331,324,655
1070,1100,474,477,951
1070,1110,622,616,1238
1070,1120,760,762,1522
1070,1130,914,921,1835
1070,1140,1055,1070,2125
1070,1150,1192,1245,2437
1070,1160,1334,1388,2722
1070,1170,1492,1542,3034
1070,1180,1643,1682,3325
1070,1190,1810,1835,3645
1070,1200,1951,1999,3950
1070,1210,2098,2185,4283
1070,1220,2257,2340,4597
1070,1230,2426,2501,4927
1070,1240,2584,2635,5219
1070,1250,2741,2796,5537
1070,1260,2847,2972,5819
1070,1270,2998,3156,6154
1070,1280,3141,3322,6463
1070,1290,3291,3479,6770
1070,1300,3437,3621,7058
1070,1310,3607,3781,7388
1070,1320,3740,3928,7668
1070,1330,3880,4070,7950
1070,1340,4035,4212,8247
1070,1350,4191,4374,8565
1070,1360,4344,4523,8867
1070,1370,4485,4680,9165
1070,1380,4636,4841,9477
1070,1390,4819,4977,9796
1070,1400,4951,5140,10091
1070,1410,5088,5324,10412
1070,1420,5215,5476,10691
1070,1430,5379,5631,11010
1070,1440,5525,5785,11310
1070,1450,5688,5943,11631
1070,1460,5841,6066,11907
1070,1470,5998,6217,12215
1070,1480,6134,6362,12496
1070,1490,6300,6500,12800
1070,1500,6462,6647,13109
1070,1510,6613,6798,13411
1070,1520,6761,6968,13729
1070,1530,6905,7125,14030
1070,1540,7058,7265,14323
1070,1550,7206,7411,14617
1070,1560,7397,7588,14985
1070,1570,7551,7750,15301
1070,1580,7693,7909,15602
1070,1590,7870,8062,15932
1070,1600,8002,8212,16214
1070,1610,8144,8371,16515
1070,1620,8305,8545,16850
1070,1630,8467,8700,17167
1070,1640,8615,8827,17442
1070,1650,8759,8970,17729
1070,1660,8904,9119,18023
1070,1670,9057,9248,18305
1070,1680,9176,9407,18583
1070,1690,9301,9563,18864
1070,1700,9458,9724,19182
1070,1710,9584,9881,19465
1070,1720,9738,10019,19757
1070,1730,9898,10180,20078
1070,1740,10037,10340,20377
1070,1750,10147,10490,20637
1070,1760,10260,10621,20881
1070,1770,10374,10745,21119
1070,1780,10501,10888,21389
1070,1790,10635,11012,21647
1070,1800,10780,11134,21914
1070,1810,10895,11260,22155
1070,1820,11002,11383,22385
1070,1830,11138,11511,22649
1070,1840,11270,11637,22907
1070,1850,11391,11751,23142
1070,1860,11506,11837,23343
1070,1870,11630,11968,23598
1070,1880,11768,12084,23852
1070,1890,11905,12213,24118
1070,1900,12009,12343,24352
1070,1910,12111,12459,24570
1070,1920,12211,12587,24798
1070,1930,12304,12707,25011
1070,1940,12408,12858,25266
1070,1950,12526,13002,25528
1070,1960,12656,13131,25787
1070,1970,12765,13247,26012
1070,1980,12890,13367,26257
1070,1990,12993,13472,26465
1080,1080,16,18,34
1080,1090,191,166,357
1080,1100,334,319,653
1080,1110,482,458,940
1080,1120,620,604,1224
1080,1130,774,763,1537
1080,1140,915,912,1827
1080,1150,1052,1087,2139
1080,1160,1194,1230,2424
1080,1170,1352,1384,2736
1080,1180,1503,1524,3027
1080,1190,1670,1677,3347
1080,1200,1811,1841,3652
1080,1210,1958,2027,3985
1080,1220,2117,2182,4299
1080,1230,2286,2343,4629
1080,1240,2444,2477,4921
1080,1250,2601,2638,5239
1080,1260,2707,2814,5521
1080,1270,2858,2998,5856
1080,1280,3001,3164,6165
1080,1290,3151,3321,6472
1080,1300,3297,3463,6760
1080,1310,3467,3623,7090
1080,1320,3600,3770,7370
1080,1330,3740,3912,7652
1080,1340,3895,4054,7949
1080,1350,4051,4216,8267
1080,1360,4204,4365,8569
1080,1370,4345,4522,8867
1080,1380,4496,4683,9179
1080,1390,4679,4819,9498
1080,1400,4811,4982,9793
1080,1410,4948,5166,10114
1080,1420,5075,5318,10393
1080,1430,5239,5473,10712
1080,1440,5385,5627,11012
1080,1450,5548,5785,11333
1080,1460,5701,5908,11609
1080,1470,5858,6059,11917
1080,1480,5994,6204,12198
1080,1490,6160,6342,12502
1080,1500,6322,6489,12811
1080,1510,6473,6640,13113
1080,1520,6621,6810,13431
1080,1530,6765,6967,13732
1080,1540,6918,7107,14025
1080,1550,7066,7253,14319
1080,1560,7257,7430,14687
1080,1570,7411,7592,15003
1080,1580,7553,7751,15304
1080,1590,7730,7904,15634
1080,1600,7862,8054,15916
1080,1610,8004,8213,16217
1080,1620,8165,8387,16552
1080,1630,8327,8542,16869
1080,1640,8475,8669,17144
1080,1650,8619,8812,17431
1080,1660,8764,8961,17725
1080,1670,8917,9090,18007
1080,1680,9036,9249,18285
1080,1690,9161,9405,18566
1080,1700,9318,9566,18884
1080,1710,9444,9723,19167
1080,1720,9598,9861,19459
1080,1730,9758,10022,19780
1080,1740,9897,10182,20079
1080,1750,10007,10332,20339
1080,1760,10120,10463,20583
1080,1770,10234,10587,20821
1080,1780,10361,10730,21091
1080,1790,10495,10854,21349
1080,1800,10640,10976,21616
1080,1810,10755,11102,21857
1080,1820,10862,11225,22087
1080,1830,10998,11353,22351
1080,1840,11130,11479,22609
1080,1850,11251,11593,22844
1080,1860,11366,11679,23045
1080,1870,11490,11810,23300
1080,1880,11628,11926,23554
1080,1890,11765,12055,23820
1080,1900,11869,12185,24054
1080,1910,11971,12301,24272
1080,1920,12071,12429,24500
1080,1930,12164,12549,24713
1080,1940,12268,12700,24968
1080,1950,12386,12844,25230
1080,1960,12516,12973,25489
1080,1970,12625,13089,25714
1080,1980,12750,13209,25959
1080,1990,12853,13314,26167
1090,1090,17,17,34
1090,1100,160,170,330
1090,1110,308,309,617
1090,1120,446,455,901
1090,1130,600,614,1214
1090,1140,741,763,1504
1090,1150,878,938,1816
1090,1160,1020,1081,2101
1090,1170,1178,1235,2413
1090,1180,1329,1375,2704
1090,1190,1496,1528,3024
1090,1200,1637,1692,3329
1090,1210,1784,1878,3662
1090,1220,1943,2033,3976
1090,1230,2112,2194,4306
1090,1240,2270,2328,4598
1090,1250,2427,2489,4916
1090,1260,2533,2665,5198
1090,1270,2684,2849,5533
1090,1280,2827,3015,5842
1090,1290,2977,3172,6149
1090,1300,3123,3314,6437
1090,1310,3293,3474,6767
1090,1320,3426,3621,7047
1090,1330,3566,3763,7329
1090,1340,3721,3905,7626
1090,1350,3877,4067,7944
1090,1360,4030,4216,8246
1090,1370,4171,4373,8544
1090,1380,4322,4534,8856
1090,1390,4505,4670,9175
1090,1400,4637,4833,9470
1090,1410,4774,5017,9791
1090,1420,4901,5169,10070
1090,1430,5065,5324,10389
1090,1440,5211,5478,10689
1090,1450,5374,5636,11010
1090,1460,5527,5759,11286
1090,1470,5684,5910,11594
1090,1480,5820,6055,11875
1090,1490,5986,6193,12179
1090,1500,6148,6340,12488
1090,1510,6299,6491,12790
1090,1520,6447,6661,13108
1090,1530,6591,6818,13409
1090,1540,6744,6958,13702
1090,1550,6892,7104,13996
1090,1560,7083,7281,14364
1090,1570,7237,7443,14680
1090,1580,7379,7602,14981
1090,1590,7556,7755,15311
1090,1600,7688,7905,15593
1090,1610,7830,8064,15894
1090,1620,7991,8238,16229
1090,1630,8153,8393,16546
1090,1640,8301,8520,16821
1090,1650,8445,8663,17108
1090,1660,8590,8812,17402
1090,1670,8743,8941,17684
1090,1680,8862,9100,17962
1090,1690,8987,9256,18243
1090,1700,9144,9417,18561
1090,1710,9270,9574,18844
1090,1720,9424,9712,19136
1090,1730,9584,9873,19457
1090,1740,9723,10033,19756
1090,1750,9833,10183,20016
1090,1760,9946,10314,20260
1090,1770,10060,10438,20498
1090,1780,10187,10581,20768
1090,1790,10321,10705,21026
1090,1800,10466,10827,21293
1090,1810,10581,10953,21534
1090,1820,10688,11076,21764
1090,1830,10824,11204,22028
1090,1840,10956,11330,22286
1090,1850,11077,11444,22521
1090,1860,11192,11530,22722
1090,1870,11316,11661,22977
1090,1880,11454,11777,23231
1090,1890,11591,11906,23497
1090,1900,11695,12036,23731
1090,1910,11797,12152,23949
1090,1920,11897,12280,24177
1090,1930,11990,12400,24390
1090,1940,12094,12551,24645
1090,1950,12212,12695,24907
1090,1960,12342,12824,25166
1090,1970,12451,12940,25391
1090,1980,12576,13060,25636
1090,1990,12679,13165,25844
1100,1100,16,8,24
1100,1110,164,147,311
1100,1120,302,293,595
1100,1130,456,452,908
1100,1140,597,601,1198
1100,1150,734,776,1510
1100,1160,876,919,1795
1100,1170,1034,1073,2107
1100,1180,1185,1213,2398
1100,1190,1352,1366,2718
1100,1200,1493,1530,3023
1100,1210,1640,1716,3356
1100,1220,1799,1871,3670
1100,1230,1968,2032,4000
1100,1240,2126,2166,4292
1100,1250,2283,2327,4610
1100,1260,2389,2503,4892
1100,1270,2540,2687,5227
1100,1280,2683,2853,5536
1100,1290,2833,3010,5843
1100,1300,2979,3152,6131
1100,1310,3149,3312,6461
1100,1320,3282,3459,6741
1100,1330,3422,3601,7023
1100,1340,3577,3743,7320
1100,1350,3733,3905,7638
1100,1360,3886,4054,7940
1100,1370,4027,4211,8238
1100,1380,4178,4372,8550
1100,1390,4361,4508,8869
1100,1400,4493,4671,9164
1100,1410,4630,4855,9485
1100,1420,4757,5007,9764
1100,1430,4921,5162,10083
1100,1440,5067,5316,10383
1100,1450,5230,5474,10704
1100,1460,5383,5597,10980
1100,1470,5540,5748,11288
1100,1480,5676,5893,11569
1100,1490,5842,6031,11873
1100,1500,6004,6178,12182
1100,1510,6155,6329,12484
1100,1520,6303,6499,12802
1100,1530,6447,6656,13103
1100,1540,6600,6796,13396
1100,1550,6748,6942,13690
1100,1560,6939,7119,14058
1100,1570,7093,7281,14374
1100,1580,7235,7440,14675
1100,1590,7412,7593,15005
1100,1600,7544,7743,15287
1100,1610,7686,7902,15588
1100,1620,7847,8076,15923
1100,1630,8009,8231,16240
1100,1640,8157,8358,16515
1100,1650,8301,8501,16802
1100,1660,8446,8650,17096
1100,1670,8599,8779,17378
1100,1680,8718,8938,17656
1100,1690,8843,9094,17937
1100,1700,9000,9255,18255
1100,1710,9126,9412,18538
1100,1720,9280,9550,18830
1100,1730,9440,9711,19151
1100,1740,9579,9871,19450
1100,1750,9689,10021,19710
1100,1760,9802,10152,19954
1100,1770,9916,10276,20192
1100,1780,10043,10419,20462
1100,1790,10177,10543,20720
1100,1800,10322,10665,20987
1100,1810,10437,10791,21228
1100,1820,10544,10914,21458
1100,1830,10680,11042,21722
1100,1840,10812,11168,21980
1100,1850,10933,11282,22215
1100,1860,11048,11368,22416
1100,1870,11172,11499,22671
1100,1880,11310,11615,22925
1100,1890,11447,11744,23191
1100,1900,11551,11874,23425
1100,1910,11653,11990,23643
1100,1920,11753,12118,23871
1100,1930,11846,12238,24084
1100,1940,11950,12389,24339
1100,1950,12068,12533,24601
1100,1960,12198,12662,24860
1100,1970,12307,12778,25085
1100,1980,12432,12898,25330
1100,1990,12535,13003,25538
1110,1110,19,9,28
1110,1120,157,155,312
1110,1130,311,314,625
1110,1140,452,463,915
1110,1150,589,638,1227
1110,1160,731,781,1512
1110,1170,889,935,1824
1110,1180,1040,1075,2115
1110,1190,1207,1228,2435
1110,1200,1348,1392,2740
1110,1210,1495,1578,3073
1110,1220,1654,1733,3387
1110,1230,1823,1894,3717
1110,1240,1981,2028,4009
1110,1250,2138,2189,4327
1110,1260,2244,2365,4609
1110,1270,2395,2549,4944
1110,1280,2538,2715,5253
1110,1290,2688,2872,5560
1110,1300,2834,3014,5848
1110,1310,3004,3174,6178
1110,1320,3137,3321,6458
1110,1330,3277,3463,6740
1110,1340,3432,3605,7037
1110,1350,3588,3767,7355
1110,1360,3741,3916,7657
1110,1370,3882,4073,7955
1110,1380,4033,4234,8267
1110,1390,4216,4370,8586
1110,1400,4348,4533,8881
1110,1410,4485,4717,9202
1110,1420,4612,4869,9481
1110,1430,4776,5024,9800
1110,1440,4922,5178,10100
1110,1450,5085,5336,10421
1110,1460,5238,5459,10697
1110,1470,5395,5610,11005
1110,1480,5531,5755,11286
1110,1490,5697,5893,11590
1110,1500,5859,6040,11899
1110,1510,6010,6191,12201
1110,1520,6158,6361,12519
1110,1530,6302,6518,12820
1110,1540,6455,6658,13113
1110,1550,6603,6804,13407
1110,1560,6794,6981,13775
1110,1570,6948,7143,14091
1110,1580,7090,7302,14392
1110,1590,7267,7455,14722
1110,1600,7399,7605,15004
1110,1610,7541,7764,15305
1110,1620,7702,7938,15640
1110,1630,7864,8093,15957
1110,1640,8012,8220,16232
1110,1650,8156,8363,16519
1110,1660,8301,8512,16813
1110,1670,8454,8641,17095
1110,1680,8573,8800,17373
1110,1690,8698,8956,17654
1110,1700,8855,9117,17972
1110,1710,8981,9274,18255
1110,1720,9135,9412,18547
1110,1730,9295,9573,18868
1110,1740,9434,9733,19167
1110,1750,9544,9883,19427
1110,1760,9657,10014,19671
1110,1770,9771,10138,19909
1110,1780,9898,10281,20179
1110,1790,10032,10405,20437
1110,1800,10177,10527,20704
1110,1810,10292,10653,20945
1110,1820,10399,10776,21175
1110,1830,10535,10904,21439
1110,1840,10667,11030,21697
1110,1850,10788,11144,21932
1110,1860,10903,11230,22133
1110,1870,11027,11361,22388
1110,1880,11165,11477,22642
1110,1890,11302,11606,22908
1110,1900,11406,11736,23142
1110,1910,11508,11852,23360
1110,1920,11608,11980,23588
1110,1930,11701,12100,23801
1110,1940,11805,12251,24056
1110,1950,11923,12395,24318
1110,1960,12053,12524,24577
1110,1970,12162,12640,24802
1110,1980,12287,12760,25047
1110,1990,12390,12865,25255
1120,1120,16,15,31
1120,1130,170,174,344
1120,1140,311,323,634
1120,1150,448,498,946
1120,1160,590,641,1231
1120,1170,748,795,1543
1120,1180,899,935,1834
1120,1190,1066,1088,2154
1120,1200,1207,1252,2459
1120,1210,1354,1438,2792
1120,1220,1513,1593,3106
1120,1230,1682,1754,3436
1120,1240,1840,1888,3728
1120,1250,1997,2049,4046
1120,1260,2103,2225,4328
1120,1270,2254,2409,4663
1120,1280,2397,2575,4972
1120,1290,2547,2732,5279
1120,1300,2693,2874,5567
1120,1310,2863,3034,5897
1120,1320,2996,3181,6177
1120,1330,3136,3323,6459
1120,1340,3291,3465,6756
1120,1350,3447,3627,7074
1120,1360,3600,3776,7376
1120,1370,3741,3933,7674
1120,1380,3892,4094,7986
1120,1390,4075,4230,8305
1120,1400,4207,4393,8600
1120,1410,4344,4577,8921
1120,1420,4471,4729,9200
1120,1430,4635,4884,9519
1120,1440,4781,5038,9819
1120,1450,4944,5196,10140
1120,1460,5097,5319,10416
1120,1470,5254,5470,10724
1120,1480,5390,5615,11005
1120,1490,5556,5753,11309
1120,1500,5718,5900,11618
1120,1510,5869,6051,11920
1120,1520,6017,6221,12238
1120,1530,6161,6378,12539
1120,1540,6314,6518,12832
1120,1550,6462,6664,13126
1120,1560,6653,6841,13494
1120,1570,6807,7003,13810
1120,1580,6949,7162,14111
1120,1590,7126,7315,14441
1120,1600,7258,7465,14723
1120,1610,7400,7624,15024
1120,1620,7561,7798,15359
1120,1630,7723,7953,15676
1120,1640,7871,8080,15951
1120,1650,8015,8223,16238
1120,1660,8160,8372,16532
1120,1670,8313,8501,16814
1120,1680,8432,8660,17092
1120,1690,8557,8816,17373
1120,1700,8714,8977,17691
1120,1710,8840,9134,17974
1120,1720,8994,9272,18266
1120,1730,9154,9433,18587
1120,1740,9293,9593,18886
1120,1750,9403,9743,19146
1120,1760,9516,9874,19390
1120,1770,9630,9998,19628
1120,1780,9757,10141,19898
1120,1790,9891,10265,20156
1120,1800,10036,10387,20423
1120,1810,10151,10513,20664
1120,1820,10258,10636,20894
1120,1830,10394,10764,21158
1120,1840,10526,10890,21416
1120,1850,10647,11004,21651
1120,1860,10762,11090,21852
1120,1870,10886,11221,22107
1120,1880,11024,11337,22361
1120,1890,11161,11466,22627
1120,1900,11265,11596,22861
1120,1910,11367,11712,23079
1120,1920,11467,11840,23307
1120,1930,11560,11960,23520
1120,1940,11664,12111,23775
1120,1950,11782,12255,24037
1120,1960,11912,12384,24296
1120,1970,12021,12500,24521
1120,1980,12146,12620,24766
1120,1990,12249,12725,24974
1130,1130,18,20,38
1130,1140,159,169,328
1130,1150,296,344,640
1130,1160,438,487,925
1130,1170,596,641,1237
1130,1180,747,781,1528
1130,1190,914,934,1848
1130,1200,1055,1098,2153
1130,1210,1202,1284,2486
1130,1220,1361,1439,2800
1130,1230,1530,1600,3130
1130,1240,1688,1734,3422
1130,1250,1845,1895,3740
1130,1260,1951,2071,4022
1130,1270,2102,2255,4357
1130,1280,2245,2421,4666
1130,1290,2395,2578,4973
1130,1300,2541,2720,5261
1130,1310,2711,2880,5591
1130,1320,2844,3027,5871
1130,1330,2984,3169,6153
1130,1340,3139,3311,6450
1130,1350,3295,3473,6768
1130,1360,3448,3622,7070
1130,1370,3589,3779,7368
1130,1380,3740,3940,7680
1130,1390,3923,4076,7999
1130,1400,4055,4239,8294
1130,1410,4192,4423,8615
1130,1420,4319,4575,8894
1130,1430,4483,4730,9213
1130,1440,4629,4884,9513
1130,1450,4792,5042,9834
1130,1460,4945,5165,10110
1130,1470,5102,5316,10418
1130,1480,5238,5461,10699
1130,1490,5404,5599,11003
1130,1500,5566,5746,11312
1130,1510,5717,5897,11614
1130,1520,5865,6067,11932
1130,1530,6009,6224,12233
1130,1540,6162,6364,12526
1130,1550,6310,6510,12820
1130,1560,6501,6687,13188
1130,1570,6655,6849,13504
1130,1580,6797,7008,13805
1130,1590,6974,7161,14135
1130,1600,7106,7311,14417
1130,1610,7248,7470,14718
1130,1620,7409,7644,15053
1130,1630,7571,7799,15370
1130,1640,7719,7926,15645
1130,1650,7863,8069,15932
1130,1660,8008,8218,16226
1130,1670,8161,8347,16508
1130,1680,8280,8506,16786
1130,1690,8405,8662,17067
1130,1700,8562,8823,17385
1130,1710,8688,8980,17668
1130,1720,8842,9118,17960
1130,1730,9002,9279,18281
1130,1740,9141,9439,18580
1130,1750,9251,9589,18840
1130,1760,9364,9720,19084
1130,1770,9478,9844,19322
1130,1780,9605,9987,19592
1130,1790,9739,10111,19850
1130,1800,9884,10233,20117
1130,1810,9999,10359,20358
1130,1820,10106,10482,20588
1130,1830,10242,10610,20852
1130,1840,10374,10736,21110
1130,1850,10495,10850,21345
1130,1860,10610,10936,21546
1130,1870,10734,11067,21801
1130,1880,10872,11183,22055
1130,1890,11009,11312,22321
1130,1900,11113,11442,22555
1130,1910,11215,11558,22773
1130,1920,11315,11686,23001
1130,1930,11408,11806,23214
1130,1940,11512,11957,23469
1130,1950,11630,12101,23731
1130,1960,11760,12230,23990
1130,1970,11869,12346,24215
1130,1980,11994,12466,24460
1130,1990,12097,12571,24668
1140,1140,12,12,24
1140,1150,149,187,336
1140,1160,291,330,621
1140,1170,449,484,933
1140,1180,600,624,1224
1140,1190,767,777,1544
1140,1200,908,941,1849
1140,1210,1055,1127,2182
1140,1220,1214,1282,2496
1140,1230,1383,1443,2826
1140,1240,1541,1577,3118
1140,1250,1698,1738,3436
1140,1260,1804,1914,3718
1140,1270,1955,2098,4053
1140,1280,2098,2264,4362
1140,1290,2248,2421,4669
1140,1300,2394,2563,4957
1140,1310,2564,2723,5287
1140,1320,2697,2870,5567
1140,1330,2837,3012,5849
1140,1340,2992,3154,6146
1140,1350,3148,3316,6464
1140,1360,3301,3465,6766
1140,1370,3442,3622,7064
1140,1380,3593,3783,7376
1140,1390,3776,3919,7695
1140,1400,3908,4082,7990
1140,1410,4045,4266,8311
1140,1420,4172,4418,8590
1140,1430,4336,4573,8909
1140,1440,4482,4727,9209
1140,1450,4645,4885,9530
1140,1460,4798,5008,9806
1140,1470,4955,5159,10114
1140,1480,5091,5304,10395
1140,1490,5257,5442,10699
1140,1500,5419,5589,11008
1140,1510,5570,5740,11310
1140,1520,5718,5910,11628
1140,1530,5862,6067,11929
1140,1540,6015,6207,12222
1140,1550,6163,6353,12516
1140,1560,6354,6530,12884
1140,1570,6508,6692,13200
1140,1580,6650,6851,13501
1140,1590,6827,7004,13831
1140,1600,6959,7154,14113
1140,1610,7101,7313,14414
1140,1620,7262,7487,14749
1140,1630,7424,7642,15066
1140,1640,7572,7769,15341
1140,1650,7716,7912,15628
1140,1660,7861,8061,15922
1140,1670,8014,8190,16204
1140,1680,8133,8349,16482
1140,1690,8258,8505,16763
1140,1700,8415,8666,17081
1140,1710,8541,8823,17364
1140,1720,8695,8961,17656
1140,1730,8855,9122,17977
1140,1740,8994,9282,18276
1140,1750,9104,9432,18536
1140,1760,9217,9563,18780
1140,1770,9331,9687,19018
1140,1780,9458,9830,19288
1140,1790,9592,9954,19546
1140,1800,9737,10076,19813
1140,1810,9852,10202,20054
1140,1820,9959,10325,20284
1140,1830,10095,10453,20548
1140,1840,10227,10579,20806
1140,1850,10348,10693,21041
1140,1860,10463,10779,21242
1140,1870,10587,10910,21497
1140,1880,10725,11026,21751
1140,1890,10862,11155,22017
1140,1900,10966,11285,22251
1140,1910,11068,11401,22469
1140,1920,11168,11529,22697
1140,1930,11261,11649,22910
1140,1940,11365,11800,23165
1140,1950,11483,11944,23427
1140,1960,11613,12073,23686
1140,1970,11722,12189,23911
1140,1980,11847,12309,24156
1140,1990,11950,12414,24364
1150,1150,15,12,27
1150,1160,157,155,312
1150,1170,315,309,624
1150,1180,466,449,915
1150,1190,633,602,1235
1150,1200,774,766,1540
1150,1210,921,952,1873
1150,1220,1080,1107,2187
1150,1230,1249,1268,2517
1150,1240,1407,1402,2809
1150,1250,1564,1563,3127
1150,1260,1670,1739,3409
1150,1270,1821,1923,3744
1150,1280,1964,2089,4053
1150,1290,2114,2246,4360
1150,1300,2260,2388,4648
1150,1310,2430,2548,4978
1150,1320,2563,2695,5258
1150,1330,2703,2837,5540
1150,1340,2858,2979,5837
1150,1350,3014,3141,6155
1150,1360,3167,3290,6457
1150,1370,3308,3447,6755
1150,1380,3459,3608,7067
1150,1390,3642,3744,7386
1150,1400,3774,3907,7681
1150,1410,3911,4091,8002
1150,1420,4038,4243,8281
1150,1430,4202,4398,8600
1150,1440,4348,4552,8900
1150,1450,4511,4710,9221
1150,1460,4664,4833,9497
1150,1470,4821,4984,9805
1150,1480,4957,5129,10086
1150,1490,5123,5267,10390
1150,1500,5285,5414,10699
1150,1510,5436,5565,11001
1150,1520,5584,5735,11319
1150,1530,5728,5892,11620
1150,1540,5881,6032,11913
1150,1550,6029,6178,12207
1150,1560,6220,6355,12575
1150,1570,6374,6517,12891
1150,1580,6516,6676,13192
1150,1590,6693,6829,13522
1150,1600,6825,6979,13804
1150,1610,6967,7138,14105
1150,1620,7128,7312,14440
1150,1630,7290,7467,14757
1150,1640,7438,7594,15032
1150,1650,7582,7737,15319
1150,1660,7727,7886,15613
1150,1670,7880,8015,15895
1150,1680,7999,8174,16173
1150,1690,8124,8330,16454
1150,1700,8281,8491,16772
1150,1710,8407,8648,17055
1150,1720,8561,8786,17347
1150,1730,8721,8947,17668
1150,1740,8860,9107,17967
1150,1750,8970,9257,18227
1150,1760,9083,9388,18471
1150,1770,9197,9512,18709
1150,1780,9324,9655,18979
1150,1790,9458,9779,19237
1150,1800,9603,9901,19504
1150,1810,9718,10027,19745
1150,1820,9825,10150,19975
1150,1830,9961,10278,20239
1150,1840,10093,10404,20497
1150,1850,10214,10518,20732
1150,1860,10329,10604,20933
1150,1870,10453,10735,21188
1150,1880,10591,10851,21442
1150,1890,10728,10980,21708
1150,1900,10832,11110,21942
1150,1910,10934,11226,22160
1150,1920,11034,11354,22388
1150,1930,11127,11474,22601
1150,1940,11231,11625,22856
1150,1950,11349,11769,23118
1150,1960,11479,11898,23377
1150,1970,11588,12014,23602
1150,1980,11713,12134,23847
1150,1990,11816,12239,24055
1160,1160,16,14,30
1160,1170,174,168,342
1160,1180,325,308,633
1160,1190,492,461,953
1160,1200,633,625,1258
1160,1210,780,811,1591
1160,1220,939,966,1905
1160,1230,1108,1127,2235
1160,1240,1266,1261,2527
1160,1250,1423,1422,2845
1160,1260,1529,1598,3127
1160,1270,1680,1782,3462
1160,1280,1823,1948,3771
1160,1290,1973,2105,4078
1160,1300,2119,2247,4366
1160,1310,2289,2407,4696
1160,1320,2422,2554,4976
1160,1330,2562,2696,5258
1160,1340,2717,2838,5555
1160,1350,2873,3000,5873
1160,1360,3026,3149,6175
1160,1370,3167,3306,6473
1160,1380,3318,3467,6785
1160,1390,3501,3603,7104
1160,1400,3633,3766,7399
1160,1410,3770,3950,7720
1160,1420,3897,4102,7999
1160,1430,4061,4257,8318
1160,1440,4207,4411,8618
1160,1450,4370,4569,8939
1160,1460,4523,4692,9215
1160,1470,4680,4843,9523
1160,1480,4816,4988,9804
1160,1490,4982,5126,10108
1160,1500,5144,5273,10417
1160,1510,5295,5424,10719
1160,1520,5443,5594,11037
1160,1530,5587,5751,11338
1160,1540,5740,5891,11631
1160,1550,5888,6037,11925
1160,1560,6079,6214,12293
1160,1570,6233,6376,12609
1160,1580,6375,6535,12910
1160,1590,6552,6688,13240
1160,1600,6684,6838,13522
1160,1610,6826,6997,13823
1160,1620,6987,7171,14158
1160,1630,7149,7326,14475
1160,1640,7297,7453,14750
1160,1650,7441,7596,15037
1160,1660,7586,7745,15331
1160,1670,7739,7874,15613
1160,1680,7858,8033,15891
1160,1690,7983,8189,16172
1160,1700,8140,8350,16490
1160,1710,8266,8507,16773
1160,1720,8420,8645,17065
1160,1730,8580,8806,17386
1160,1740,8719,8966,17685
1160,1750,8829,9116,17945
1160,1760,8942,9247,18189
1160,1770,9056,9371,18427
1160,1780,9183,9514,18697
1160,1790,9317,9638,18955
1160,1800,9462,9760,19222
1160,1810,9577,9886,19463
1160,1820,9684,10009,19693
1160,1830,9820,10137,19957
1160,1840,9952,10263,20215
1160,1850,10073,10377,20450
1160,1860,10188,10463,20651
1160,1870,10312,10594,20906
1160,1880,10450,10710,21160
1160,1890,10587,10839,21426
1160,1900,10691,10969,21660
1160,1910,10793,11085,21878
1160,1920,10893,11213,22106
1160,1930,10986,11333,22319
1160,1940,11090,11484,22574
1160,1950,11208,11628,22836
1160,1960,11338,11757,23095
1160,1970,11447,11873,23320
1160,1980,11572,11993,23565
1160,1990,11675,12098,23773
1170,1170,15,19,34
1170,1180,166,159,325
1170,1190,333,312,645
1170,1200,474,476,950
1170,1210,621,662,1283
1170,1220,780,817,1597
1170,1230,949,978,1927
1170,1240,1107,1112,2219
1170,1250,1264,1273,2537
1170,1260,1370,1449,2819
1170,1270,1521,1633,3154
1170,1280,1664,1799,3463
1170,1290,1814,1956,3770
1170,1300,1960,2098,4058
1170,1310,2130,2258,4388
1170,1320,2263,2405,4668
1170,1330,2403,2547,4950
1170,1340,2558,2689,5247
1170,1350,2714,2851,5565
1170,1360,2867,3000,5867
1170,1370,3008,3157,6165
1170,1380,3159,3318,6477
1170,1390,3342,3454,6796
1170,1400,3474,3617,7091
1170,1410,3611,3801,7412
1170,1420,3738,3953,7691
1170,1430,3902,4108,8010
1170,1440,4048,4262,8310
1170,1450,4211,4420,8631
1170,1460,4364,4543,8907
1170,1470,4521,4694,9215
1170,1480,4657,4839,9496
1170,1490,4823,4977,9800
1170,1500,4985,5124,10109
1170,1510,5136,5275,10411
1170,1520,5284,5445,10729
1170,1530,5428,5602,11030
1170,1540,5581,5742,11323
1170,1550,5729,5888,11617
1170,1560,5920,6065,11985
1170,1570,6074,6227,12301
1170,1580,6216,6386,12602
1170,1590,6393,6539,12932
1170,1600,6525,6689,13214
1170,1610,6667,6848,13515
1170,1620,6828,7022,13850
1170,1630,6990,7177,14167
1170,1640,7138,7304,14442
1170,1650,7282,7447,14729
1170,1660,7427,7596,15023
1170,1670,7580,7725,15305
1170,1680,7699,7884,15583
1170,1690,7824,8040,15864
1170,1700,7981,8201,16182
1170,1710,8107,8358,16465
1170,1720,8261,8496,16757
1170,1730,8421,8657,17078
1170,1740,8560,8817,17377
1170,1750,8670,8967,17637
1170,1760,8783,9098,17881
1170,1770,8897,9222,18119
1170,1780,9024,9365,18389
1170,1790,9158,9489,18647
1170,1800,9303,9611,18914
1170,1810,9418,9737,19155
1170,1820,9525,9860,19385
1170,1830,9661,9988,19649
1170,1840,9793,10114,19907
1170,1850,9914,10228,20142
1170,1860,10029,10314,20343
1170,1870,10153,10445,20598
1170,1880,10291,10561,20852
1170,1890,10428,10690,21118
1170,1900,10532,10820,21352
1170,1910,10634,10936,21570
1170,1920,10734,11064,21798
1170,1930,10827,11184,22011
1170,1940,10931,11335,22266
1170,1950,11049,11479,22528
1170,1960,11179,11608,22787
1170,1970,11288,11724,23012
1170,1980,11413,11844,23257
1170,1990,11516,11949,23465
1180,1180,15,20,35
1180,1190,182,173,355
1180,1200,323,337,660
1180,1210,470,523,993
1180,1220,629,678,1307
1180,1230,798,839,1637
1180,1240,956,973,1929
1180,1250,1113,1134,2247
1180,1260,1219,1310,2529
1180,1270,1370,1494,2864
1180,1280,1513,1660,3173
1180,1290,1663,1817,3480
1180,1300,1809,1959,3768
1180,1310,1979,2119,4098
1180,1320,2112,2266,4378
1180,1330,2252,2408,4660
1180,1340,2407,2550,4957
1180,1350,2563,2712,5275
1180,1360,2716,2861,5577
1180,1370,2857,3018,5875
1180,1380,3008,3179,6187
1180,1390,3191,3315,6506
1180,1400,3323,3478,6801
1180,1410,3460,3662,7122
1180,1420,3587,3814,7401
1180,1430,3751,3969,7720
1180,1440,3897,4123,8020
1180,1450,4060,4281,8341
1180,1460,4213,4404,8617
1180,1470,4370,4555,8925
1180,1480,4506,4700,9206
1180,1490,4672,4838,9510
1180,1500,4834,4985,9819
1180,1510,4985,5136,10121
1180,1520,5133,5306,10439
1180,1530,5277,5463,10740
1180,1540,5430,5603,11033
1180,1550,5578,5749,11327
1180,1560,5769,5926,11695
1180,1570,5923,6088,12011
1180,1580,6065,6247,12312
1180,1590,6242,6400,12642
1180,1600,6374,6550,12924
1180,1610,6516,6709,13225
1180,1620,6677,6883,13560
1180,1630,6839,7038,13877
1180,1640,6987,7165,14152
1180,1650,7131,7308,14439
1180,1660,7276,7457,14733
1180,1670,7429,7586,15015
1180,1680,7548,7745,15293
1180,1690,7673,7901,15574
1180,1700,7830,8062,15892
1180,1710,7956,8219,16175
1180,1720,8110,8357,16467
1180,1730,8270,8518,16788
1180,1740,8409,8678,17087
1180,1750,8519,8828,17347
1180,1760,8632,8959,17591
1180,1770,8746,9083,17829
1180,1780,8873,9226,18099
1180,1790,9007,9350,18357
1180,1800,9152,9472,18624
1180,1810,9267,9598,18865
1180,1820,9374,9721,19095
1180,1830,9510,9849,19359
1180,1840,9642,9975,19617
1180,1850,9763,10089,19852
1180,1860,9878,10175,20053
1180,1870,10002,10306,20308
1180,1880,10140,10422,20562
1180,1890,10277,10551,20828
1180,1900,10381,10681,21062
1180,1910,10483,10797,21280
1180,1920,10583,10925,21508
1180,1930,10676,11045,21721
1180,1940,10780,11196,21976
1180,1950,10898,11340,22238
1180,1960,11028,11469,22497
1180,1970,11137,11585,22722
1180,1980,11262,11705,22967
1180,1990,11365,11810,23175
1190,1190,18,20,38
1190,1200,159,184,343
1190,1210,306,370,676
1190,1220,465,525,990
1190,1230,634,686,1320
1190,1240,792,820,1612
1190,1250,949,981,1930
1190,1260,1055,1157,2212
1190,1270,1206,1341,2547
1190,1280,1349,1507,2856
1190,1290,1499,1664,3163
1190,1300,1645,1806,3451
1190,1310,1815,1966,3781
1190,1320,1948,2113,4061
1190,1330,2088,2255,4343
1190,1340,2243,2397,4640
1190,1350,2399,2559,4958
1190,1360,2552,2708,5260
1190,1370,2693,2865,5558
1190,1380,2844,3026,5870
1190,1390,3027,3162,6189
1190,1400,3159,3325,6484
1190,1410,3296,3509,6805
1190,1420,3423,3661,7084
1190,1430,3587,3816,7403
1190,1440,3733,3970,7703
1190,1450,3896,4128,8024
1190,1460,4049,4251,8300
1190,1470,4206,4402,8608
1190,1480,4342,4547,8889
1190,1490,4508,4685,9193
1190,1500,4670,4832,9502
1190,1510,4821,4983,9804
1190,1520,4969,5153,10122
1190,1530,5113,5310,10423
1190,1540,5266,5450,10716
1190,1550,5414,5596,11010
1190,1560,5605,5773,11378
1190,1570,5759,5935,11694
1190,1580,5901,6094,11995
1190,1590,6078,6247,12325
1190,1600,6210,6397,12607
1190,1610,6352,6556,12908
1190,1620,6513,6730,13243
1190,1630,6675,6885,13560
1190,1640,6823,7012,13835
1190,1650,6967,7155,14122
1190,1660,7112,7304,14416
1190,1670,7265,7433,14698
1190,1680,7384,7592,14976
1190,1690,7509,7748,15257
1190,1700,7666,7909,15575
1190,1710,7792,8066,15858
1190,1720,7946,8204,16150
1190,1730,8106,8365,16471
1190,1740,8245,8525,16770
1190,1750,8355,8675,17030
1190,1760,8468,8806,17274
1190,1770,8582,8930,17512
1190,1780,8709,9073,17782
1190,1790,8843,9197,18040
1190,1800,8988,9319,18307
1190,1810,9103,9445,18548
1190,1820,9210,9568,18778
1190,1830,9346,9696,19042
1190,1840,9478,9822,19300
1190,1850,9599,9936,19535
1190,1860,9714,10022,19736
1190,1870,9838,10153,19991
1190,1880,9976,10269,20245
1190,1890,10113,10398,20511
1190,1900,10217,10528,20745
1190,1910,10319,10644,20963
1190,1920,10419,10772,21191
1190,1930,10512,10892,21404
1190,1940,10616,11043,21659
1190,1950,10734,11187,21921
1190,1960,10864,11316,22180
1190,1970,10973,11432,22405
1190,1980,11098,11552,22650
1190,1990,11201,11657,22858
1200,1200,12,22,34
1200,1210,159,208,367
1200,1220,318,363,681
1200,1230,487,524,1011
1200,1240,645,658,1303
1200,1250,802,819,1621
1200,1260,908,995,1903
1200,1270,1059,1179,2238
1200,1280,1202,1345,2547
1200,1290,1352,1502,2854
1200,1300,1498,1644,3142
1200,1310,1668,1804,3472
1200,1320,1801,1951,3752
1200,1330,1941,2093,4034
1200,1340,2096,2235,4331
1200,1350,2252,2397,4649
1200,1360,2405,2546,4951
1200,1370,2546,2703,5249
1200,1380,2697,2864,5561
1200,1390,2880,3000,5880
1200,1400,3012,3163,6175
1200,1410,3149,3347,6496
1200,1420,3276,3499,6775
1200,1430,3440,3654,7094
1200,1440,3586,3808,7394
1200,1450,3749,3966,7715
1200,1460,3902,4089,7991
1200,1470,4059,4240,8299
1200,1480,4195,4385,8580
1200,1490,4361,4523,8884
1200,1500,4523,4670,9193
1200,1510,4674,4821,9495
1200,1520,4822,4991,9813
1200,1530,4966,5148,10114
1200,1540,5119,5288,10407
1200,1550,5267,5434,10701
1200,1560,5458,5611,11069
1200,1570,5612,5773,11385
1200,1580,5754,5932,11686
1200,1590,5931,6085,12016
1200,1600,6063,6235,12298
1200,1610,6205,6394,12599
1200,1620,6366,6568,12934
1200,1630,6528,6723,13251
1200,1640,6676,6850,13526
1200,1650,6820,6993,13813
1200,1660,6965,7142,14107
1200,1670,7118,7271,14389
1200,1680,7237,7430,14667
1200,1690,7362,7586,14948
1200,1700,7519,7747,15266
1200,1710,7645,7904,15549
1200,1720,7799,8042,15841
1200,1730,7959,8203,16162
1200,1740,8098,8363,16461
1200,1750,8208,8513,16721
1200,1760,8321,8644,16965
1200,1770,8435,8768,17203
1200,1780,8562,8911,17473
1200,1790,8696,9035,17731
1200,1800,8841,9157,17998
1200,1810,8956,9283,18239
1200,1820,9063,9406,18469
1200,1830,9199,9534,18733
1200,1840,9331,9660,18991
1200,1850,9452,9774,19226
1200,1860,9567,9860,19427
1200,1870,9691,9991,19682
1200,1880,9829,10107,19936
1200,1890,9966,10236,20202
1200,1900,10070,10366,20436
1200,1910,10172,10482,20654
1200,1920,10272,10610,20882
1200,1930,10365,10730,21095
1200,1940,10469,10881,21350
1200,1950,10587,11025,21612
1200,1960,10717,11154,21871
1200,1970,10826,11270,22096
1200,1980,10951,11390,22341
1200,1990,11054,11495,22549
1210,1210,13,19,32
1210,1220,172,174,346
1210,1230,341,335,676
1210,1240,499,469,968
1210,1250,656,630,1286
1210,1260,762,806,1568
1210,1270,913,990,1903
1210,1280,1056,1156,2212
1210,1290,1206,1313,2519
1210,1300,1352,1455,2807
1210,1310,1522,1615,3137
1210,1320,1655,1762,3417
1210,1330,1795,1904,3699
1210,1340,1950,2046,3996
1210,1350,2106,2208,4314
1210,1360,2259,2357,4616
1210,1370,2400,2514,4914
1210,1380,2551,2675,5226
1210,1390,2734,2811,5545
1210,1400,2866,2974,5840
1210,1410,3003,3158,6161
1210,1420,3130,3310,6440
1210,1430,3294,3465,6759
1210,1440,3440,3619,7059
1210,1450,3603,3777,7380
1210,1460,3756,3900,7656
1210,1470,3913,4051,7964
1210,1480,4049,4196,8245
1210,1490,4215,4334,8549
1210,1500,4377,4481,8858
1210,1510,4528,4632,9160
1210,1520,4676,4802,9478
1210,1530,4820,4959,9779
1210,1540,4973,5099,10072
1210,1550,5121,5245,10366
1210,1560,5312,5422,10734
1210,1570,5466,5584,11050
1210,1580,5608,5743,11351
1210,1590,5785,5896,11681
1210,1600,5917,6046,11963
1210,1610,6059,6205,12264
1210,1620,6220,6379,12599
1210,1630,6382,6534,12916
1210,1640,6530,6661,13191
1210,1650,6674,6804,13478
1210,1660,6819,6953,13772
1210,1670,6972,7082,14054
1210,1680,7091,7241,14332
1210,1690,7216,7397,14613
1210,1700,7373,7558,14931
1210,1710,7499,7715,15214
1210,1720,7653,7853,15506
1210,1730,7813,8014,15827
1210,1740,7952,8174,16126
1210,1750,8062,8324,16386
1210,1760,8175,8455,16630
1210,1770,8289,8579,16868
1210,1780,8416,8722,17138
1210,1790,8550,8846,17396
1210,1800,8695,8968,17663
1210,1810,8810,9094,17904
1210,1820,8917,9217,18134
1210,1830,9053,9345,18398
1210,1840,9185,9471,18656
1210,1850,9306,9585,18891
1210,1860,9421,9671,19092
1210,1870,9545,9802,19347
1210,1880,9683,9918,19601
1210,1890,9820,10047,19867
1210,1900,9924,10177,20101
1210,1910,10026,10293,20319
1210,1920,10126,10421,20547
1210,1930,10219,10541,20760
1210,1940,10323,10692,21015
1210,1950,10441,10836,21277
1210,1960,10571,10965,21536
1210,1970,10680,11081,21761
1210,1980,10805,11201,22006
1210,1990,10908,11306,22214
1220,1220,17,17,34
1220,1230,186,178,364
1220,1240,344,312,656
1220,1250,501,473,974
1220,1260,607,649,1256
1220,1270,758,833,1591
1220,1280,901,999,1900
1220,1290,1051,1156,2207
1220,1300,1197,1298,2495
1220,1310,1367,1458,2825
1220,1320,1500,1605,3105
1220,1330,1640,1747,3387
1220,1340,1795,1889,3684
1220,1350,1951,2051,4002
1220,1360,2104,2200,4304
1220,1370,2245,2357,4602
1220,1380,2396,2518,4914
1220,1390,2579,2654,5233
1220,1400,2711,2817,5528
1220,1410,2848,3001,5849
1220,1420,2975,3153,6128
1220,1430,3139,3308,6447
1220,1440,3285,3462,6747
1220,1450,3448,3620,7068
1220,1460,3601,3743,7344
1220,1470,3758,3894,7652
1220,1480,3894,4039,7933
1220,1490,4060,4177,8237
1220,1500,4222,4324,8546
1220,1510,4373,4475,8848
1220,1520,4521,4645,9166
1220,1530,4665,4802,9467
1220,1540,4818,4942,9760
1220,1550,4966,5088,10054
1220,1560,5157,5265,10422
1220,1570,5311,5427,10738
1220,1580,5453,5586,11039
1220,1590,5630,5739,11369
1220,1600,5762,5889,11651
1220,1610,5904,6048,11952
1220,1620,6065,6222,12287
1220,1630,6227,6377,12604
1220,1640,6375,6504,12879
1220,1650,6519,6647,13166
1220,1660,6664,6796,13460
1220,1670,6817,6925,13742
1220,1680,6936,7084,14020
1220,1690,7061,7240,14301
1220,1700,7218,7401,14619
1220,1710,7344,7558,14902
1220,1720,7498,7696,15194
1220,1730,7658,7857,15515
1220,1740,7797,8017,15814
1220,1750,7907,8167,16074
1220,1760,8020,8298,16318
1220,1770,8134,8422,16556
1220,1780,8261,8565,16826
1220,1790,8395,8689,17084
1220,1800,8540,8811,17351
1220,1810,8655,8937,17592
1220,1820,8762,9060,17822
1220,1830,8898,9188,18086
1220,1840,9030,9314,18344
1220,1850,9151,9428,18579
1220,1860,9266,9514,18780
1220,1870,9390,9645,19035
1220,1880,9528,9761,19289
1220,1890,9665,9890,19555
1220,1900,9769,10020,19789
1220,1910,9871,10136,20007
1220,1920,9971,10264,20235
1220,1930,10064,10384,20448
1220,1940,10168,10535,20703
1220,1950,10286,10679,20965
1220,1960,10416,10808,21224
1220,1970,10525,10924,21449
1220,1980,10650,11044,21694
1220,1990,10753,11149,21902
1230,1230,24,23,47
1230,1240,182,157,339
1230,1250,339,318,657
1230,1260,445,494,939
1230,1270,596,678,1274
1230,1280,739,844,1583
1230,1290,889,1001,1890
1230,1300,1035,1143,2178
1230,1310,1205,1303,2508
1230,1320,1338,1450,2788
1230,1330,1478,1592,3070
1230,1340,1633,1734,3367
1230,1350,1789,1896,3685
1230,1360,1942,2045,3987
1230,1370,2083,2202,4285
1230,1380,2234,2363,4597
1230,1390,2417,2499,4916
1230,1400,2549,2662,5211
1230,1410,2686,2846,5532
1230,1420,2813,2998,5811
1230,1430,2977,3153,6130
1230,1440,3123,3307,6430
1230,1450,3286,3465,6751
1230,1460,3439,3588,7027
1230,1470,3596,3739,7335
1230,1480,3732,3884,7616
1230,1490,3898,4022,7920
1230,1500,4060,4169,8229
1230,1510,4211,4320,8531
1230,1520,4359,4490,8849
1230,1530,4503,4647,9150
1230,1540,4656,4787,9443
1230,1550,4804,4933,9737
1230,1560,4995,5110,10105
1230,1570,5149,5272,10421
1230,1580,5291,5431,10722
1230,1590,5468,5584,11052
1230,1600,5600,5734,11334
1230,1610,5742,5893,11635
1230,1620,5903,6067,11970
1230,1630,6065,6222,12287
1230,1640,6213,6349,12562
1230,1650,6357,6492,12849
1230,1660,6502,6641,13143
1230,1670,6655,6770,13425
1230,1680,6774,6929,13703
1230,1690,6899,7085,13984
1230,1700,7056,7246,14302
1230,1710,7182,7403,14585
1230,1720,7336,7541,14877
1230,1730,7496,7702,15198
1230,1740,7635,7862,15497
1230,1750,7745,8012,15757
1230,1760,7858,8143,16001
1230,1770,7972,8267,16239
1230,1780,8099,8410,16509
1230,1790,8233,8534,16767
1230,1800,8378,8656,17034
1230,1810,8493,8782,17275
1230,1820,8600,8905,17505
1230,1830,8736,9033,17769
1230,1840,8868,9159,18027
1230,1850,8989,9273,18262
1230,1860,9104,9359,18463
1230,1870,9228,9490,18718
1230,1880,9366,9606,18972
1230,1890,9503,9735,19238
1230,1900,9607,9865,19472
1230,1910,9709,9981,19690
1230,1920,9809,10109,19918
1230,1930,9902,10229,20131
1230,1940,10006,10380,20386
1230,1950,10124,10524,20648
1230,1960,10254,10653,20907
1230,1970,10363,10769,21132
1230,1980,10488,10889,21377
1230,1990,10591,10994,21585
1240,1240,16,14,30
1240,1250,173,175,348
1240,1260,279,351,630
1240,1270,430,535,965
1240,1280,573,701,1274
1240,1290,723,858,1581
1240,1300,869,1000,1869
1240,1310,1039,1160,2199
1240,1320,1172,1307,2479
1240,1330,1312,1449,2761
1240,1340,1467,1591,3058
1240,1350,1623,1753,3376
1240,1360,1776,1902,3678
1240,1370,1917,2059,3976
1240,1380,2068,2220,4288
1240,1390,2251,2356,4607
1240,1400,2383,2519,4902
1240,1410,2520,2703,5223
1240,1420,2647,2855,5502
1240,1430,2811,3010,5821
1240,1440,2957,3164,6121
1240,1450,3120,3322,6442
1240,1460,3273,3445,6718
1240,1470,3430,3596,7026
1240,1480,3566,3741,7307
1240,1490,3732,3879,7611
1240,1500,3894,4026,7920
1240,1510,4045,4177,8222
1240,1520,4193,4347,8540
1240,1530,4337,4504,8841
1240,1540,4490,4644,9134
1240,1550,4638,4790,9428
1240,1560,4829,4967,9796
1240,1570,4983,5129,10112
1240,1580,5125,5288,10413
1240,1590,5302,5441,10743
1240,1600,5434,5591,11025
1240,1610,5576,5750,11326
1240,1620,5737,5924,11661
1240,1630,5899,6079,11978
1240,1640,6047,6206,12253
1240,1650,6191,6349,12540
1240,1660,6336,6498,12834
1240,1670,6489,6627,13116
1240,1680,6608,6786,13394
1240,1690,6733,6942,13675
1240,1700,6890,7103,13993
1240,1710,7016,7260,14276
1240,1720,7170,7398,14568
1240,1730,7330,7559,14889
1240,1740,7469,7719,15188
1240,1750,7579,7869,15448
1240,1760,7692,8000,15692
1240,1770,7806,8124,15930
1240,1780,7933,8267,16200
1240,1790,8067,8391,16458
1240,1800,8212,8513,16725
1240,1810,8327,8639,16966
1240,1820,8434,8762,17196
1240,1830,8570,8890,17460
1240,1840,8702,9016,17718
1240,1850,8823,9130,17953
1240,1860,8938,9216,18154
1240,1870,9062,9347,18409
1240,1880,9200,9463,18663
1240,1890,9337,9592,18929
1240,1900,9441,9722,19163
1240,1910,9543,9838,19381
1240,1920,9643,9966,19609
1240,1930,9736,10086,19822
1240,1940,9840,10237,20077
1240,1950,9958,10381,20339
1240,1960,10088,10510,20598
1240,1970,10197,10626,20823
1240,1980,10322,10746,21068
1240,1990,10425,10851,21276
1250,1250,20,18,38
1250,1260,126,194,320
1250,1270,277,378,655
1250,1280,420,544,964
1250,1290,570,701,1271
1250,1300,716,843,1559
1250,1310,886,1003,1889
1250,1320,1019,1150,2169
1250,1330,1159,1292,2451
1250,1340,1314,1434,2748
1250,1350,1470,1596,3066
1250,1360,1623,1745,3368
1250,1370,1764,1902,3666
1250,1380,1915,2063,3978
1250,1390,2098,2199,4297
1250,1400,2230,2362,4592
1250,1410,2367,2546,4913
1250,1420,2494,2698,5192
1250,1430,2658,2853,5511
1250,1440,2804,3007,5811
1250,1450,2967,3165,6132
1250,1460,3120,3288,6408
1250,1470,3277,3439,6716
1250,1480,3413,3584,6997
1250,1490,3579,3722,7301
1250,1500,3741,3869,7610
1250,1510,3892,4020,7912
1250,1520,4040,4190,8230
1250,1530,4184,4347,8531
1250,1540,4337,4487,8824
1250,1550,4485,4633,9118
1250,1560,4676,4810,9486
1250,1570,4830,4972,9802
1250,1580,4972,5131,10103
1250,1590,5149,5284,10433
1250,1600,5281,5434,10715
1250,1610,5423,5593,11016
1250,1620,5584,5767,11351
1250,1630,5746,5922,11668
1250,1640,5894,6049,11943
1250,1650,6038,6192,12230
1250,1660,6183,6341,12524
1250,1670,6336,6470,12806
1250,1680,6455,6629,13084
1250,1690,6580,6785,13365
1250,1700,6737,6946,13683
1250,1710,6863,7103,13966
1250,1720,7017,7241,14258
1250,1730,7177,7402,14579
1250,1740,7316,7562,14878
1250,1750,7426,7712,15138
1250,1760,7539,7843,15382
1250,1770,7653,7967,15620
1250,1780,7780,8110,15890
1250,1790,7914,8234,16148
1250,1800,8059,8356,16415
1250,1810,8174,8482,16656
1250,1820,8281,8605,16886
1250,1830,8417,8733,17150
1250,1840,8549,8859,17408
1250,1850,8670,8973,17643
1250,1860,8785,9059,17844
1250,1870,8909,9190,18099
1250,1880,9047,9306,18353
1250,1890,9184,9435,18619
1250,1900,9288,9565,18853
1250,1910,9390,9681,19071
1250,1920,9490,9809,19299
1250,1930,9583,9929,19512
1250,1940,9687,10080,19767
1250,1950,9805,10224,20029
1250,1960,9935,10353,20288
1250,1970,10044,10469,20513
1250,1980,10169,10589,20758
1250,1990,10272,10694,20966
1260,1260,11,20,31
1260,1270,162,204,366
1260,1280,305,370,675
1260,1290,455,527,982
1260,1300,601,669,1270
1260,1310,771,829,1600
1260,1320,904,976,1880
1260,1330,1044,1118,2162
1260,1340,1199,1260,2459
1260,1350,1355,1422,2777
1260,1360,1508,1571,3079
1260,1370,1649,1728,3377
1260,1380,1800,1889,3689
1260,1390,1983,2025,4008
1260,1400,2115,2188,4303
1260,1410,2252,2372,4624
1260,1420,2379,2524,4903
1260,1430,2543,2679,5222
1260,1440,2689,2833,5522
1260,1450,2852,2991,5843
1260,1460,3005,3114,6119
1260,1470,3162,3265,6427
1260,1480,3298,3410,6708
1260,1490,3464,3548,7012
1260,1500,3626,3695,7321
1260,1510,3777,3846,7623
1260,1520,3925,4016,7941
1260,1530,4069,4173,8242
1260,1540,4222,4313,8535
1260,1550,4370,4459,8829
1260,1560,4561,4636,9197
1260,1570,4715,4798,9513
1260,1580,4857,4957,9814
1260,1590,5034,5110,10144
1260,1600,5166,5260,10426
1260,1610,5308,5419,10727
1260,1620,5469,5593,11062
1260,1630,5631,5748,11379
1260,1640,5779,5875,11654
1260,1650,5923,6018,11941
1260,1660,6068,6167,12235
1260,1670,6221,6296,12517
1260,1680,6340,6455,12795
1260,1690,6465,6611,13076
1260,1700,6622,6772,13394
1260,1710,6748,6929,13677
1260,1720,6902,7067,13969
1260,1730,7062,7228,14290
1260,1740,7201,7388,14589
1260,1750,7311,7538,14849
1260,1760,7424,7669,15093
1260,1770,7538,7793,15331
1260,1780,7665,7936,15601
1260,1790,7799,8060,15859
1260,1800,7944,8182,16126
1260,1810,8059,8308,16367
1260,1820,8166,8431,16597
1260,1830,8302,8559,16861
1260,1840,8434,8685,17119
1260,1850,8555,8799,17354
1260,1860,8670,8885,17555
1260,1870,8794,9016,17810
1260,1880,8932,9132,18064
1260,1890,9069,9261,18330
1260,1900,9173,9391,18564
1260,1910,9275,9507,18782
1260,1920,9375,9635,19010
1260,1930,9468,9755,19223
1260,1940,9572,9906,19478
1260,1950,9690,10050,19740
1260,1960,9820,10179,19999
1260,1970,9929,10295,20224
1260,1980,10054,10415,20469
1260,1990,10157,10520,20677
1270,1270,12,19,31
1270,1280,155,185,340
1270,1290,305,342,647
1270,1300,451,484,935
1270,1310,621,644,1265
1270,1320,754,791,1545
1270,1330,894,933,1827
1270,1340,1049,1075,2124
1270,1350,1205,1237,2442
1270,1360,1358,1386,2744
1270,1370,1499,1543,3042
1270,1380,1650,1704,3354
1270,1390,1833,1840,3673
1270,1400,1965,2003,3968
1270,1410,2102,2187,4289
1270,1420,2229,2339,4568
1270,1430,2393,2494,4887
1270,1440,2539,2648,5187
1270,1450,2702,2806,5508
1270,1460,2855,2929,5784
1270,1470,3012,3080,6092
1270,1480,3148,3225,6373
1270,1490,3314,3363,6677
1270,1500,3476,3510,6986
1270,1510,3627,3661,7288
1270,1520,3775,3831,7606
1270,1530,3919,3988,7907
1270,1540,4072,4128,8200
1270,1550,4220,4274,8494
1270,1560,4411,4451,8862
1270,1570,4565,4613,9178
1270,1580,4707,4772,9479
1270,1590,4884,4925,9809
1270,1600,5016,5075,10091
1270,1610,5158,5234,10392
1270,1620,5319,5408,10727
1270,1630,5481,5563,11044
1270,1640,5629,5690,11319
1270,1650,5773,5833,11606
1270,1660,5918,5982,11900
1270,1670,6071,6111,12182
1270,1680,6190,6270,12460
1270,1690,6315,6426,12741
1270,1700,6472,6587,13059
1270,1710,6598,6744,13342
1270,1720,6752,6882,13634
1270,1730,6912,7043,13955
1270,1740,7051,7203,14254
1270,1750,7161,7353,14514
1270,1760,7274,7484,14758
1270,1770,7388,7608,14996
1270,1780,7515,7751,15266
1270,1790,7649,7875,15524
1270,1800,7794,7997,15791
1270,1810,7909,8123,16032
1270,1820,8016,8246,16262
1270,1830,8152,8374,16526
1270,1840,8284,8500,16784
1270,1850,8405,8614,17019
1270,1860,8520,8700,17220
1270,1870,8644,8831,17475
1270,1880,8782,8947,17729
1270,1890,8919,9076,17995
1270,1900,9023,9206,18229
1270,1910,9125,9322,18447
1270,1920,9225,9450,18675
1270,1930,9318,9570,18888
1270,1940,9422,9721,19143
1270,1950,9540,9865,19405
1270,1960,9670,9994,19664
1270,1970,9779,10110,19889
1270,1980,9904,10230,20134
1270,1990,10007,10335,20342
1280,1280,15,20,35
1280,1290,165,177,342
1280,1300,311,319,630
1280,1310,481,479,960
1280,1320,614,626,1240
1280,1330,754,768,1522
1280,1340,909,910,1819
1280,1350,1065,1072,2137
1280,1360,1218,1221,2439
1280,1370,1359,1378,2737
1280,1380,1510,1539,3049
1280,1390,1693,1675,3368
1280,1400,1825,1838,3663
1280,1410,1962,2022,3984
1280,1420,2089,2174,4263
1280,1430,2253,2329,4582
1280,1440,2399,2483,4882
1280,1450,2562,2641,5203
1280,1460,2715,2764,5479
1280,1470,2872,2915,5787
1280,1480,3008,3060,6068
1280,1490,3174,3198,6372
1280,1500,3336,3345,6681
1280,1510,3487,3496,6983
1280,1520,3635,3666,7301
1280,1530,3779,3823,7602
1280,1540,3932,3963,7895
1280,1550,4080,4109,8189
1280,1560,4271,4286,8557
1280,1570,4425,4448,8873
1280,1580,4567,4607,9174
1280,1590,4744,4760,9504
1280,1600,4876,4910,9786
1280,1610,5018,5069,10087
1280,1620,5179,5243,10422
1280,1630,5341,5398,10739
1280,1640,5489,5525,11014
1280,1650,5633,5668,11301
1280,1660,5778,5817,11595
1280,1670,5931,5946,11877
1280,1680,6050,6105,12155
1280,1690,6175,6261,12436
1280,1700,6332,6422,12754
1280,1710,6458,6579,13037
1280,1720,6612,6717,13329
1280,1730,6772,6878,13650
1280,1740,6911,7038,13949
1280,1750,7021,7188,14209
1280,1760,7134,7319,14453
1280,1770,7248,7443,14691
1280,1780,7375,7586,14961
1280,1790,7509,7710,15219
1280,1800,7654,7832,15486
1280,1810,7769,7958,15727
1280,1820,7876,8081,15957
1280,1830,8012,8209,16221
1280,1840,8144,8335,16479
1280,1850,8265,8449,16714
1280,1860,8380,8535,16915
1280,1870,8504,8666,17170
1280,1880,8642,8782,17424
1280,1890,8779,8911,17690
1280,1900,8883,9041,17924
1280,1910,8985,9157,18142
1280,1920,9085,9285,18370
1280,1930,9178,9405,18583
1280,1940,9282,9556,18838
1280,1950,9400,9700,19100
1280,1960,9530,9829,19359
1280,1970,9639,9945,19584
1280,1980,9764,10065,19829
1280,1990,9867,10170,20037
1290,1290,14,18,32
1290,1300,160,160,320
1290,1310,330,320,650
1290,1320,463,467,930
1290,1330,603,609,1212
1290,1340,758,751,1509
1290,1350,914,913,1827
1290,1360,1067,1062,2129
1290,1370,1208,1219,2427
1290,1380,1359,1380,2739
1290,1390,1542,1516,3058
1290,1400,1674,1679,3353
1290,1410,1811,1863,3674
1290,1420,1938,2015,3953
1290,1430,2102,2170,4272
1290,1440,2248,2324,4572
1290,1450,2411,2482,4893
1290,1460,2564,2605,5169
1290,1470,2721,2756,5477
1290,1480,2857,2901,5758
1290,1490,3023,3039,6062
1290,1500,3185,3186,6371
1290,1510,3336,3337,6673
1290,1520,3484,3507,6991
1290,1530,3628,3664,7292
1290,1540,3781,3804,7585
1290,1550,3929,3950,7879
1290,1560,4120,4127,8247
1290,1570,4274,4289,8563
1290,1580,4416,4448,8864
1290,1590,4593,4601,9194
1290,1600,4725,4751,9476
1290,1610,4867,4910,9777
1290,1620,5028,5084,10112
1290,1630,5190,5239,10429
1290,1640,5338,5366,10704
1290,1650,5482,5509,10991
1290,1660,5627,5658,11285
1290,1670,5780,5787,11567
1290,1680,5899,5946,11845
1290,1690,6024,6102,12126
1290,1700,6181,6263,12444
1290,1710,6307,6420,12727
1290,1720,6461,6558,13019
1290,1730,6621,6719,13340
1290,1740,6760,6879,13639
1290,1750,6870,7029,13899
1290,1760,6983,7160,14143
1290,1770,7097,7284,14381
1290,1780,7224,7427,14651
1290,1790,7358,7551,14909
1290,1800,7503,7673,15176
1290,1810,7618,7799,15417
1290,1820,7725,7922,15647
1290,1830,7861,8050,15911
1290,1840,7993,8176,16169
1290,1850,8114,8290,16404
1290,1860,8229,8376,16605
1290,1870,8353,8507,16860
1290,1880,8491,8623,17114
1290,1890,8628,8752,17380
1290,1900,8732,8882,17614
1290,1910,8834,8998,17832
1290,1920,8934,9126,18060
1290,1930,9027,9246,18273
1290,1940,9131,9397,18528
1290,1950,9249,9541,18790
1290,1960,9379,9670,19049
1290,1970,9488,9786,19274
1290,1980,9613,9906,19519
1290,1990,9716,10011,19727
1300,1300,18,16,34
1300,1310,188,176,364
1300,1320,321,323,644
1300,1330,461,465,926
1300,1340,616,607,1223
1300,1350,772,769,1541
1300,1360,925,918,1843
1300,1370,1066,1075,2141
1300,1380,1217,1236,2453
1300,1390,1400,1372,2772
1300,1400,1532,1535,3067
1300,1410,1669,1719,3388
1300,1420,1796,1871,3667
1300,1430,1960,2026,3986
1300,1440,2106,2180,4286
1300,1450,2269,2338,4607
1300,1460,2422,2461,4883
1300,1470,2579,2612,5191
1300,1480,2715,2757,5472
1300,1490,2881,2895,5776
1300,1500,3043,3042,6085
1300,1510,3194,3193,6387
1300,1520,3342,3363,6705
1300,1530,3486,3520,7006
1300,1540,3639,3660,7299
1300,1550,3787,3806,7593
1300,1560,3978,3983,7961
1300,1570,4132,4145,8277
1300,1580,4274,4304,8578
1300,1590,4451,4457,8908
1300,1600,4583,4607,9190
1300,1610,4725,4766,9491
1300,1620,4886,4940,9826
1300,1630,5048,5095,10143
1300,1640,5196,5222,10418
1300,1650,5340,5365,10705
1300,1660,5485,5514,10999
1300,1670,5638,5643,11281
1300,1680,5757,5802,11559
1300,1690,5882,5958,11840
1300,1700,6039,6119,12158
1300,1710,6165,6276,12441
1300,1720,6319,6414,12733
1300,1730,6479,6575,13054
1300,1740,6618,6735,13353
1300,1750,6728,6885,13613
1300,1760,6841,7016,13857
1300,1770,6955,7140,14095
1300,1780,7082,7283,14365
1300,1790,7216,7407,14623
1300,1800,7361,7529,14890
1300,1810,7476,7655,15131
1300,1820,7583,7778,15361
1300,1830,7719,7906,15625
1300,1840,7851,8032,15883
1300,1850,7972,8146,16118
1300,1860,8087,8232,16319
1300,1870,8211,8363,16574
1300,1880,8349,8479,16828
1300,1890,8486,8608,17094
1300,1900,8590,8738,17328
1300,1910,8692,8854,17546
1300,1920,8792,8982,17774
1300,1930,8885,9102,17987
1300,1940,8989,9253,18242
1300,1950,9107,9397,18504
1300,1960,9237,9526,18763
1300,1970,9346,9642,18988
1300,1980,9471,9762,19233
1300,1990,9574,9867,19441
1310,1310,17,21,38
1310,1320,150,168,318
1310,1330,290,310,600
1310,1340,445,452,897
1310,1350,601,614,1215
1310,1360,754,763,1517
1310,1370,895,920,1815
1310,1380,1046,1081,2127
1310,1390,1229,1217,2446
1310,1400,1361,1380,2741
1310,1410,1498,1564,3062
1310,1420,1625,1716,3341
1310,1430,1789,1871,3660
1310,1440,1935,2025,3960
1310,1450,2098,2183,4281
1310,1460,2251,2306,4557
1310,1470,2408,2457,4865
1310,1480,2544,2602,5146
1310,1490,2710,2740,5450
1310,1500,2872,2887,5759
1310,1510,3023,3038,6061
1310,1520,3171,3208,6379
1310,1530,3315,3365,6680
1310,1540,3468,3505,6973
1310,1550,3616,3651,7267
1310,1560,3807,3828,7635
1310,1570,3961,3990,7951
1310,1580,4103,4149,8252
1310,1590,4280,4302,8582
1310,1600,4412,4452,8864
1310,1610,4554,4611,9165
1310,1620,4715,4785,9500
1310,1630,4877,4940,9817
1310,1640,5025,5067,10092
1310,1650,5169,5210,10379
1310,1660,5314,5359,10673
1310,1670,5467,5488,10955
1310,1680,5586,5647,11233
1310,1690,5711,5803,11514
1310,1700,5868,5964,11832
1310,1710,5994,6121,12115
1310,1720,6148,6259,12407
1310,1730,6308,6420,12728
1310,1740,6447,6580,13027
1310,1750,6557,6730,13287
1310,1760,6670,6861,13531
1310,1770,6784,6985,13769
1310,1780,6911,7128,14039
1310,1790,7045,7252,14297
1310,1800,7190,7374,14564
1310,1810,7305,7500,14805
1310,1820,7412,7623,15035
1310,1830,7548,7751,15299
1310,1840,7680,7877,15557
1310,1850,7801,7991,15792
1310,1860,7916,8077,15993
1310,1870,8040,8208,16248
1310,1880,8178,8324,16502
1310,1890,8315,8453,16768
1310,1900,8419,8583,17002
1310,1910,8521,8699,17220
1310,1920,8621,8827,17448
1310,1930,8714,8947,17661
1310,1940,8818,9098,17916
1310,1950,8936,9242,18178
1310,1960,9066,9371,18437
1310,1970,9175,9487,18662
1310,1980,9300,9607,18907
1310,1990,9403,9712,19115
1320,1320,14,20,34
1320,1330,154,162,316
1320,1340,309,304,613
1320,1350,465,466,931
1320,1360,618,615,1233
1320,1370,759,772,1531
1320,1380,910,933,1843
1320,1390,1093,1069,2162
1320,1400,1225,1232,2457
1320,1410,1362,1416,2778
1320,1420,1489,1568,3057
1320,1430,1653,1723,3376
1320,1440,1799,1877,3676
1320,1450,1962,2035,3997
1320,1460,2115,2158,4273
1320,1470,2272,2309,4581
1320,1480,2408,2454,4862
1320,1490,2574,2592,5166
1320,1500,2736,2739,5475
1320,1510,2887,2890,5777
1320,1520,3035,3060,6095
1320,1530,3179,3217,6396
1320,1540,3332,3357,6689
1320,1550,3480,3503,6983
1320,1560,3671,3680,7351
1320,1570,3825,3842,7667
1320,1580,3967,4001,7968
1320,1590,4144,4154,8298
1320,1600,4276,4304,8580
1320,1610,4418,4463,8881
1320,1620,4579,4637,9216
1320,1630,4741,4792,9533
1320,1640,4889,4919,9808
1320,1650,5033,5062,10095
1320,1660,5178,5211,10389
1320,1670,5331,5340,10671
1320,1680,5450,5499,10949
1320,1690,5575,5655,11230
1320,1700,5732,5816,11548
1320,1710,5858,5973,11831
1320,1720,6012,6111,12123
1320,1730,6172,6272,12444
1320,1740,6311,6432,12743
1320,1750,6421,6582,13003
1320,1760,6534,6713,13247
1320,1770,6648,6837,13485
1320,1780,6775,6980,13755
1320,1790,6909,7104,14013
1320,1800,7054,7226,14280
1320,1810,7169,7352,14521
1320,1820,7276,7475,14751
1320,1830,7412,7603,15015
1320,1840,7544,7729,15273
1320,1850,7665,7843,15508
1320,1860,7780,7929,15709
1320,1870,7904,8060,15964
1320,1880,8042,8176,16218
1320,1890,8179,8305,16484
1320,1900,8283,8435,16718
1320,1910,8385,8551,16936
1320,1920,8485,8679,17164
1320,1930,8578,8799,17377
1320,1940,8682,8950,17632
1320,1950,8800,9094,17894
1320,1960,8930,9223,18153
1320,1970,9039,9339,18378
1320,1980,9164,9459,18623
1320,1990,9267,9564,18831
1330,1330,13,12,25
1330,1340,168,154,322
1330,1350,324,316,640
1330,1360,477,465,942
1330,1370,618,622,1240
1330,1380,769,783,1552
1330,1390,952,919,1871
1330,1400,1084,1082,2166
1330,1410,1221,1266,2487
1330,1420,1348,1418,2766
1330,1430,1512,1573,3085
1330,1440,1658,1727,3385
1330,1450,1821,1885,3706
1330,1460,1974,2008,3982
1330,1470,2131,2159,4290
1330,1480,2267,2304,4571
1330,1490,2433,2442,4875
1330,1500,2595,2589,5184
1330,1510,2746,2740,5486
1330,1520,2894,2910,5804
1330,1530,3038,3067,6105
1330,1540,3191,3207,6398
1330,1550,3339,3353,6692
1330,1560,3530,3530,7060
1330,1570,3684,3692,7376
1330,1580,3826,3851,7677
1330,1590,4003,4004,8007
1330,1600,4135,4154,8289
1330,1610,4277,4313,8590
1330,1620,4438,4487,8925
1330,1630,4600,4642,9242
1330,1640,4748,4769,9517
1330,1650,4892,4912,9804
1330,1660,5037,5061,10098
1330,1670,5190,5190,10380
1330,1680,5309,5349,10658
1330,1690,5434,5505,10939
1330,1700,5591,5666,11257
1330,1710,5717,5823,11540
1330,1720,5871,5961,11832
1330,1730,6031,6122,12153
1330,1740,6170,6282,12452
1330,1750,6280,6432,12712
1330,1760,6393,6563,12956
1330,1770,6507,6687,13194
1330,1780,6634,6830,13464
1330,1790,6768,6954,13722
1330,1800,6913,7076,13989
1330,1810,7028,7202,14230
1330,1820,7135,7325,14460
1330,1830,7271,7453,14724
1330,1840,7403,7579,14982
1330,1850,7524,7693,15217
1330,1860,7639,7779,15418
1330,1870,7763,7910,15673
1330,1880,7901,8026,15927
1330,1890,8038,8155,16193
1330,1900,8142,8285,16427
1330,1910,8244,8401,16645
1330,1920,8344,8529,16873
1330,1930,8437,8649,17086
1330,1940,8541,8800,17341
1330,1950,8659,8944,17603
1330,1960,8789,9073,17862
1330,1970,8898,9189,18087
1330,1980,9023,9309,18332
1330,1990,9126,9414,18540
1340,1340,22,14,36
1340,1350,178,176,354
1340,1360,331,325,656
1340,1370,472,482,954
1340,1380,623,643,1266
1340,1390,806,779,1585
1340,1400,938,942,1880
1340,1410,1075,1126,2201
1340,1420,1202,1278,2480
1340,1430,1366,1433,2799
1340,1440,1512,1587,3099
1340,1450,1675,1745,3420
1340,1460,1828,1868,3696
1340,1470,1985,2019,4004
1340,1480,2121,2164,4285
1340,1490,2287,2302,4589
1340,1500,2449,2449,4898
1340,1510,2600,2600,5200
1340,1520,2748,2770,5518
1340,1530,2892,2927,5819
1340,1540,3045,3067,6112
1340,1550,3193,3213,6406
1340,1560,3384,3390,6774
1340,1570,3538,3552,7090
1340,1580,3680,3711,7391
1340,1590,3857,3864,7721
1340,1600,3989,4014,8003
1340,1610,4131,4173,8304
1340,1620,4292,4347,8639
1340,1630,4454,4502,8956
1340,1640,4602,4629,9231
1340,1650,4746,4772,9518
1340,1660,4891,4921,9812
1340,1670,5044,5050,10094
1340,1680,5163,5209,10372
1340,1690,5288,5365,10653
1340,1700,5445,5526,10971
1340,1710,5571,5683,11254
1340,1720,5725,5821,11546
1340,1730,5885,5982,11867
1340,1740,6024,6142,12166
1340,1750,6134,6292,12426
1340,1760,6247,6423,12670
1340,1770,6361,6547,12908
1340,1780,6488,6690,13178
1340,1790,6622,6814,13436
1340,1800,6767,6936,13703
1340,1810,6882,7062,13944
1340,1820,6989,7185,14174
1340,1830,7125,7313,14438
1340,1840,7257,7439,14696
1340,1850,7378,7553,14931
1340,1860,7493,7639,15132
1340,1870,7617,7770,15387
1340,1880,7755,7886,15641
1340,1890,7892,8015,15907
1340,1900,7996,8145,16141
1340,1910,8098,8261,16359
1340,1920,8198,8389,16587
1340,1930,8291,8509,16800
1340,1940,8395,8660,17055
1340,1950,8513,8804,17317
1340,1960,8643,8933,17576
1340,1970,8752,9049,17801
1340,1980,8877,9169,18046
1340,1990,8980,9274,18254
1350,1350,16,14,30
1350,1360,169,163,332
1350,1370,310,320,630
1350,1380,461,481,942
1350,1390,644,617,1261
1350,1400,776,780,1556
1350,1410,913,964,1877
1350,1420,1040,1116,2156
1350,1430,1204,1271,2475
1350,1440,1350,1425,2775
1350,1450,1513,1583,3096
1350,1460,1666,1706,3372
1350,1470,1823,1857,3680
1350,1480,1959,2002,3961
1350,1490,2125,2140,4265
1350,1500,2287,2287,4574
1350,1510,2438,2438,4876
1350,1520,2586,2608,5194
1350,1530,2730,2765,5495
1350,1540,2883,2905,5788
1350,1550,3031,3051,6082
1350,1560,3222,3228,6450
1350,1570,3376,3390,6766
1350,1580,3518,3549,7067
1350,1590,3695,3702,7397
1350,1600,3827,3852,7679
1350,1610,3969,4011,7980
1350,1620,4130,4185,8315
1350,1630,4292,4340,8632
1350,1640,4440,4467,8907
1350,1650,4584,4610,9194
1350,1660,4729,4759,9488
1350,1670,4882,4888,9770
1350,1680,5001,5047,10048
1350,1690,5126,5203,10329
1350,1700,5283,5364,10647
1350,1710,5409,5521,10930
1350,1720,5563,5659,11222
1350,1730,5723,5820,11543
1350,1740,5862,5980,11842
1350,1750,5972,6130,12102
1350,1760,6085,6261,12346
1350,1770,6199,6385,12584
1350,1780,6326,6528,12854
1350,1790,6460,6652,13112
1350,1800,6605,6774,13379
1350,1810,6720,6900,13620
1350,1820,6827,7023,13850
1350,1830,6963,7151,14114
1350,1840,7095,7277,14372
1350,1850,7216,7391,14607
1350,1860,7331,7477,14808
1350,1870,7455,7608,15063
1350,1880,7593,7724,15317
1350,1890,7730,7853,15583
1350,1900,7834,7983,15817
1350,1910,7936,8099,16035
1350,1920,8036,8227,16263
1350,1930,8129,8347,16476
1350,1940,8233,8498,16731
1350,1950,8351,8642,16993
1350,1960,8481,8771,17252
1350,1970,8590,8887,17477
1350,1980,8715,9007,17722
1350,1990,8818,9112,17930
1360,1360,14,14,28
1360,1370,155,171,326
1360,1380,306,332,638
1360,1390,489,468,957
1360,1400,621,631,1252
1360,1410,758,815,1573
1360,1420,885,967,1852
1360,1430,1049,1122,2171
1360,1440,1195,1276,2471
1360,1450,1358,1434,2792
1360,1460,1511,1557,3068
1360,1470,1668,1708,3376
1360,1480,1804,1853,3657
1360,1490,1970,1991,3961
1360,1500,2132,2138,4270
1360,1510,2283,2289,4572
1360,1520,2431,2459,4890
1360,1530,2575,2616,5191
1360,1540,2728,2756,5484
1360,1550,2876,2902,5778
1360,1560,3067,3079,6146
1360,1570,3221,3241,6462
1360,1580,3363,3400,6763
1360,1590,3540,3553,7093
1360,1600,3672,3703,7375
1360,1610,3814,3862,7676
1360,1620,3975,4036,8011
1360,1630,4137,4191,8328
1360,1640,4285,4318,8603
1360,1650,4429,4461,8890
1360,1660,4574,4610,9184
1360,1670,4727,4739,9466
1360,1680,4846,4898,9744
1360,1690,4971,5054,10025
1360,1700,5128,5215,10343
1360,1710,5254,5372,10626
1360,1720,5408,5510,10918
1360,1730,5568,5671,11239
1360,1740,5707,5831,11538
1360,1750,5817,5981,11798
1360,1760,5930,6112,12042
1360,1770,6044,6236,12280
1360,1780,6171,6379,12550
1360,1790,6305,6503,12808
1360,1800,6450,6625,13075
1360,1810,6565,6751,13316
1360,1820,6672,6874,13546
1360,1830,6808,7002,13810
1360,1840,6940,7128,14068
1360,1850,7061,7242,14303
1360,1860,7176,7328,14504
1360,1870,7300,7459,14759
1360,1880,7438,7575,15013
1360,1890,7575,7704,15279
1360,1900,7679,7834,15513
1360,1910,7781,7950,15731
1360,1920,7881,8078,15959
1360,1930,7974,8198,16172
1360,1940,8078,8349,16427
1360,1950,8196,8493,16689
1360,1960,8326,8622,16948
1360,1970,8435,8738,17173
1360,1980,8560,8858,17418
1360,1990,8663,8963,17626
1370,1370,14,23,37
1370,1380,165,184,349
1370,1390,348,320,668
1370,1400,480,483,963
1370,1410,617,667,1284
1370,1420,744,819,1563
1370,1430,908,974,1882
1370,1440,1054,1128,2182
1370,1450,1217,1286,2503
1370,1460,1370,1409,2779
1370,1470,1527,1560,3087
1370,1480,1663,1705,3368
1370,1490,1829,1843,3672
1370,1500,1991,1990,3981
1370,1510,2142,2141,4283
1370,1520,2290,2311,4601
1370,1530,2434,2468,4902
1370,1540,2587,2608,5195
1370,1550,2735,2754,5489
1370,1560,2926,2931,5857
1370,1570,3080,3093,6173
1370,1580,3222,3252,6474
1370,1590,3399,3405,6804
1370,1600,3531,3555,7086
1370,1610,3673,3714,7387
1370,1620,3834,3888,7722
1370,1630,3996,4043,8039
1370,1640,4144,4170,8314
1370,1650,4288,4313,8601
1370,1660,4433,4462,8895
1370,1670,4586,4591,9177
1370,1680,4705,4750,9455
1370,1690,4830,4906,9736
1370,1700,4987,5067,10054
1370,1710,5113,5224,10337
1370,1720,5267,5362,10629
1370,1730,5427,5523,10950
1370,1740,5566,5683,11249
1370,1750,5676,5833,11509
1370,1760,5789,5964,11753
1370,1770,5903,6088,11991
1370,1780,6030,6231,12261
1370,1790,6164,6355,12519
1370,1800,6309,6477,12786
1370,1810,6424,6603,13027
1370,1820,6531,6726,13257
1370,1830,6667,6854,13521
1370,1840,6799,6980,13779
1370,1850,6920,7094,14014
1370,1860,7035,7180,14215
1370,1870,7159,7311,14470
1370,1880,7297,7427,14724
1370,1890,7434,7556,14990
1370,1900,7538,7686,15224
1370,1910,7640,7802,15442
1370,1920,7740,7930,15670
1370,1930,7833,8050,15883
1370,1940,7937,8201,16138
1370,1950,8055,8345,16400
1370,1960,8185,8474,16659
1370,1970,8294,8590,16884
1370,1980,8419,8710,17129
1370,1990,8522,8815,17337
1380,1380,17,24,41
1380,1390,200,160,360
1380,1400,332,323,655
1380,1410,469,507,976
1380,1420,596,659,1255
1380,1430,760,814,1574
1380,1440,906,968,1874
1380,1450,1069,1126,2195
1380,1460,1222,1249,2471
1380,1470,1379,1400,2779
1380,1480,1515,1545,3060
1380,1490,1681,1683,3364
1380,1500,1843,1830,3673
1380,1510,1994,1981,3975
1380,1520,2142,2151,4293
1380,1530,2286,2308,4594
1380,1540,2439,2448,4887
1380,1550,2587,2594,5181
1380,1560,2778,2771,5549
1380,1570,2932,2933,5865
1380,1580,3074,3092,6166
1380,1590,3251,3245,6496
1380,1600,3383,3395,6778
1380,1610,3525,3554,7079
1380,1620,3686,3728,7414
1380,1630,3848,3883,7731
1380,1640,3996,4010,8006
1380,1650,4140,4153,8293
1380,1660,4285,4302,8587
1380,1670,4438,4431,8869
1380,1680,4557,4590,9147
1380,1690,4682,4746,9428
1380,1700,4839,4907,9746
1380,1710,4965,5064,10029
1380,1720,5119,5202,10321
1380,1730,5279,5363,10642
1380,1740,5418,5523,10941
1380,1750,5528,5673,11201
1380,1760,5641,5804,11445
1380,1770,5755,5928,11683
1380,1780,5882,6071,11953
1380,1790,6016,6195,12211
1380,1800,6161,6317,12478
1380,1810,6276,6443,12719
1380,1820,6383,6566,12949
1380,1830,6519,6694,13213
1380,1840,6651,6820,13471
1380,1850,6772,6934,13706
1380,1860,6887,7020,13907
1380,1870,7011,7151,14162
1380,1880,7149,7267,14416
1380,1890,7286,7396,14682
1380,1900,7390,7526,14916
1380,1910,7492,7642,15134
1380,1920,7592,7770,15362
1380,1930,7685,7890,15575
1380,1940,7789,8041,15830
1380,1950,7907,8185,16092
1380,1960,8037,8314,16351
1380,1970,8146,8430,16576
1380,1980,8271,8550,16821
1380,1990,8374,8655,17029
1390,1390,17,15,32
1390,1400,149,178,327
1390,1410,286,362,648
1390,1420,413,514,927
1390,1430,577,669,1246
1390,1440,723,823,1546
1390,1450,886,981,1867
1390,1460,1039,1104,2143
1390,1470,1196,1255,2451
1390,1480,1332,1400,2732
1390,1490,1498,1538,3036
1390,1500,1660,1685,3345
1390,1510,1811,1836,3647
1390,1520,1959,2006,3965
1390,1530,2103,2163,4266
1390,1540,2256,2303,4559
1390,1550,2404,2449,4853
1390,1560,2595,2626,5221
1390,1570,2749,2788,5537
1390,1580,2891,2947,5838
1390,1590,3068,3100,6168
1390,1600,3200,3250,6450
1390,1610,3342,3409,6751
1390,1620,3503,3583,7086
1390,1630,3665,3738,7403
1390,1640,3813,3865,7678
1390,1650,3957,4008,7965
1390,1660,4102,4157,8259
1390,1670,4255,4286,8541
1390,1680,4374,4445,8819
1390,1690,4499,4601,9100
1390,1700,4656,4762,9418
1390,1710,4782,4919,9701
1390,1720,4936,5057,9993
1390,1730,5096,5218,10314
1390,1740,5235,5378,10613
1390,1750,5345,5528,10873
1390,1760,5458,5659,11117
1390,1770,5572,5783,11355
1390,1780,5699,5926,11625
1390,1790,5833,6050,11883
1390,1800,5978,6172,12150
1390,1810,6093,6298,12391
1390,1820,6200,6421,12621
1390,1830,6336,6549,12885
1390,1840,6468,6675,13143
1390,1850,6589,6789,13378
1390,1860,6704,6875,13579
1390,1870,6828,7006,13834
1390,1880,6966,7122,14088
1390,1890,7103,7251,14354
1390,1900,7207,7381,14588
1390,1910,7309,7497,14806
1390,1920,7409,7625,15034
1390,1930,7502,7745,15247
1390,1940,7606,7896,15502
1390,1950,7724,8040,15764
1390,1960,7854,8169,16023
1390,1970,7963,8285,16248
1390,1980,8088,8405,16493
1390,1990,8191,8510,16701
1400,1400,10,14,24
1400,1410,147,198,345
1400,1420,274,350,624
1400,1430,438,505,943
1400,1440,584,659,1243
1400,1450,747,817,1564
1400,1460,900,940,1840
1400,1470,1057,1091,2148
1400,1480,1193,1236,2429
1400,1490,1359,1374,2733
1400,1500,1521,1521,3042
1400,1510,1672,1672,3344
1400,1520,1820,1842,3662
1400,1530,1964,1999,3963
1400,1540,2117,2139,4256
1400,1550,2265,2285,4550
1400,1560,2456,2462,4918
1400,1570,2610,2624,5234
1400,1580,2752,2783,5535
1400,1590,2929,2936,5865
1400,1600,3061,3086,6147
1400,1610,3203,3245,6448
1400,1620,3364,3419,6783
1400,1630,3526,3574,7100
1400,1640,3674,3701,7375
1400,1650,3818,3844,7662
1400,1660,3963,3993,7956
1400,1670,4116,4122,8238
1400,1680,4235,4281,8516
1400,1690,4360,4437,8797
1400,1700,4517,4598,9115
1400,1710,4643,4755,9398
1400,1720,4797,4893,9690
1400,1730,4957,5054,10011
1400,1740,5096,5214,10310
1400,1750,5206,5364,10570
1400,1760,5319,5495,10814
1400,1770,5433,5619,11052
1400,1780,5560,5762,11322
1400,1790,5694,5886,11580
1400,1800,5839,6008,11847
1400,1810,5954,6134,12088
1400,1820,6061,6257,12318
1400,1830,6197,6385,12582
1400,1840,6329,6511,12840
1400,1850,6450,6625,13075
1400,1860,6565,6711,13276
1400,1870,6689,6842,13531
1400,1880,6827,6958,13785
1400,1890,6964,7087,14051
1400,1900,7068,7217,14285
1400,1910,7170,7333,14503
1400,1920,7270,7461,14731
1400,1930,7363,7581,14944
1400,1940,7467,7732,15199
1400,1950,7585,7876,15461
1400,1960,7715,8005,15720
1400,1970,7824,8121,15945
1400,1980,7949,8241,16190
1400,1990,8052,8346,16398
1410,1410,9,20,29
1410,1420,136,172,308
1410,1430,300,327,627
1410,1440,446,481,927
1410,1450,609,639,1248
1410,1460,762,762,1524
1410,1470,919,913,1832
1410,1480,1055,1058,2113
1410,1490,1221,1196,2417
1410,1500,1383,1343,2726
1410,1510,1534,1494,3028
1410,1520,1682,1664,3346
1410,1530,1826,1821,3647
1410,1540,1979,1961,3940
1410,1550,2127,2107,4234
1410,1560,2318,2284,4602
1410,1570,2472,2446,4918
1410,1580,2614,2605,5219
1410,1590,2791,2758,5549
1410,1600,2923,2908,5831
1410,1610,3065,3067,6132
1410,1620,3226,3241,6467
1410,1630,3388,3396,6784
1410,1640,3536,3523,7059
1410,1650,3680,3666,7346
1410,1660,3825,3815,7640
1410,1670,3978,3944,7922
1410,1680,4097,4103,8200
1410,1690,4222,4259,8481
1410,1700,4379,4420,8799
1410,1710,4505,4577,9082
1410,1720,4659,4715,9374
1410,1730,4819,4876,9695
1410,1740,4958,5036,9994
1410,1750,5068,5186,10254
1410,1760,5181,5317,10498
1410,1770,5295,5441,10736
1410,1780,5422,5584,11006
1410,1790,5556,5708,11264
1410,1800,5701,5830,11531
1410,1810,5816,5956,11772
1410,1820,5923,6079,12002
1410,1830,6059,6207,12266
1410,1840,6191,6333,12524
1410,1850,6312,6447,12759
1410,1860,6427,6533,12960
1410,1870,6551,6664,13215
1410,1880,6689,6780,13469
1410,1890,6826,6909,13735
1410,1900,6930,7039,13969
1410,1910,7032,7155,14187
1410,1920,7132,7283,14415
1410,1930,7225,7403,14628
1410,1940,7329,7554,14883
1410,1950,7447,7698,15145
1410,1960,7577,7827,15404
1410,1970,7686,7943,15629
1410,1980,7811,8063,15874
1410,1990,7914,8168,16082
1420,1420,18,18,36
1420,1430,182,173,355
1420,1440,328,327,655
1420,1450,491,485,976
1420,1460,644,608,1252
1420,1470,801,759,1560
1420,1480,937,904,1841
1420,1490,1103,1042,2145
1420,1500,1265,1189,2454
1420,1510,1416,1340,2756
1420,1520,1564,1510,3074
1420,1530,1708,1667,3375
1420,1540,1861,1807,3668
1420,1550,2009,1953,3962
1420,1560,2200,2130,4330
1420,1570,2354,2292,4646
1420,1580,2496,2451,4947
1420,1590,2673,2604,5277
1420,1600,2805,2754,5559
1420,1610,2947,2913,5860
1420,1620,3108,3087,6195
1420,1630,3270,3242,6512
1420,1640,3418,3369,6787
1420,1650,3562,3512,7074
1420,1660,3707,3661,7368
1420,1670,3860,3790,7650
1420,1680,3979,3949,7928
1420,1690,4104,4105,8209
1420,1700,4261,4266,8527
1420,1710,4387,4423,8810
1420,1720,4541,4561,9102
1420,1730,4701,4722,9423
1420,1740,4840,4882,9722
1420,1750,4950,5032,9982
1420,1760,5063,5163,10226
1420,1770,5177,5287,10464
1420,1780,5304,5430,10734
1420,1790,5438,5554,10992
1420,1800,5583,5676,11259
1420,1810,5698,5802,11500
1420,1820,5805,5925,11730
1420,1830,5941,6053,11994
1420,1840,6073,6179,12252
1420,1850,6194,6293,12487
1420,1860,6309,6379,12688
1420,1870,6433,6510,12943
1420,1880,6571,6626,13197
1420,1890,6708,6755,13463
1420,1900,6812,6885,13697
1420,1910,6914,7001,13915
1420,1920,7014,7129,14143
1420,1930,7107,7249,14356
1420,1940,7211,7400,14611
1420,1950,7329,7544,14873
1420,1960,7459,7673,15132
1420,1970,7568,7789,15357
1420,1980,7693,7909,15602
1420,1990,7796,8014,15810
1430,1430,13,19,32
1430,1440,159,173,332
1430,1450,322,331,653
1430,1460,475,454,929
1430,1470,632,605,1237
1430,1480,768,750,1518
1430,1490,934,888,1822
1430,1500,1096,1035,2131
1430,1510,1247,1186,2433
1430,1520,1395,1356,2751
1430,1530,1539,1513,3052
1430,1540,1692,1653,3345
1430,1550,1840,1799,3639
1430,1560,2031,1976,4007
1430,1570,2185,2138,4323
1430,1580,2327,2297,4624
1430,1590,2504,2450,4954
1430,1600,2636,2600,5236
1430,1610,2778,2759,5537
1430,1620,2939,2933,5872
1430,1630,3101,3088,6189
1430,1640,3249,3215,6464
1430,1650,3393,3358,6751
1430,1660,3538,3507,7045
1430,1670,3691,3636,7327
1430,1680,3810,3795,7605
1430,1690,3935,3951,7886
1430,1700,4092,4112,8204
1430,1710,4218,4269,8487
1430,1720,4372,4407,8779
1430,1730,4532,4568,9100
1430,1740,4671,4728,9399
1430,1750,4781,4878,9659
1430,1760,4894,5009,9903
1430,1770,5008,5133,10141
1430,1780,5135,5276,10411
1430,1790,5269,5400,10669
1430,1800,5414,5522,10936
1430,1810,5529,5648,11177
1430,1820,5636,5771,11407
1430,1830,5772,5899,11671
1430,1840,5904,6025,11929
1430,1850,6025,6139,12164
1430,1860,6140,6225,12365
1430,1870,6264,6356,12620
1430,1880,6402,6472,12874
1430,1890,6539,6601,13140
1430,1900,6643,6731,13374
1430,1910,6745,6847,13592
1430,1920,6845,6975,13820
1430,1930,6938,7095,14033
1430,1940,7042,7246,14288
1430,1950,7160,7390,14550
1430,1960,7290,7519,14809
1430,1970,7399,7635,15034
1430,1980,7524,7755,15279
1430,1990,7627,7860,15487
1440,1440,14,18,32
1440,1450,177,176,353
1440,1460,330,299,629
1440,1470,487,450,937
1440,1480,623,595,1218
1440,1490,789,733,1522
1440,1500,951,880,1831
1440,1510,1102,1031,2133
1440,1520,1250,1201,2451
1440,1530,1394,1358,2752
1440,1540,1547,1498,3045
1440,1550,1695,1644,3339
1440,1560,1886,1821,3707
1440,1570,2040,1983,4023
1440,1580,2182,2142,4324
1440,1590,2359,2295,4654
1440,1600,2491,2445,4936
1440,1610,2633,2604,5237
1440,1620,2794,2778,5572
1440,1630,2956,2933,5889
1440,1640,3104,3060,6164
1440,1650,3248,3203,6451
1440,1660,3393,3352,6745
1440,1670,3546,3481,7027
1440,1680,3665,3640,7305
1440,1690,3790,3796,7586
1440,1700,3947,3957,7904
1440,1710,4073,4114,8187
1440,1720,4227,4252,8479
1440,1730,4387,4413,8800
1440,1740,4526,4573,9099
1440,1750,4636,4723,9359
1440,1760,4749,4854,9603
1440,1770,4863,4978,9841
1440,1780,4990,5121,10111
1440,1790,5124,5245,10369
1440,1800,5269,5367,10636
1440,1810,5384,5493,10877
1440,1820,5491,5616,11107
1440,1830,5627,5744,11371
1440,1840,5759,5870,11629
1440,1850,5880,5984,11864
1440,1860,5995,6070,12065
1440,1870,6119,6201,12320
1440,1880,6257,6317,12574
1440,1890,6394,6446,12840
1440,1900,6498,6576,13074
1440,1910,6600,6692,13292
1440,1920,6700,6820,13520
1440,1930,6793,6940,13733
1440,1940,6897,7091,13988
1440,1950,7015,7235,14250
1440,1960,7145,7364,14509
1440,1970,7254,7480,14734
1440,1980,7379,7600,14979
1440,1990,7482,7705,15187
1450,1450,16,15,31
1450,1460,169,138,307
1450,1470,326,289,615
1450,1480,462,434,896
1450,1490,628,572,1200
1450,1500,790,719,1509
1450,1510,941,870,1811
1450,1520,1089,1040,2129
1450,1530,1233,1197,2430
1450,1540,1386,1337,2723
1450,1550,1534,1483,3017
1450,1560,1725,1660,3385
1450,1570,1879,1822,3701
1450,1580,2021,1981,4002
1450,1590,2198,2134,4332
1450,1600,2330,2284,4614
1450,1610,2472,2443,4915
1450,1620,2633,2617,5250
1450,1630,2795,2772,5567
1450,1640,2943,2899,5842
1450,1650,3087,3042,6129
1450,1660,3232,3191,6423
1450,1670,3385,3320,6705
1450,1680,3504,3479,6983
1450,1690,3629,3635,7264
1450,1700,3786,3796,7582
1450,1710,3912,3953,7865
1450,1720,4066,4091,8157
1450,1730,4226,4252,8478
1450,1740,4365,4412,8777
1450,1750,4475,4562,9037
1450,1760,4588,4693,9281
1450,1770,4702,4817,9519
1450,1780,4829,4960,9789
1450,1790,4963,5084,10047
1450,1800,5108,5206,10314
1450,1810,5223,5332,10555
1450,1820,5330,5455,10785
1450,1830,5466,5583,11049
1450,1840,5598,5709,11307
1450,1850,5719,5823,11542
1450,1860,5834,5909,11743
1450,1870,5958,6040,11998
1450,1880,6096,6156,12252
1450,1890,6233,6285,12518
1450,1900,6337,6415,12752
1450,1910,6439,6531,12970
1450,1920,6539,6659,13198
1450,1930,6632,6779,13411
1450,1940,6736,6930,13666
1450,1950,6854,7074,13928
1450,1960,6984,7203,14187
1450,1970,7093,7319,14412
1450,1980,7218,7439,14657
1450,1990,7321,7544,14865
1460,1460,14,8,22
1460,1470,171,159,330
1460,1480,307,304,611
1460,1490,473,442,915
1460,1500,635,589,1224
1460,1510,786,740,1526
1460,1520,934,910,1844
1460,1530,1078,1067,2145
1460,1540,1231,1207,2438
1460,1550,1379,1353,2732
1460,1560,1570,1530,3100
1460,1570,1724,1692,3416
1460,1580,1866,1851,3717
1460,1590,2043,2004,4047
1460,1600,2175,2154,4329
1460,1610,2317,2313,4630
1460,1620,2478,2487,4965
1460,1630,2640,2642,5282
1460,1640,2788,2769,5557
1460,1650,2932,2912,5844
1460,1660,3077,3061,6138
1460,1670,3230,3190,6420
1460,1680,3349,3349,6698
1460,1690,3474,3505,6979
1460,1700,3631,3666,7297
1460,1710,3757,3823,7580
1460,1720,3911,3961,7872
1460,1730,4071,4122,8193
1460,1740,4210,4282,8492
1460,1750,4320,4432,8752
1460,1760,4433,4563,8996
1460,1770,4547,4687,9234
1460,1780,4674,4830,9504
1460,1790,4808,4954,9762
1460,1800,4953,5076,10029
1460,1810,5068,5202,10270
1460,1820,5175,5325,10500
1460,1830,5311,5453,10764
1460,1840,5443,5579,11022
1460,1850,5564,5693,11257
1460,1860,5679,5779,11458
1460,1870,5803,5910,11713
1460,1880,5941,6026,11967
1460,1890,6078,6155,12233
1460,1900,6182,6285,12467
1460,1910,6284,6401,12685
1460,1920,6384,6529,12913
1460,1930,6477,6649,13126
1460,1940,6581,6800,13381
1460,1950,6699,6944,13643
1460,1960,6829,7073,13902
1460,1970,6938,7189,14127
1460,1980,7063,7309,14372
1460,1990,7166,7414,14580
1470,1470,18,15,33
1470,1480,154,160,314
1470,1490,320,298,618
1470,1500,482,445,927
1470,1510,633,596,1229
1470,1520,781,766,1547
1470,1530,925,923,1848
1470,1540,1078,1063,2141
1470,1550,1226,1209,2435
1470,1560,1417,1386,2803
1470,1570,1571,1548,3119
1470,1580,1713,1707,3420
1470,1590,1890,1860,3750
1470,1600,2022,2010,4032
1470,1610,2164,2169,4333
1470,1620,2325,2343,4668
1470,1630,2487,2498,4985
1470,1640,2635,2625,5260
1470,1650,2779,2768,5547
1470,1660,2924,2917,5841
1470,1670,3077,3046,6123
1470,1680,3196,3205,6401
1470,1690,3321,3361,6682
1470,1700,3478,3522,7000
1470,1710,3604,3679,7283
1470,1720,3758,3817,7575
1470,1730,3918,3978,7896
1470,1740,4057,4138,8195
1470,1750,4167,4288,8455
1470,1760,4280,4419,8699
1470,1770,4394,4543,8937
1470,1780,4521,4686,9207
1470,1790,4655,4810,9465
1470,1800,4800,4932,9732
1470,1810,4915,5058,9973
1470,1820,5022,5181,10203
1470,1830,5158,5309,10467
1470,1840,5290,5435,10725
1470,1850,5411,5549,10960
1470,1860,5526,5635,11161
1470,1870,5650,5766,11416
1470,1880,5788,5882,11670
1470,1890,5925,6011,11936
1470,1900,6029,6141,12170
1470,1910,6131,6257,12388
1470,1920,6231,6385,12616
1470,1930,6324,6505,12829
1470,1940,6428,6656,13084
1470,1950,6546,6800,13346
1470,1960,6676,6929,13605
1470,1970,6785,7045,13830
1470,1980,6910,7165,14075
1470,1990,7013,7270,14283
1480,1480,13,18,31
1480,1490,179,156,335
1480,1500,341,303,644
1480,1510,492,454,946
1480,1520,640,624,1264
1480,1530,784,781,1565
1480,1540,937,921,1858
1480,1550,1085,1067,2152
1480,1560,1276,1244,2520
1480,1570,1430,1406,2836
1480,1580,1572,1565,3137
1480,1590,1749,1718,3467
1480,1600,1881,1868,3749
1480,1610,2023,2027,4050
1480,1620,2184,2201,4385
1480,1630,2346,2356,4702
1480,1640,2494,2483,4977
1480,1650,2638,2626,5264
1480,1660,2783,2775,5558
1480,1670,2936,2904,5840
1480,1680,3055,3063,6118
1480,1690,3180,3219,6399
1480,1700,3337,3380,6717
1480,1710,3463,3537,7000
1480,1720,3617,3675,7292
1480,1730,3777,3836,7613
1480,1740,3916,3996,7912
1480,1750,4026,4146,8172
1480,1760,4139,4277,8416
1480,1770,4253,4401,8654
1480,1780,4380,4544,8924
1480,1790,4514,4668,9182
1480,1800,4659,4790,9449
1480,1810,4774,4916,9690
1480,1820,4881,5039,9920
1480,1830,5017,5167,10184
1480,1840,5149,5293,10442
1480,1850,5270,5407,10677
1480,1860,5385,5493,10878
1480,1870,5509,5624,11133
1480,1880,5647,5740,11387
1480,1890,5784,5869,11653
1480,1900,5888,5999,11887
1480,1910,5990,6115,12105
1480,1920,6090,6243,12333
1480,1930,6183,6363,12546
1480,1940,6287,6514,12801
1480,1950,6405,6658,13063
1480,1960,6535,6787,13322
1480,1970,6644,6903,13547
1480,1980,6769,7023,13792
1480,1990,6872,7128,14000
1490,1490,17,18,35
1490,1500,179,165,344
1490,1510,330,316,646
1490,1520,478,486,964
1490,1530,622,643,1265
1490,1540,775,783,1558
1490,1550,923,929,1852
1490,1560,1114,1106,2220
1490,1570,1268,1268,2536
1490,1580,1410,1427,2837
1490,1590,1587,1580,3167
1490,1600,1719,1730,3449
1490,1610,1861,1889,3750
1490,1620,2022,2063,4085
1490,1630,2184,2218,4402
1490,1640,2332,2345,4677
1490,1650,2476,2488,4964
1490,1660,2621,2637,5258
1490,1670,2774,2766,5540
1490,1680,2893,2925,5818
1490,1690,3018,3081,6099
1490,1700,3175,3242,6417
1490,1710,3301,3399,6700
1490,1720,3455,3537,6992
1490,1730,3615,3698,7313
1490,1740,3754,3858,7612
1490,1750,3864,4008,7872
1490,1760,3977,4139,8116
1490,1770,4091,4263,8354
1490,1780,4218,4406,8624
1490,1790,4352,4530,8882
1490,1800,4497,4652,9149
1490,1810,4612,4778,9390
1490,1820,4719,4901,9620
1490,1830,4855,5029,9884
1490,1840,4987,5155,10142
1490,1850,5108,5269,10377
1490,1860,5223,5355,10578
1490,1870,5347,5486,10833
1490,1880,5485,5602,11087
1490,1890,5622,5731,11353
1490,1900,5726,5861,11587
1490,1910,5828,5977,11805
1490,1920,5928,6105,12033
1490,1930,6021,6225,12246
1490,1940,6125,6376,12501
1490,1950,6243,6520,12763
1490,1960,6373,6649,13022
1490,1970,6482,6765,13247
1490,1980,6607,6885,13492
1490,1990,6710,6990,13700
1500,1500,27,17,44
1500,1510,178,168,346
1500,1520,326,338,664
1500,1530,470,495,965
1500,1540,623,635,1258
1500,1550,771,781,1552
1500,1560,962,958,1920
1500,1570,1116,1120,2236
1500,1580,1258,1279,2537
1500,1590,1435,1432,2867
1500,1600,1567,1582,3149
1500,1610,1709,1741,3450
1500,1620,1870,1915,3785
1500,1630,2032,2070,4102
1500,1640,2180,2197,4377
1500,1650,2324,2340,4664
1500,1660,2469,2489,4958
1500,1670,2622,2618,5240
1500,1680,2741,2777,5518
1500,1690,2866,2933,5799
1500,1700,3023,3094,6117
1500,1710,3149,3251,6400
1500,1720,3303,3389,6692
1500,1730,3463,3550,7013
1500,1740,3602,3710,7312
1500,1750,3712,3860,7572
1500,1760,3825,3991,7816
1500,1770,3939,4115,8054
1500,1780,4066,4258,8324
1500,1790,4200,4382,8582
1500,1800,4345,4504,8849
1500,1810,4460,4630,9090
1500,1820,4567,4753,9320
1500,1830,4703,4881,9584
1500,1840,4835,5007,9842
1500,1850,4956,5121,10077
1500,1860,5071,5207,10278
1500,1870,5195,5338,10533
1500,1880,5333,5454,10787
1500,1890,5470,5583,11053
1500,1900,5574,5713,11287
1500,1910,5676,5829,11505
1500,1920,5776,5957,11733
1500,1930,5869,6077,11946
1500,1940,5973,6228,12201
1500,1950,6091,6372,12463
1500,1960,6221,6501,12722
1500,1970,6330,6617,12947
1500,1980,6455,6737,13192
1500,1990,6558,6842,13400
1510,1510,21,13,34
1510,1520,169,183,352
1510,1530,313,340,653
1510,1540,466,480,946
1510,1550,614,626,1240
1510,1560,805,803,1608
1510,1570,959,965,1924
1510,1580,1101,1124,2225
1510,1590,1278,1277,2555
1510,1600,1410,1427,2837
1510,1610,1552,1586,3138
1510,1620,1713,1760,3473
1510,1630,1875,1915,3790
1510,1640,2023,2042,4065
1510,1650,2167,2185,4352
1510,1660,2312,2334,4646
1510,1670,2465,2463,4928
1510,1680,2584,2622,5206
1510,1690,2709,2778,5487
1510,1700,2866,2939,5805
1510,1710,2992,3096,6088
1510,1720,3146,3234,6380
1510,1730,3306,3395,6701
1510,1740,3445,3555,7000
1510,1750,3555,3705,7260
1510,1760,3668,3836,7504
1510,1770,3782,3960,7742
1510,1780,3909,4103,8012
1510,1790,4043,4227,8270
1510,1800,4188,4349,8537
1510,1810,4303,4475,8778
1510,1820,4410,4598,9008
1510,1830,4546,4726,9272
1510,1840,4678,4852,9530
1510,1850,4799,4966,9765
1510,1860,4914,5052,9966
1510,1870,5038,5183,10221
1510,1880,5176,5299,10475
1510,1890,5313,5428,10741
1510,1900,5417,5558,10975
1510,1910,5519,5674,11193
1510,1920,5619,5802,11421
1510,1930,5712,5922,11634
1510,1940,5816,6073,11889
1510,1950,5934,6217,12151
1510,1960,6064,6346,12410
1510,1970,6173,6462,12635
1510,1980,6298,6582,12880
1510,1990,6401,6687,13088
1520,1520,15,16,31
1520,1530,159,173,332
1520,1540,312,313,625
1520,1550,460,459,919
1520,1560,651,636,1287
1520,1570,805,798,1603
1520,1580,947,957,1904
1520,1590,1124,1110,2234
1520,1600,1256,1260,2516
1520,1610,1398,1419,2817
1520,1620,1559,1593,3152
1520,1630,1721,1748,3469
1520,1640,1869,1875,3744
1520,1650,2013,2018,4031
1520,1660,2158,2167,4325
1520,1670,2311,2296,4607
1520,1680,2430,2455,4885
1520,1690,2555,2611,5166
1520,1700,2712,2772,5484
1520,1710,2838,2929,5767
1520,1720,2992,3067,6059
1520,1730,3152,3228,6380
1520,1740,3291,3388,6679
1520,1750,3401,3538,6939
1520,1760,3514,3669,7183
1520,1770,3628,3793,7421
1520,1780,3755,3936,7691
1520,1790,3889,4060,7949
1520,1800,4034,4182,8216
1520,1810,4149,4308,8457
1520,1820,4256,4431,8687
1520,1830,4392,4559,8951
1520,1840,4524,4685,9209
1520,1850,4645,4799,9444
1520,1860,4760,4885,9645
1520,1870,4884,5016,9900
1520,1880,5022,5132,10154
1520,1890,5159,5261,10420
1520,1900,5263,5391,10654
1520,1910,5365,5507,10872
1520,1920,5465,5635,11100
1520,1930,5558,5755,11313
1520,1940,5662,5906,11568
1520,1950,5780,6050,11830
1520,1960,5910,6179,12089
1520,1970,6019,6295,12314
1520,1980,6144,6415,12559
1520,1990,6247,6520,12767
1530,1530,16,18,34
1530,1540,169,158,327
1530,1550,317,304,621
1530,1560,508,481,989
1530,1570,662,643,1305
1530,1580,804,802,1606
1530,1590,981,955,1936
1530,1600,1113,1105,2218
1530,1610,1255,1264,2519
1530,1620,1416,1438,2854
1530,1630,1578,1593,3171
1530,1640,1726,1720,3446
1530,1650,1870,1863,3733
1530,1660,2015,2012,4027
1530,1670,2168,2141,4309
1530,1680,2287,2300,4587
1530,1690,2412,2456,4868
1530,1700,2569,2617,5186
1530,1710,2695,2774,5469
1530,1720,2849,2912,5761
1530,1730,3009,3073,6082
1530,1740,3148,3233,6381
1530,1750,3258,3383,6641
1530,1760,3371,3514,6885
1530,1770,3485,3638,7123
1530,1780,3612,3781,7393
1530,1790,3746,3905,7651
1530,1800,3891,4027,7918
1530,1810,4006,4153,8159
1530,1820,4113,4276,8389
1530,1830,4249,4404,8653
1530,1840,4381,4530,8911
1530,1850,4502,4644,9146
1530,1860,4617,4730,9347
1530,1870,4741,4861,9602
1530,1880,4879,4977,9856
1530,1890,5016,5106,10122
1530,1900,5120,5236,10356
1530,1910,5222,5352,10574
1530,1920,5322,5480,10802
1530,1930,5415,5600,11015
1530,1940,5519,5751,11270
1530,1950,5637,5895,11532
1530,1960,5767,6024,11791
1530,1970,5876,6140,12016
1530,1980,6001,6260,12261
1530,1990,6104,6365,12469
1540,1540,25,12,37
1540,1550,173,158,331
1540,1560,364,335,699
1540,1570,518,497,1015
1540,1580,660,656,1316
1540,1590,837,809,1646
1540,1600,969,959,1928
1540,1610,1111,1118,2229
1540,1620,1272,1292,2564
1540,1630,1434,1447,2881
1540,1640,1582,1574,3156
1540,1650,1726,1717,3443
1540,1660,1871,1866,3737
1540,1670,2024,1995,4019
1540,1680,2143,2154,4297
1540,1690,2268,2310,4578
1540,1700,2425,2471,4896
1540,1710,2551,2628,5179
1540,1720,2705,2766,5471
1540,1730,2865,2927,5792
1540,1740,3004,3087,6091
1540,1750,3114,3237,6351
1540,1760,3227,3368,6595
1540,1770,3341,3492,6833
1540,1780,3468,3635,7103
1540,1790,3602,3759,7361
1540,1800,3747,3881,7628
1540,1810,3862,4007,7869
1540,1820,3969,4130,8099
1540,1830,4105,4258,8363
1540,1840,4237,4384,8621
1540,1850,4358,4498,8856
1540,1860,4473,4584,9057
1540,1870,4597,4715,9312
1540,1880,4735,4831,9566
1540,1890,4872,4960,9832
1540,1900,4976,5090,10066
1540,1910,5078,5206,10284
1540,1920,5178,5334,10512
1540,1930,5271,5454,10725
1540,1940,5375,5605,10980
1540,1950,5493,5749,11242
1540,1960,5623,5878,11501
1540,1970,5732,5994,11726
1540,1980,5857,6114,11971
1540,1990,5960,6219,12179
1550,1550,17,22,39
1550,1560,208,199,407
1550,1570,362,361,723
1550,1580,504,520,1024
1550,1590,681,673,1354
1550,1600,813,823,1636
1550,1610,955,982,1937
1550,1620,1116,1156,2272
1550,1630,1278,1311,2589
1550,1640,1426,1438,2864
1550,1650,1570,1581,3151
1550,1660,1715,1730,3445
1550,1670,1868,1859,3727
1550,1680,1987,2018,4005
1550,1690,2112,2174,4286
1550,1700,2269,2335,4604
1550,1710,2395,2492,4887
1550,1720,2549,2630,5179
1550,1730,2709,2791,5500
1550,1740,2848,2951,5799
1550,1750,2958,3101,6059
1550,1760,3071,3232,6303
1550,1770,3185,3356,6541
1550,1780,3312,3499,6811
1550,1790,3446,3623,7069
1550,1800,3591,3745,7336
1550,1810,3706,3871,7577
1550,1820,3813,3994,7807
1550,1830,3949,4122,8071
1550,1840,4081,4248,8329
1550,1850,4202,4362,8564
1550,1860,4317,4448,8765
1550,1870,4441,4579,9020
1550,1880,4579,4695,9274
1550,1890,4716,4824,9540
1550,1900,4820,4954,9774
1550,1910,4922,5070,9992
1550,1920,5022,5198,10220
1550,1930,5115,5318,10433
1550,1940,5219,5469,10688
1550,1950,5337,5613,10950
1550,1960,5467,5742,11209
1550,1970,5576,5858,11434
1550,1980,5701,5978,11679
1550,1990,5804,6083,11887
1560,1560,21,16,37
1560,1570,175,178,353
1560,1580,317,337,654
1560,1590,494,490,984
1560,1600,626,640,1266
1560,1610,768,799,1567
1560,1620,929,973,1902
1560,1630,1091,1128,2219
1560,1640,1239,1255,2494
1560,1650,1383,1398,2781
1560,1660,1528,1547,3075
1560,1670,1681,1676,3357
1560,1680,1800,1835,3635
1560,1690,1925,1991,3916
1560,1700,2082,2152,4234
1560,1710,2208,2309,4517
1560,1720,2362,2447,4809
1560,1730,2522,2608,5130
1560,1740,2661,2768,5429
1560,1750,2771,2918,5689
1560,1760,2884,3049,5933
1560,1770,2998,3173,6171
1560,1780,3125,3316,6441
1560,1790,3259,3440,6699
1560,1800,3404,3562,6966
1560,1810,3519,3688,7207
1560,1820,3626,3811,7437
1560,1830,3762,3939,7701
1560,1840,3894,4065,7959
1560,1850,4015,4179,8194
1560,1860,4130,4265,8395
1560,1870,4254,4396,8650
1560,1880,4392,4512,8904
1560,1890,4529,4641,9170
1560,1900,4633,4771,9404
1560,1910,4735,4887,9622
1560,1920,4835,5015,9850
1560,1930,4928,5135,10063
1560,1940,5032,5286,10318
1560,1950,5150,5430,10580
1560,1960,5280,5559,10839
1560,1970,5389,5675,11064
1560,1980,5514,5795,11309
1560,1990,5617,5900,11517
1570,1570,19,19,38
1570,1580,161,178,339
1570,1590,338,331,669
1570,1600,470,481,951
1570,1610,612,640,1252
1570,1620,773,814,1587
1570,1630,935,969,1904
1570,1640,1083,1096,2179
1570,1650,1227,1239,2466
1570,1660,1372,1388,2760
1570,1670,1525,1517,3042
1570,1680,1644,1676,3320
1570,1690,1769,1832,3601
1570,1700,1926,1993,3919
1570,1710,2052,2150,4202
1570,1720,2206,2288,4494
1570,1730,2366,2449,4815
1570,1740,2505,2609,5114
1570,1750,2615,2759,5374
1570,1760,2728,2890,5618
1570,1770,2842,3014,5856
1570,1780,2969,3157,6126
1570,1790,3103,3281,6384
1570,1800,3248,3403,6651
1570,1810,3363,3529,6892
1570,1820,3470,3652,7122
1570,1830,3606,3780,7386
1570,1840,3738,3906,7644
1570,1850,3859,4020,7879
1570,1860,3974,4106,8080
1570,1870,4098,4237,8335
1570,1880,4236,4353,8589
1570,1890,4373,4482,8855
1570,1900,4477,4612,9089
1570,1910,4579,4728,9307
1570,1920,4679,4856,9535
1570,1930,4772,4976,9748
1570,1940,4876,5127,10003
1570,1950,4994,5271,10265
1570,1960,5124,5400,10524
1570,1970,5233,5516,10749
1570,1980,5358,5636,10994
1570,1990,5461,5741,11202
1580,1580,8,21,29
1580,1590,185,174,359
1580,1600,317,324,641
1580,1610,459,483,942
1580,1620,620,657,1277
1580,1630,782,812,1594
1580,1640,930,939,1869
1580,1650,1074,1082,2156
1580,1660,1219,1231,2450
1580,1670,1372,1360,2732
1580,1680,1491,1519,3010
1580,1690,1616,1675,3291
1580,1700,1773,1836,3609
1580,1710,1899,1993,3892
1580,1720,2053,2131,4184
1580,1730,2213,2292,4505
1580,1740,2352,2452,4804
1580,1750,2462,2602,5064
1580,1760,2575,2733,5308
1580,1770,2689,2857,5546
1580,1780,2816,3000,5816
1580,1790,2950,3124,6074
1580,1800,3095,3246,6341
1580,1810,3210,3372,6582
1580,1820,3317,3495,6812
1580,1830,3453,3623,7076
1580,1840,3585,3749,7334
1580,1850,3706,3863,7569
1580,1860,3821,3949,7770
1580,1870,3945,4080,8025
1580,1880,4083,4196,8279
1580,1890,4220,4325,8545
1580,1900,4324,4455,8779
1580,1910,4426,4571,8997
1580,1920,4526,4699,9225
1580,1930,4619,4819,9438
1580,1940,4723,4970,9693
1580,1950,4841,5114,9955
1580,1960,4971,5243,10214
1580,1970,5080,5359,10439
1580,1980,5205,5479,10684
1580,1990,5308,5584,10892
1590,1590,18,14,32
1590,1600,150,164,314
1590,1610,292,323,615
1590,1620,453,497,950
1590,1630,615,652,1267
1590,1640,763,779,1542
1590,1650,907,922,1829
1590,1660,1052,1071,2123
1590,1670,1205,1200,2405
1590,1680,1324,1359,2683
1590,1690,1449,1515,2964
1590,1700,1606,1676,3282
1590,1710,1732,1833,3565
1590,1720,1886,1971,3857
1590,1730,2046,2132,4178
1590,1740,2185,2292,4477
1590,1750,2295,2442,4737
1590,1760,2408,2573,4981
1590,1770,2522,2697,5219
1590,1780,2649,2840,5489
1590,1790,2783,2964,5747
1590,1800,2928,3086,6014
1590,1810,3043,3212,6255
1590,1820,3150,3335,6485
1590,1830,3286,3463,6749
1590,1840,3418,3589,7007
1590,1850,3539,3703,7242
1590,1860,3654,3789,7443
1590,1870,3778,3920,7698
1590,1880,3916,4036,7952
1590,1890,4053,4165,8218
1590,1900,4157,4295,8452
1590,1910,4259,4411,8670
1590,1920,4359,4539,8898
1590,1930,4452,4659,9111
1590,1940,4556,4810,9366
1590,1950,4674,4954,9628
1590,1960,4804,5083,9887
1590,1970,4913,5199,10112
1590,1980,5038,5319,10357
1590,1990,5141,5424,10565
1600,1600,9,13,22
1600,1610,151,172,323
1600,1620,312,346,658
1600,1630,474,501,975
1600,1640,622,628,1250
1600,1650,766,771,1537
1600,1660,911,920,1831
1600,1670,1064,1049,2113
1600,1680,1183,1208,2391
1600,1690,1308,1364,2672
1600,1700,1465,1525,2990
1600,1710,1591,1682,3273
1600,1720,1745,1820,3565
1600,1730,1905,1981,3886
1600,1740,2044,2141,4185
1600,1750,2154,2291,4445
1600,1760,2267,2422,4689
1600,1770,2381,2546,4927
1600,1780,2508,2689,5197
1600,1790,2642,2813,5455
1600,1800,2787,2935,5722
1600,1810,2902,3061,5963
1600,1820,3009,3184,6193
1600,1830,3145,3312,6457
1600,1840,3277,3438,6715
1600,1850,3398,3552,6950
1600,1860,3513,3638,7151
1600,1870,3637,3769,7406
1600,1880,3775,3885,7660
1600,1890,3912,4014,7926
1600,1900,4016,4144,8160
1600,1910,4118,4260,8378
1600,1920,4218,4388,8606
1600,1930,4311,4508,8819
1600,1940,4415,4659,9074
1600,1950,4533,4803,9336
1600,1960,4663,4932,9595
1600,1970,4772,5048,9820
1600,1980,4897,5168,10065
1600,1990,5000,5273,10273
1610,1610,13,22,35
1610,1620,174,196,370
1610,1630,336,351,687
1610,1640,484,478,962
1610,1650,628,621,1249
1610,1660,773,770,1543
1610,1670,926,899,1825
1610,1680,1045,1058,2103
1610,1690,1170,1214,2384
1610,1700,1327,1375,2702
1610,1710,1453,1532,2985
1610,1720,1607,1670,3277
1610,1730,1767,1831,3598
1610,1740,1906,1991,3897
1610,1750,2016,2141,4157
1610,1760,2129,2272,4401
1610,1770,2243,2396,4639
1610,1780,2370,2539,4909
1610,1790,2504,2663,5167
1610,1800,2649,2785,5434
1610,1810,2764,2911,5675
1610,1820,2871,3034,5905
1610,1830,3007,3162,6169
1610,1840,3139,3288,6427
1610,1850,3260,3402,6662
1610,1860,3375,3488,6863
1610,1870,3499,3619,7118
1610,1880,3637,3735,7372
1610,1890,3774,3864,7638
1610,1900,3878,3994,7872
1610,1910,3980,4110,8090
1610,1920,4080,4238,8318
1610,1930,4173,4358,8531
1610,1940,4277,4509,8786
1610,1950,4395,4653,9048
1610,1960,4525,4782,9307
1610,1970,4634,4898,9532
1610,1980,4759,5018,9777
1610,1990,4862,5123,9985
1620,1620,15,14,29
1620,1630,177,169,346
1620,1640,325,296,621
1620,1650,469,439,908
1620,1660,614,588,1202
1620,1670,767,717,1484
1620,1680,886,876,1762
1620,1690,1011,1032,2043
1620,1700,1168,1193,2361
1620,1710,1294,1350,2644
1620,1720,1448,1488,2936
1620,1730,1608,1649,3257
1620,1740,1747,1809,3556
1620,1750,1857,1959,3816
1620,1760,1970,2090,4060
1620,1770,2084,2214,4298
1620,1780,2211,2357,4568
1620,1790,2345,2481,4826
1620,1800,2490,2603,5093
1620,1810,2605,2729,5334
1620,1820,2712,2852,5564
1620,1830,2848,2980,5828
1620,1840,2980,3106,6086
1620,1850,3101,3220,6321
1620,1860,3216,3306,6522
1620,1870,3340,3437,6777
1620,1880,3478,3553,7031
1620,1890,3615,3682,7297
1620,1900,3719,3812,7531
1620,1910,3821,3928,7749
1620,1920,3921,4056,7977
1620,1930,4014,4176,8190
1620,1940,4118,4327,8445
1620,1950,4236,4471,8707
1620,1960,4366,4600,8966
1620,1970,4475,4716,9191
1620,1980,4600,4836,9436
1620,1990,4703,4941,9644
1630,1630,29,9,38
1630,1640,177,136,313
1630,1650,321,279,600
1630,1660,466,428,894
1630,1670,619,557,1176
1630,1680,738,716,1454
1630,1690,863,872,1735
1630,1700,1020,1033,2053
1630,1710,1146,1190,2336
1630,1720,1300,1328,2628
1630,1730,1460,1489,2949
1630,1740,1599,1649,3248
1630,1750,1709,1799,3508
1630,1760,1822,1930,3752
1630,1770,1936,2054,3990
1630,1780,2063,2197,4260
1630,1790,2197,2321,4518
1630,1800,2342,2443,4785
1630,1810,2457,2569,5026
1630,1820,2564,2692,5256
1630,1830,2700,2820,5520
1630,1840,2832,2946,5778
1630,1850,2953,3060,6013
1630,1860,3068,3146,6214
1630,1870,3192,3277,6469
1630,1880,3330,3393,6723
1630,1890,3467,3522,6989
1630,1900,3571,3652,7223
1630,1910,3673,3768,7441
1630,1920,3773,3896,7669
1630,1930,3866,4016,7882
1630,1940,3970,4167,8137
1630,1950,4088,4311,8399
1630,1960,4218,4440,8658
1630,1970,4327,4556,8883
1630,1980,4452,4676,9128
1630,1990,4555,4781,9336
1640,1640,18,12,30
1640,1650,162,155,317
1640,1660,307,304,611
1640,1670,460,433,893
1640,1680,579,592,1171
1640,1690,704,748,1452
1640,1700,861,909,1770
1640,1710,987,1066,2053
1640,1720,1141,1204,2345
1640,1730,1301,1365,2666
1640,1740,1440,1525,2965
1640,1750,1550,1675,3225
1640,1760,1663,1806,3469
1640,1770,1777,1930,3707
1640,1780,1904,2073,3977
1640,1790,2038,2197,4235
1640,1800,2183,2319,4502
1640,1810,2298,2445,4743
1640,1820,2405,2568,4973
1640,1830,2541,2696,5237
1640,1840,2673,2822,5495
1640,1850,2794,2936,5730
1640,1860,2909,3022,5931
1640,1870,3033,3153,6186
1640,1880,3171,3269,6440
1640,1890,3308,3398,6706
1640,1900,3412,3528,6940
1640,1910,3514,3644,7158
1640,1920,3614,3772,7386
1640,1930,3707,3892,7599
1640,1940,3811,4043,7854
1640,1950,3929,4187,8116
1640,1960,4059,4316,8375
1640,1970,4168,4432,8600
1640,1980,4293,4552,8845
1640,1990,4396,4657,9053
1650,1650,15,8,23
1650,1660,160,157,317
1650,1670,313,286,599
1650,1680,432,445,877
1650,1690,557,601,1158
1650,1700,714,762,1476
1650,1710,840,919,1759
1650,1720,994,1057,2051
1650,1730,1154,1218,2372
1650,1740,1293,1378,2671
1650,1750,1403,1528,2931
1650,1760,1516,1659,3175
1650,1770,1630,1783,3413
1650,1780,1757,1926,3683
1650,1790,1891,2050,3941
1650,1800,2036,2172,4208
1650,1810,2151,2298,4449
1650,1820,2258,2421,4679
1650,1830,2394,2549,4943
1650,1840,2526,2675,5201
1650,1850,2647,2789,5436
1650,1860,2762,2875,5637
1650,1870,2886,3006,5892
1650,1880,3024,3122,6146
1650,1890,3161,3251,6412
1650,1900,3265,3381,6646
1650,1910,3367,3497,6864
1650,1920,3467,3625,7092
1650,1930,3560,3745,7305
1650,1940,3664,3896,7560
1650,1950,3782,4040,7822
1650,1960,3912,4169,8081
1650,1970,4021,4285,8306
1650,1980,4146,4405,8551
1650,1990,4249,4510,8759
1660,1660,19,17,36
1660,1670,172,146,318
1660,1680,291,305,596
1660,1690,416,461,877
1660,1700,573,622,1195
1660,1710,699,779,1478
1660,1720,853,917,1770
1660,1730,1013,1078,2091
1660,1740,1152,1238,2390
1660,1750,1262,1388,2650
1660,1760,1375,1519,2894
1660,1770,1489,1643,3132
1660,1780,1616,1786,3402
1660,1790,1750,1910,3660
1660,1800,1895,2032,3927
1660,1810,2010,2158,4168
1660,1820,2117,2281,4398
1660,1830,2253,2409,4662
1660,1840,2385,2535,4920
1660,1850,2506,2649,5155
1660,1860,2621,2735,5356
1660,1870,2745,2866,5611
1660,1880,2883,2982,5865
1660,1890,3020,3111,6131
1660,1900,3124,3241,6365
1660,1910,3226,3357,6583
1660,1920,3326,3485,6811
1660,1930,3419,3605,7024
1660,1940,3523,3756,7279
1660,1950,3641,3900,7541
1660,1960,3771,4029,7800
1660,1970,3880,4145,8025
1660,1980,4005,4265,8270
1660,1990,4108,4370,8478
1670,1670,17,12,29
1670,1680,136,171,307
1670,1690,261,327,588
1670,1700,418,488,906
1670,1710,544,645,1189
1670,1720,698,783,1481
1670,1730,858,944,1802
1670,1740,997,1104,2101
1670,1750,1107,1254,2361
1670,1760,1220,1385,2605
1670,1770,1334,1509,2843
1670,1780,1461,1652,3113
1670,1790,1595,1776,3371
1670,1800,1740,1898,3638
1670,1810,1855,2024,3879
1670,1820,1962,2147,4109
1670,1830,2098,2275,4373
1670,1840,2230,2401,4631
1670,1850,2351,2515,4866
1670,1860,2466,2601,5067
1670,1870,2590,2732,5322
1670,1880,2728,2848,5576
1670,1890,2865,2977,5842
1670,1900,2969,3107,6076
1670,1910,3071,3223,6294
1670,1920,3171,3351,6522
1670,1930,3264,3471,6735
1670,1940,3368,3622,6990
1670,1950,3486,3766,7252
1670,1960,3616,3895,7511
1670,1970,3725,4011,7736
1670,1980,3850,4131,7981
1670,1990,3953,4236,8189
1680,1680,13,15,28
1680,1690,138,171,309
1680,1700,295,332,627
1680,1710,421,489,910
1680,1720,575,627,1202
1680,1730,735,788,1523
1680,1740,874,948,1822
1680,1750,984,1098,2082
1680,1760,1097,1229,2326
1680,1770,1211,1353,2564
1680,1780,1338,1496,2834
1680,1790,1472,1620,3092
1680,1800,1617,1742,3359
1680,1810,1732,1868,3600
1680,1820,1839,1991,3830
1680,1830,1975,2119,4094
1680,1840,2107,2245,4352
1680,1850,2228,2359,4587
1680,1860,2343,2445,4788
1680,1870,2467,2576,5043
1680,1880,2605,2692,5297
1680,1890,2742,2821,5563
1680,1900,2846,2951,5797
1680,1910,2948,3067,6015
1680,1920,3048,3195,6243
1680,1930,3141,3315,6456
1680,1940,3245,3466,6711
1680,1950,3363,3610,6973
1680,1960,3493,3739,7232
1680,1970,3602,3855,7457
1680,1980,3727,3975,7702
1680,1990,3830,4080,7910
1690,1690,17,14,31
1690,1700,174,175,349
1690,1710,300,332,632
1690,1720,454,470,924
1690,1730,614,631,1245
1690,1740,753,791,1544
1690,1750,863,941,1804
1690,1760,976,1072,2048
1690,1770,1090,1196,2286
1690,1780,1217,1339,2556
1690,1790,1351,1463,2814
1690,1800,1496,1585,3081
1690,1810,1611,1711,3322
1690,1820,1718,1834,3552
1690,1830,1854,1962,3816
1690,1840,1986,2088,4074
1690,1850,2107,2202,4309
1690,1860,2222,2288,4510
1690,1870,2346,2419,4765
1690,1880,2484,2535,5019
1690,1890,2621,2664,5285
1690,1900,2725,2794,5519
1690,1910,2827,2910,5737
1690,1920,2927,3038,5965
1690,1930,3020,3158,6178
1690,1940,3124,3309,6433
1690,1950,3242,3453,6695
1690,1960,3372,3582,6954
1690,1970,3481,3698,7179
1690,1980,3606,3818,7424
1690,1990,3709,3923,7632
1700,1700,14,25,39
1700,1710,140,182,322
1700,1720,294,320,614
1700,1730,454,481,935
1700,1740,593,641,1234
1700,1750,703,791,1494
1700,1760,816,922,1738
1700,1770,930,1046,1976
1700,1780,1057,1189,2246
1700,1790,1191,1313,2504
1700,1800,1336,1435,2771
1700,1810,1451,1561,3012
1700,1820,1558,1684,3242
1700,1830,1694,1812,3506
1700,1840,1826,1938,3764
1700,1850,1947,2052,3999
1700,1860,2062,2138,4200
1700,1870,2186,2269,4455
1700,1880,2324,2385,4709
1700,1890,2461,2514,4975
1700,1900,2565,2644,5209
1700,1910,2667,2760,5427
1700,1920,2767,2888,5655
1700,1930,2860,3008,5868
1700,1940,2964,3159,6123
1700,1950,3082,3303,6385
1700,1960,3212,3432,6644
1700,1970,3321,3548,6869
1700,1980,3446,3668,7114
1700,1990,3549,3773,7322
1710,1710,11,12,23
1710,1720,165,150,315
1710,1730,325,311,636
1710,1740,464,471,935
1710,1750,574,621,1195
1710,1760,687,752,1439
1710,1770,801,876,1677
1710,1780,928,1019,1947
1710,1790,1062,1143,2205
1710,1800,1207,1265,2472
1710,1810,1322,1391,2713
1710,1820,1429,1514,2943
1710,1830,1565,1642,3207
1710,1840,1697,1768,3465
1710,1850,1818,1882,3700
1710,1860,1933,1968,3901
1710,1870,2057,2099,4156
1710,1880,2195,2215,4410
1710,1890,2332,2344,4676
1710,1900,2436,2474,4910
1710,1910,2538,2590,5128
1710,1920,2638,2718,5356
1710,1930,2731,2838,5569
1710,1940,2835,2989,5824
1710,1950,2953,3133,6086
1710,1960,3083,3262,6345
1710,1970,3192,3378,6570
1710,1980,3317,3498,6815
1710,1990,3420,3603,7023
1720,1720,25,14,39
1720,1730,185,175,360
1720,1740,324,335,659
1720,1750,434,485,919
1720,1760,547,616,1163
1720,1770,661,740,1401
1720,1780,788,883,1671
1720,1790,922,1007,1929
1720,1800,1067,1129,2196
1720,1810,1182,1255,2437
1720,1820,1289,1378,2667
1720,1830,1425,1506,2931
1720,1840,1557,1632,3189
1720,1850,1678,1746,3424
1720,1860,1793,1832,3625
1720,1870,1917,1963,3880
1720,1880,2055,2079,4134
1720,1890,2192,2208,4400
1720,1900,2296,2338,4634
1720,1910,2398,2454,4852
1720,1920,2498,2582,5080
1720,1930,2591,2702,5293
1720,1940,2695,2853,5548
1720,1950,2813,2997,5810
1720,1960,2943,3126,6069
1720,1970,3052,3242,6294
1720,1980,3177,3362,6539
1720,1990,3280,3467,6747
1730,1730,13,15,28
1730,1740,152,175,327
1730,1750,262,325,587
1730,1760,375,456,831
1730,1770,489,580,1069
1730,1780,616,723,1339
1730,1790,750,847,1597
1730,1800,895,969,1864
1730,1810,1010,1095,2105
1730,1820,1117,1218,2335
1730,1830,1253,1346,2599
1730,1840,1385,1472,2857
1730,1850,1506,1586,3092
1730,1860,1621,1672,3293
1730,1870,1745,1803,3548
1730,1880,1883,1919,3802
1730,1890,2020,2048,4068
1730,1900,2124,2178,4302
1730,1910,2226,2294,4520
1730,1920,2326,2422,4748
1730,1930,2419,2542,4961
1730,1940,2523,2693,5216
1730,1950,2641,2837,5478
1730,1960,2771,2966,5737
1730,1970,2880,3082,5962
1730,1980,3005,3202,6207
1730,1990,3108,3307,6415
1740,1740,16,8,24
1740,1750,126,158,284
1740,1760,239,289,528
1740,1770,353,413,766
1740,1780,480,556,1036
1740,1790,614,680,1294
1740,1800,759,802,1561
1740,1810,874,928,1802
1740,1820,981,1051,2032
1740,1830,1117,1179,2296
1740,1840,1249,1305,2554
1740,1850,1370,1419,2789
1740,1860,1485,1505,2990
1740,1870,1609,1636,3245
1740,1880,1747,1752,3499
1740,1890,1884,1881,3765
1740,1900,1988,2011,3999
1740,1910,2090,2127,4217
1740,1920,2190,2255,4445
1740,1930,2283,2375,4658
1740,1940,2387,2526,4913
1740,1950,2505,2670,5175
1740,1960,2635,2799,5434
1740,1970,2744,2915,5659
1740,1980,2869,3035,5904
1740,1990,2972,3140,6112
1750,1750,12,15,27
1750,1760,125,146,271
1750,1770,239,270,509
1750,1780,366,413,779
1750,1790,500,537,1037
1750,1800,645,659,1304
1750,1810,760,785,1545
1750,1820,867,908,1775
1750,1830,1003,1036,2039
1750,1840,1135,1162,2297
1750,1850,1256,1276,2532
1750,1860,1371,1362,2733
1750,1870,1495,1493,2988
1750,1880,1633,1609,3242
1750,1890,1770,1738,3508
1750,1900,1874,1868,3742
1750,1910,1976,1984,3960
1750,1920,2076,2112,4188
1750,1930,2169,2232,4401
1750,1940,2273,2383,4656
1750,1950,2391,2527,4918
1750,1960,2521,2656,5177
1750,1970,2630,2772,5402
1750,1980,2755,2892,5647
1750,1990,2858,2997,5855
1760,1760,11,16,27
1760,1770,125,140,265
1760,1780,252,283,535
1760,1790,386,407,793
1760,1800,531,529,1060
1760,1810,646,655,1301
1760,1820,753,778,1531
1760,1830,889,906,1795
1760,1840,1021,1032,2053
1760,1850,1142,1146,2288
1760,1860,1257,1232,2489
1760,1870,1381,1363,2744
1760,1880,1519,1479,2998
1760,1890,1656,1608,3264
1760,1900,1760,1738,3498
1760,1910,1862,1854,3716
1760,1920,1962,1982,3944
1760,1930,2055,2102,4157
1760,1940,2159,2253,4412
1760,1950,2277,2397,4674
1760,1960,2407,2526,4933
1760,1970,2516,2642,5158
1760,1980,2641,2762,5403
1760,1990,2744,2867,5611
1770,1770,12,14,26
1770,1780,139,157,296
1770,1790,273,281,554
1770,1800,418,403,821
1770,1810,533,529,1062
1770,1820,640,652,1292
1770,1830,776,780,1556
1770,1840,908,906,1814
1770,1850,1029,1020,2049
1770,1860,1144,1106,2250
1770,1870,1268,1237,2505
1770,1880,1406,1353,2759
1770,1890,1543,1482,3025
1770,1900,1647,1612,3259
1770,1910,1749,1728,3477
1770,1920,1849,1856,3705
1770,1930,1942,1976,3918
1770,1940,2046,2127,4173
1770,1950,2164,2271,4435
1770,1960,2294,2400,4694
1770,1970,2403,2516,4919
1770,1980,2528,2636,5164
1770,1990,2631,2741,5372
1780,1780,11,13,24
1780,1790,145,137,282
1780,1800,290,259,549
1780,1810,405,385,790
1780,1820,512,508,1020
1780,1830,648,636,1284
1780,1840,780,762,1542
1780,1850,901,876,1777
1780,1860,1016,962,1978
1780,1870,1140,1093,2233
1780,1880,1278,1209,2487
1780,1890,1415,1338,2753
1780,1900,1519,1468,2987
1780,1910,1621,1584,3205
1780,1920,1721,1712,3433
1780,1930,1814,1832,3646
1780,1940,1918,1983,3901
1780,1950,2036,2127,4163
1780,1960,2166,2256,4422
1780,1970,2275,2372,4647
1780,1980,2400,2492,4892
1780,1990,2503,2597,5100
1790,1790,13,14,27
1790,1800,158,136,294
1790,1810,273,262,535
1790,1820,380,385,765
1790,1830,516,513,1029
1790,1840,648,639,1287
1790,1850,769,753,1522
1790,1860,884,839,1723
1790,1870,1008,970,1978
1790,1880,1146,1086,2232
1790,1890,1283,1215,2498
1790,1900,1387,1345,2732
1790,1910,1489,1461,2950
1790,1920,1589,1589,3178
1790,1930,1682,1709,3391
1790,1940,1786,1860,3646
1790,1950,1904,2004,3908
1790,1960,2034,2133,4167
1790,1970,2143,2249,4392
1790,1980,2268,2369,4637
1790,1990,2371,2474,4845
1800,1800,17,15,32
1800,1810,132,141,273
1800,1820,239,264,503
1800,1830,375,392,767
1800,1840,507,518,1025
1800,1850,628,632,1260
1800,1860,743,718,1461
1800,1870,867,849,1716
1800,1880,1005,965,1970
1800,1890,1142,1094,2236
1800,1900,1246,1224,2470
1800,1910,1348,1340,2688
1800,1920,1448,1468,2916
1800,1930,1541,1588,3129
1800,1940,1645,1739,3384
1800,1950,1763,1883,3646
1800,1960,1893,2012,3905
1800,1970,2002,2128,4130
1800,1980,2127,2248,4375
1800,1990,2230,2353,4583
1810,1810,10,12,22
1810,1820,117,135,252
1810,1830,253,263,516
1810,1840,385,389,774
1810,1850,506,503,1009
1810,1860,621,589,1210
1810,1870,745,720,1465
1810,1880,883,836,1719
1810,1890,1020,965,1985
1810,1900,1124,1095,2219
1810,1910,1226,1211,2437
1810,1920,1326,1339,2665
1810,1930,1419,1459,2878
1810,1940,1523,1610,3133
1810,1950,1641,1754,3395
1810,1960,1771,1883,3654
1810,1970,1880,1999,3879
1810,1980,2005,2119,4124
1810,1990,2108,2224,4332
1820,1820,9,19,28
1820,1830,145,147,292
1820,1840,277,273,550
1820,1850,398,387,785
1820,1860,513,473,986
1820,1870,637,604,1241
1820,1880,775,720,1495
1820,1890,912,849,1761
1820,1900,1016,979,1995
1820,1910,1118,1095,2213
1820,1920,1218,1223,2441
1820,1930,1311,1343,2654
1820,1940,1415,1494,2909
1820,1950,1533,1638,3171
1820,1960,1663,1767,3430
1820,1970,1772,1883,3655
1820,1980,1897,2003,3900
1820,1990,2000,2108,4108
1830,1830,13,16,29
1830,1840,145,142,287
1830,1850,266,256,522
1830,1860,381,342,723
1830,1870,505,473,978
1830,1880,643,589,1232
1830,1890,780,718,1498
1830,1900,884,848,1732
1830,1910,986,964,1950
1830,1920,1086,1092,2178
1830,1930,1179,1212,2391
1830,1940,1283,1363,2646
1830,1950,1401,1507,2908
1830,1960,1531,1636,3167
1830,1970,1640,1752,3392
1830,1980,1765,1872,3637
1830,1990,1868,1977,3845
1840,1840,20,11,31
1840,1850,141,125,266
1840,1860,256,211,467
1840,1870,380,342,722
1840,1880,518,458,976
1840,1890,655,587,1242
1840,1900,759,717,1476
1840,1910,861,833,1694
1840,1920,961,961,1922
1840,1930,1054,1081,2135
1840,1940,1158,1232,2390
1840,1950,1276,1376,2652
1840,1960,1406,1505,2911
1840,1970,1515,1621,3136
1840,1980,1640,1741,3381
1840,1990,1743,1846,3589
1850,1850,13,13,26
1850,1860,128,99,227
1850,1870,252,230,482
1850,1880,390,346,736
1850,1890,527,475,1002
1850,1900,631,605,1236
1850,1910,733,721,1454
1850,1920,833,849,1682
1850,1930,926,969,1895
1850,1940,1030,1120,2150
1850,1950,1148,1264,2412
1850,1960,1278,1393,2671
1850,1970,1387,1509,2896
1850,1980,1512,1629,3141
1850,1990,1615,1734,3349
1860,1860,9,6,15
1860,1870,133,137,270
1860,1880,271,253,524
1860,1890,408,382,790
1860,1900,512,512,1024
1860,1910,614,628,1242
1860,1920,714,756,1470
1860,1930,807,876,1683
1860,1940,911,1027,1938
1860,1950,1029,1171,2200
1860,1960,1159,1300,2459
1860,1970,1268,1416,2684
1860,1980,1393,1536,2929
1860,1990,1496,1641,3137
1870,1870,18,21,39
1870,1880,156,137,293
1870,1890,293,266,559
1870,1900,397,396,793
1870,1910,499,512,1011
1870,1920,599,640,1239
1870,1930,692,760,1452
1870,1940,796,911,1707
1870,1950,914,1055,1969
1870,1960,1044,1184,2228
1870,1970,1153,1300,2453
1870,1980,1278,1420,2698
1870,1990,1381,1525,2906
1880,1880,16,12,28
1880,1890,153,141,294
1880,1900,257,271,528
1880,1910,359,387,746
1880,1920,459,515,974
1880,1930,552,635,1187
1880,1940,656,786,1442
1880,1950,774,930,1704
1880,1960,904,1059,1963
1880,1970,1013,1175,2188
1880,1980,1138,1295,2433
1880,1990,1241,1400,2641
1890,1890,16,13,29
1890,1900,120,143,263
1890,1910,222,259,481
1890,1920,322,387,709
1890,1930,415,507,922
1890,1940,519,658,1177
1890,1950,637,802,1439
1890,1960,767,931,1698
1890,1970,876,1047,1923
1890,1980,1001,1167,2168
1890,1990,1104,1272,2376
1900,1900,12,18,30
1900,1910,114,134,248
1900,1920,214,262,476
1900,1930,307,382,689
1900,1940,411,533,944
1900,1950,529,677,1206
1900,1960,659,806,1465
1900,1970,768,922,1690
1900,1980,893,1042,1935
1900,1990,996,1147,2143
1910,1910,5,9,14
1910,1920,105,137,242
1910,1930,198,257,455
1910,1940,302,408,710
1910,1950,420,552,972
1910,1960,550,681,1231
1910,1970,659,797,1456
1910,1980,784,917,1701
1910,1990,887,1022,1909
1920,1920,8,15,23
1920,1930,101,135,236
1920,1940,205,286,491
1920,1950,323,430,753
1920,1960,453,559,1012
1920,1970,562,675,1237
1920,1980,687,795,1482
1920,1990,790,900,1690
1930,1930,4,10,14
1930,1940,108,161,269
1930,1950,226,305,531
1930,1960,356,434,790
1930,1970,465,550,1015
1930,1980,590,670,1260
1930,1990,693,775,1468
1940,1940,12,11,23
1940,1950,130,155,285
1940,1960,260,284,544
1940,1970,369,400,769
1940,1980,494,520,1014
1940,1990,597,625,1222
1950,1950,12,20,32
1950,1960,142,149,291
1950,1970,251,265,516
1950,1980,376,385,761
1950,1990,479,490,969
1960,1960,19,13,32
1960,1970,128,129,257
1960,1980,253,249,502
1960,1990,356,354,710
1970,1970,14,13,27
1970,1980,139,133,272
1970,1990,242,238,480
1980,1980,17,13,30
1980,1990,120,118,238
1990,1990,10,9,19
