start_time,end_time,integral_left,integral_right,integral_total
0,0,17877,18318,36195
0,10,189034,197129,386163
0,20,285986,296825,582811
0,30,326964,339434,666398
0,40,346621,359485,706106
0,50,358857,372243,731100
0,60,367529,381305,748834
0,70,374366,388345,762711
0,80,379638,393746,773384
0,90,383555,397808,781363
0,100,386452,400740,787192
0,110,388604,402841,791445
0,120,390302,404663,794965
0,130,391802,406211,798013
0,140,393185,407636,800821
0,150,394470,408951,803421
0,160,395619,410070,805689
0,170,396754,411204,807958
0,180,397804,412306,810110
0,190,398863,413343,812206
0,200,399851,414320,814171
0,210,400793,415284,816077
0,220,401725,416197,817922
0,230,402674,417163,819837
0,240,403566,418102,821668
0,250,404440,419029,823469
0,260,405348,419948,825296
0,270,406229,420859,827088
0,280,407094,421768,828862
0,290,407972,422707,830679
0,300,408873,423652,832525
0,310,409771,424611,834382
0,320,410670,425615,836285
0,330,411628,426595,838223
0,340,412569,427611,840180
0,350,413524,428642,842166
0,360,414507,429670,844177
0,370,415443,430606,846049
0,380,416357,431622,847979
0,390,417301,432532,849833
0,400,418224,433465,851689
0,410,419112,434387,853499
0,420,420042,435270,855312
0,430,420935,436137,857072
0,440,421761,437066,858827
0,450,422684,437990,860674
0,460,423583,438882,862465
0,470,424450,439894,864344
0,480,425345,440843,866188
0,490,426240,441839,868079
0,500,427193,442771,869964
0,510,428119,443729,871848
0,520,429054,444657,873711
0,530,430002,445637,875639
0,540,430934,446571,877505
0,550,431928,447517,879445
0,560,432861,448504,881365
0,570,433814,449503,883317
0,580,434833,450462,885295
0,590,435797,451404,887201
0,600,436815,452350,889165
0,610,437831,453295,891126
0,620,438827,454290,893117
0,630,439861,455282,895143
0,640,440876,456290,897166
0,650,441811,457190,899001
0,660,442699,458105,900804
0,670,443632,459064,902696
0,680,444521,459992,904513
0,690,445479,460911,906390
0,700,446334,461859,908193
0,710,447177,462849,910026
0,720,448086,463791,911877
0,730,448997,464729,913726
0,740,449863,465616,915479
0,750,450671,466549,917220
0,760,451549,467538,919087
0,770,452427,468483,920910
0,780,453253,469431,922684
0,790,454119,470292,924411
0,800,455003,471152,926155
0,810,455895,471998,927893
0,820,456760,472912,929672
0,830,457620,473761,931381
0,840,458506,474640,933146
0,850,459364,475547,934911
0,860,460194,476432,936626
0,870,460973,477276,938249
0,880,461816,478166,939982
0,890,462634,479071,941705
0,900,463445,480007,943452
0,910,464267,480958,945225
0,920,465088,481806,946894
0,930,465930,482682,948612
0,940,466806,483548,950354
0,950,467621,484395,952016
0,960,468460,485267,953727
0,970,469315,486138,955453
0,980,470154,486999,957153
0,990,470919,487823,958742
0,1000,471707,488688,960395
0,1010,472507,489573,962080
0,1020,473296,490409,963705
0,1030,474115,491273,965388
0,1040,474898,492108,967006
0,1050,475699,492971,968670
0,1060,476497,493835,970332
0,1070,477380,494685,972065
0,1080,478203,495607,973810
0,1090,479004,496482,975486
0,1100,479843,497372,977215
0,1110,480708,498228,978936
0,1120,481547,499079,980626
0,1130,482368,499931,982299
0,1140,483209,500721,983930
0,1150,484024,501562,985586
0,1160,484862,502412,987274
0,1170,485696,503299,988995
0,1180,486495,504171,990666
0,1190,487295,505044,992339
0,1200,488104,505957,994061
0,1210,488969,506820,995789
0,1220,489778,507660,997438
0,1230,490595,508524,999119
0,1240,491453,509357,1000810
0,1250,492284,510251,1002535
0,1260,493114,511107,1004221
0,1270,493969,512044,1006013
0,1280,494832,512922,1007754
0,1290,495727,513815,1009542
0,1300,496612,514705,1011317
0,1310,497499,515572,1013071
0,1320,498330,516435,1014765
0,1330,499161,517313,1016474
0,1340,500015,518153,1018168
0,1350,500878,519012,1019890
0,1360,501681,519892,1021573
0,1370,502609,520782,1023391
0,1380,503467,521675,1025142
0,1390,504345,522572,1026917
0,1400,505178,523414,1028592
0,1410,506081,524281,1030362
0,1420,506968,525167,1032135
0,1430,507838,526061,1033899
0,1440,508733,526978,1035711
0,1450,509588,527769,1037357
0,1460,510459,528624,1039083
0,1470,511317,529473,1040790
0,1480,512235,530317,1042552
0,1490,513088,531188,1044276
0,1500,513908,532089,1045997
0,1510,514775,532938,1047713
0,1520,515621,533810,1049431
0,1530,516451,534704,1051155
0,1540,517237,535516,1052753
0,1550,518099,536345,1054444
0,1560,518991,537306,1056297
0,1570,519835,538201,1058036
0,1580,520601,539106,1059707
0,1590,521459,540044,1061503
0,1600,522283,540926,1063209
0,1610,523249,541838,1065087
0,1620,524076,542708,1066784
0,1630,524936,543563,1068499
0,1640,525800,544463,1070263
0,1650,526668,545389,1072057
0,1660,527538,546285,1073823
0,1670,528398,547139,1075537
0,1680,529262,548020,1077282
0,1690,530117,548890,1079007
0,1700,530932,549801,1080733
0,1710,531777,550750,1082527
0,1720,532620,551640,1084260
0,1730,533457,552496,1085953
0,1740,534270,553397,1087667
0,1750,535132,554267,1089399
0,1760,535989,555132,1091121
0,1770,536866,556001,1092867
0,1780,537731,556865,1094596
0,1790,538581,557788,1096369
0,1800,539464,558675,1098139
0,1810,540320,559536,1099856
0,1820,541192,560402,1101594
0,1830,542060,561250,1103310
0,1840,542882,562102,1104984
0,1850,543750,562995,1106745
0,1860,544587,563863,1108450
0,1870,545436,564723,1110159
0,1880,546263,565648,1111911
0,1890,547153,566540,1113693
0,1900,547964,567456,1115420
0,1910,548822,568311,1117133
0,1920,549650,569190,1118840
0,1930,550541,570072,1120613
0,1940,551383,570971,1122354
0,1950,552203,571807,1124010
0,1960,552991,572682,1125673
0,1970,553847,573597,1127444
0,1980,554645,574494,1129139
0,1990,555463,575452,1130915
10,10,14198,15142,29340
10,20,111150,114838,225988
10,30,152128,157447,309575
10,40,171785,177498,349283
10,50,184021,190256,374277
10,60,192693,199318,392011
10,70,199530,206358,405888
10,80,204802,211759,416561
10,90,208719,215821,424540
10,100,211616,218753,430369
10,110,213768,220854,434622
10,120,215466,222676,438142
10,130,216966,224224,441190
10,140,218349,225649,443998
10,150,219634,226964,446598
10,160,220783,228083,448866
10,170,221918,229217,451135
10,180,222968,230319,453287
10,190,224027,231356,455383
10,200,225015,232333,457348
10,210,225957,233297,459254
10,220,226889,234210,461099
10,230,227838,235176,463014
10,240,228730,236115,464845
10,250,229604,237042,466646
10,260,230512,237961,468473
10,270,231393,238872,470265
10,280,232258,239781,472039
10,290,233136,240720,473856
10,300,234037,241665,475702
10,310,234935,242624,477559
10,320,235834,243628,479462
10,330,236792,244608,481400
10,340,237733,245624,483357
10,350,238688,246655,485343
10,360,239671,247683,487354
10,370,240607,248619,489226
10,380,241521,249635,491156
10,390,242465,250545,493010
10,400,243388,251478,494866
10,410,244276,252400,496676
10,420,245206,253283,498489
10,430,246099,254150,500249
10,440,246925,255079,502004
10,450,247848,256003,503851
10,460,248747,256895,505642
10,470,249614,257907,507521
10,480,250509,258856,509365
10,490,251404,259852,511256
10,500,252357,260784,513141
10,510,253283,261742,515025
10,520,254218,262670,516888
10,530,255166,263650,518816
10,540,256098,264584,520682
10,550,257092,265530,522622
10,560,258025,266517,524542
10,570,258978,267516,526494
10,580,259997,268475,528472
10,590,260961,269417,530378
10,600,261979,270363,532342
10,610,262995,271308,534303
10,620,263991,272303,536294
10,630,265025,273295,538320
10,640,266040,274303,540343
10,650,266975,275203,542178
10,660,267863,276118,543981
10,670,268796,277077,545873
10,680,269685,278005,547690
10,690,270643,278924,549567
10,700,271498,279872,551370
10,710,272341,280862,553203
10,720,273250,281804,555054
10,730,274161,282742,556903
10,740,275027,283629,558656
10,750,275835,284562,560397
10,760,276713,285551,562264
10,770,277591,286496,564087
10,780,278417,287444,565861
10,790,279283,288305,567588
10,800,280167,289165,569332
10,810,281059,290011,571070
10,820,281924,290925,572849
10,830,282784,291774,574558
10,840,283670,292653,576323
10,850,284528,293560,578088
10,860,285358,294445,579803
10,870,286137,295289,581426
10,880,286980,296179,583159
10,890,287798,297084,584882
10,900,288609,298020,586629
10,910,289431,298971,588402
10,920,290252,299819,590071
10,930,291094,300695,591789
10,940,291970,301561,593531
10,950,292785,302408,595193
10,960,293624,303280,596904
10,970,294479,304151,598630
10,980,295318,305012,600330
10,990,296083,305836,601919
10,1000,296871,306701,603572
10,1010,297671,307586,605257
10,1020,298460,308422,606882
10,1030,299279,309286,608565
10,1040,300062,310121,610183
10,1050,300863,310984,611847
10,1060,301661,311848,613509
10,1070,302544,312698,615242
10,1080,303367,313620,616987
10,1090,304168,314495,618663
10,1100,305007,315385,620392
10,1110,305872,316241,622113
10,1120,306711,317092,623803
10,1130,307532,317944,625476
10,1140,308373,318734,627107
10,1150,309188,319575,628763
10,1160,310026,320425,630451
10,1170,310860,321312,632172
10,1180,311659,322184,633843
10,1190,312459,323057,635516
10,1200,313268,323970,637238
10,1210,314133,324833,638966
10,1220,314942,325673,640615
10,1230,315759,326537,642296
10,1240,316617,327370,643987
10,1250,317448,328264,645712
10,1260,318278,329120,647398
10,1270,319133,330057,649190
10,1280,319996,330935,650931
10,1290,320891,331828,652719
10,1300,321776,332718,654494
10,1310,322663,333585,656248
10,1320,323494,334448,657942
10,1330,324325,335326,659651
10,1340,325179,336166,661345
10,1350,326042,337025,663067
10,1360,326845,337905,664750
10,1370,327773,338795,666568
10,1380,328631,339688,668319
10,1390,329509,340585,670094
10,1400,330342,341427,671769
10,1410,331245,342294,673539
10,1420,332132,343180,675312
10,1430,333002,344074,677076
10,1440,333897,344991,678888
10,1450,334752,345782,680534
10,1460,335623,346637,682260
10,1470,336481,347486,683967
10,1480,337399,348330,685729
10,1490,338252,349201,687453
10,1500,339072,350102,689174
10,1510,339939,350951,690890
10,1520,340785,351823,692608
10,1530,341615,352717,694332
10,1540,342401,353529,695930
10,1550,343263,354358,697621
10,1560,344155,355319,699474
10,1570,344999,356214,701213
10,1580,345765,357119,702884
10,1590,346623,358057,704680
10,1600,347447,358939,706386
10,1610,348413,359851,708264
10,1620,349240,360721,709961
10,1630,350100,361576,711676
10,1640,350964,362476,713440
10,1650,351832,363402,715234
10,1660,352702,364298,717000
10,1670,353562,365152,718714
10,1680,354426,366033,720459
10,1690,355281,366903,722184
10,1700,356096,367814,723910
10,1710,356941,368763,725704
10,1720,357784,369653,727437
10,1730,358621,370509,729130
10,1740,359434,371410,730844
10,1750,360296,372280,732576
10,1760,361153,373145,734298
10,1770,362030,374014,736044
10,1780,362895,374878,737773
10,1790,363745,375801,739546
10,1800,364628,376688,741316
10,1810,365484,377549,743033
10,1820,366356,378415,744771
10,1830,367224,379263,746487
10,1840,368046,380115,748161
10,1850,368914,381008,749922
10,1860,369751,381876,751627
10,1870,370600,382736,753336
10,1880,371427,383661,755088
10,1890,372317,384553,756870
10,1900,373128,385469,758597
10,1910,373986,386324,760310
10,1920,374814,387203,762017
10,1930,375705,388085,763790
10,1940,376547,388984,765531
10,1950,377367,389820,767187
10,1960,378155,390695,768850
10,1970,379011,391610,770621
10,1980,379809,392507,772316
10,1990,380627,393465,774092
20,20,6460,6779,13239
20,30,47438,49388,96826
20,40,67095,69439,136534
20,50,79331,82197,161528
20,60,88003,91259,179262
20,70,94840,98299,193139
20,80,100112,103700,203812
20,90,104029,107762,211791
20,100,106926,110694,217620
20,110,109078,112795,221873
20,120,110776,114617,225393
20,130,112276,116165,228441
20,140,113659,117590,231249
20,150,114944,118905,233849
20,160,116093,120024,236117
20,170,117228,121158,238386
20,180,118278,122260,240538
20,190,119337,123297,242634
20,200,120325,124274,244599
20,210,121267,125238,246505
20,220,122199,126151,248350
20,230,123148,127117,250265
20,240,124040,128056,252096
20,250,124914,128983,253897
20,260,125822,129902,255724
20,270,126703,130813,257516
20,280,127568,131722,259290
20,290,128446,132661,261107
20,300,129347,133606,262953
20,310,130245,134565,264810
20,320,131144,135569,266713
20,330,132102,136549,268651
20,340,133043,137565,270608
20,350,133998,138596,272594
20,360,134981,139624,274605
20,370,135917,140560,276477
20,380,136831,141576,278407
20,390,137775,142486,280261
20,400,138698,143419,282117
20,410,139586,144341,283927
20,420,140516,145224,285740
20,430,141409,146091,287500
20,440,142235,147020,289255
20,450,143158,147944,291102
20,460,144057,148836,292893
20,470,144924,149848,294772
20,480,145819,150797,296616
20,490,146714,151793,298507
20,500,147667,152725,300392
20,510,148593,153683,302276
20,520,149528,154611,304139
20,530,150476,155591,306067
20,540,151408,156525,307933
20,550,152402,157471,309873
20,560,153335,158458,311793
20,570,154288,159457,313745
20,580,155307,160416,315723
20,590,156271,161358,317629
20,600,157289,162304,319593
20,610,158305,163249,321554
20,620,159301,164244,323545
20,630,160335,165236,325571
20,640,161350,166244,327594
20,650,162285,167144,329429
20,660,163173,168059,331232
20,670,164106,169018,333124
20,680,164995,169946,334941
20,690,165953,170865,336818
20,700,166808,171813,338621
20,710,167651,172803,340454
20,720,168560,173745,342305
20,730,169471,174683,344154
20,740,170337,175570,345907
20,750,171145,176503,347648
20,760,172023,177492,349515
20,770,172901,178437,351338
20,780,173727,179385,353112
20,790,174593,180246,354839
20,800,175477,181106,356583
20,810,176369,181952,358321
20,820,177234,182866,360100
20,830,178094,183715,361809
20,840,178980,184594,363574
20,850,179838,185501,365339
20,860,180668,186386,367054
20,870,181447,187230,368677
20,880,182290,188120,370410
20,890,183108,189025,372133
20,900,183919,189961,373880
20,910,184741,190912,375653
20,920,185562,191760,377322
20,930,186404,192636,379040
20,940,187280,193502,380782
20,950,188095,194349,382444
20,960,188934,195221,384155
20,970,189789,196092,385881
20,980,190628,196953,387581
20,990,191393,197777,389170
20,1000,192181,198642,390823
20,1010,192981,199527,392508
20,1020,193770,200363,394133
20,1030,194589,201227,395816
20,1040,195372,202062,397434
20,1050,196173,202925,399098
20,1060,196971,203789,400760
20,1070,197854,204639,402493
20,1080,198677,205561,404238
20,1090,199478,206436,405914
20,1100,200317,207326,407643
20,1110,201182,208182,409364
20,1120,202021,209033,411054
20,1130,202842,209885,412727
20,1140,203683,210675,414358
20,1150,204498,211516,416014
20,1160,205336,212366,417702
20,1170,206170,213253,419423
20,1180,206969,214125,421094
20,1190,207769,214998,422767
20,1200,208578,215911,424489
20,1210,209443,216774,426217
20,1220,210252,217614,427866
20,1230,211069,218478,429547
20,1240,211927,219311,431238
20,1250,212758,220205,432963
20,1260,213588,221061,434649
20,1270,214443,221998,436441
20,1280,215306,222876,438182
20,1290,216201,223769,439970
20,1300,217086,224659,441745
20,1310,217973,225526,443499
20,1320,218804,226389,445193
20,1330,219635,227267,446902
20,1340,220489,228107,448596
20,1350,221352,228966,450318
20,1360,222155,229846,452001
20,1370,223083,230736,453819
20,1380,223941,231629,455570
20,1390,224819,232526,457345
20,1400,225652,233368,459020
20,1410,226555,234235,460790
20,1420,227442,235121,462563
20,1430,228312,236015,464327
20,1440,229207,236932,466139
20,1450,230062,237723,467785
20,1460,230933,238578,469511
20,1470,231791,239427,471218
20,1480,232709,240271,472980
20,1490,233562,241142,474704
20,1500,234382,242043,476425
20,1510,235249,242892,478141
20,1520,236095,243764,479859
20,1530,236925,244658,481583
20,1540,237711,245470,483181
20,1550,238573,246299,484872
20,1560,239465,247260,486725
20,1570,240309,248155,488464
20,1580,241075,249060,490135
20,1590,241933,249998,491931
20,1600,242757,250880,493637
20,1610,243723,251792,495515
20,1620,244550,252662,497212
20,1630,245410,253517,498927
20,1640,246274,254417,500691
20,1650,247142,255343,502485
20,1660,248012,256239,504251
20,1670,248872,257093,505965
20,1680,249736,257974,507710
20,1690,250591,258844,509435
20,1700,251406,259755,511161
20,1710,252251,260704,512955
20,1720,253094,261594,514688
20,1730,253931,262450,516381
20,1740,254744,263351,518095
20,1750,255606,264221,519827
20,1760,256463,265086,521549
20,1770,257340,265955,523295
20,1780,258205,266819,525024
20,1790,259055,267742,526797
20,1800,259938,268629,528567
20,1810,260794,269490,530284
20,1820,261666,270356,532022
20,1830,262534,271204,533738
20,1840,263356,272056,535412
20,1850,264224,272949,537173
20,1860,265061,273817,538878
20,1870,265910,274677,540587
20,1880,266737,275602,542339
20,1890,267627,276494,544121
20,1900,268438,277410,545848
20,1910,269296,278265,547561
20,1920,270124,279144,549268
20,1930,271015,280026,551041
20,1940,271857,280925,552782
20,1950,272677,281761,554438
20,1960,273465,282636,556101
20,1970,274321,283551,557872
20,1980,275119,284448,559567
20,1990,275937,285406,561343
30,30,2829,2869,5698
30,40,22486,22920,45406
30,50,34722,35678,70400
30,60,43394,44740,88134
30,70,50231,51780,102011
30,80,55503,57181,112684
30,90,59420,61243,120663
30,100,62317,64175,126492
30,110,64469,66276,130745
30,120,66167,68098,134265
30,130,67667,69646,137313
30,140,69050,71071,140121
30,150,70335,72386,142721
30,160,71484,73505,144989
30,170,72619,74639,147258
30,180,73669,75741,149410
30,190,74728,76778,151506
30,200,75716,77755,153471
30,210,76658,78719,155377
30,220,77590,79632,157222
30,230,78539,80598,159137
30,240,79431,81537,160968
30,250,80305,82464,162769
30,260,81213,83383,164596
30,270,82094,84294,166388
30,280,82959,85203,168162
30,290,83837,86142,169979
30,300,84738,87087,171825
30,310,85636,88046,173682
30,320,86535,89050,175585
30,330,87493,90030,177523
30,340,88434,91046,179480
30,350,89389,92077,181466
30,360,90372,93105,183477
30,370,91308,94041,185349
30,380,92222,95057,187279
30,390,93166,95967,189133
30,400,94089,96900,190989
30,410,94977,97822,192799
30,420,95907,98705,194612
30,430,96800,99572,196372
30,440,97626,100501,198127
30,450,98549,101425,199974
30,460,99448,102317,201765
30,470,100315,103329,203644
30,480,101210,104278,205488
30,490,102105,105274,207379
30,500,103058,106206,209264
30,510,103984,107164,211148
30,520,104919,108092,213011
30,530,105867,109072,214939
30,540,106799,110006,216805
30,550,107793,110952,218745
30,560,108726,111939,220665
30,570,109679,112938,222617
30,580,110698,113897,224595
30,590,111662,114839,226501
30,600,112680,115785,228465
30,610,113696,116730,230426
30,620,114692,117725,232417
30,630,115726,118717,234443
30,640,116741,119725,236466
30,650,117676,120625,238301
30,660,118564,121540,240104
30,670,119497,122499,241996
30,680,120386,123427,243813
30,690,121344,124346,245690
30,700,122199,125294,247493
30,710,123042,126284,249326
30,720,123951,127226,251177
30,730,124862,128164,253026
30,740,125728,129051,254779
30,750,126536,129984,256520
30,760,127414,130973,258387
30,770,128292,131918,260210
30,780,129118,132866,261984
30,790,129984,133727,263711
30,800,130868,134587,265455
30,810,131760,135433,267193
30,820,132625,136347,268972
30,830,133485,137196,270681
30,840,134371,138075,272446
30,850,135229,138982,274211
30,860,136059,139867,275926
30,870,136838,140711,277549
30,880,137681,141601,279282
30,890,138499,142506,281005
30,900,139310,143442,282752
30,910,140132,144393,284525
30,920,140953,145241,286194
30,930,141795,146117,287912
30,940,142671,146983,289654
30,950,143486,147830,291316
30,960,144325,148702,293027
30,970,145180,149573,294753
30,980,146019,150434,296453
30,990,146784,151258,298042
30,1000,147572,152123,299695
30,1010,148372,153008,301380
30,1020,149161,153844,303005
30,1030,149980,154708,304688
30,1040,150763,155543,306306
30,1050,151564,156406,307970
30,1060,152362,157270,309632
30,1070,153245,158120,311365
30,1080,154068,159042,313110
30,1090,154869,159917,314786
30,1100,155708,160807,316515
30,1110,156573,161663,318236
30,1120,157412,162514,319926
30,1130,158233,163366,321599
30,1140,159074,164156,323230
30,1150,159889,164997,324886
30,1160,160727,165847,326574
30,1170,161561,166734,328295
30,1180,162360,167606,329966
30,1190,163160,168479,331639
30,1200,163969,169392,333361
30,1210,164834,170255,335089
30,1220,165643,171095,336738
30,1230,166460,171959,338419
30,1240,167318,172792,340110
30,1250,168149,173686,341835
30,1260,168979,174542,343521
30,1270,169834,175479,345313
30,1280,170697,176357,347054
30,1290,171592,177250,348842
30,1300,172477,178140,350617
30,1310,173364,179007,352371
30,1320,174195,179870,354065
30,1330,175026,180748,355774
30,1340,175880,181588,357468
30,1350,176743,182447,359190
30,1360,177546,183327,360873
30,1370,178474,184217,362691
30,1380,179332,185110,364442
30,1390,180210,186007,366217
30,1400,181043,186849,367892
30,1410,181946,187716,369662
30,1420,182833,188602,371435
30,1430,183703,189496,373199
30,1440,184598,190413,375011
30,1450,185453,191204,376657
30,1460,186324,192059,378383
30,1470,187182,192908,380090
30,1480,188100,193752,381852
30,1490,188953,194623,383576
30,1500,189773,195524,385297
30,1510,190640,196373,387013
30,1520,191486,197245,388731
30,1530,192316,198139,390455
30,1540,193102,198951,392053
30,1550,193964,199780,393744
30,1560,194856,200741,395597
30,1570,195700,201636,397336
30,1580,196466,202541,399007
30,1590,197324,203479,400803
30,1600,198148,204361,402509
30,1610,199114,205273,404387
30,1620,199941,206143,406084
30,1630,200801,206998,407799
30,1640,201665,207898,409563
30,1650,202533,208824,411357
30,1660,203403,209720,413123
30,1670,204263,210574,414837
30,1680,205127,211455,416582
30,1690,205982,212325,418307
30,1700,206797,213236,420033
30,1710,207642,214185,421827
30,1720,208485,215075,423560
30,1730,209322,215931,425253
30,1740,210135,216832,426967
30,1750,210997,217702,428699
30,1760,211854,218567,430421
30,1770,212731,219436,432167
30,1780,213596,220300,433896
30,1790,214446,221223,435669
30,1800,215329,222110,437439
30,1810,216185,222971,439156
30,1820,217057,223837,440894
30,1830,217925,224685,442610
30,1840,218747,225537,444284
30,1850,219615,226430,446045
30,1860,220452,227298,447750
30,1870,221301,228158,449459
30,1880,222128,229083,451211
30,1890,223018,229975,452993
30,1900,223829,230891,454720
30,1910,224687,231746,456433
30,1920,225515,232625,458140
30,1930,226406,233507,459913
30,1940,227248,234406,461654
30,1950,228068,235242,463310
30,1960,228856,236117,464973
30,1970,229712,237032,466744
30,1980,230510,237929,468439
30,1990,231328,238887,470215
40,40,1561,1575,3136
40,50,13797,14333,28130
40,60,22469,23395,45864
40,70,29306,30435,59741
40,80,34578,35836,70414
40,90,38495,39898,78393
40,100,41392,42830,84222
40,110,43544,44931,88475
40,120,45242,46753,91995
40,130,46742,48301,95043
40,140,48125,49726,97851
40,150,49410,51041,100451
40,160,50559,52160,102719
40,170,51694,53294,104988
40,180,52744,54396,107140
40,190,53803,55433,109236
40,200,54791,56410,111201
40,210,55733,57374,113107
40,220,56665,58287,114952
40,230,57614,59253,116867
40,240,58506,60192,118698
40,250,59380,61119,120499
40,260,60288,62038,122326
40,270,61169,62949,124118
40,280,62034,63858,125892
40,290,62912,64797,127709
40,300,63813,65742,129555
40,310,64711,66701,131412
40,320,65610,67705,133315
40,330,66568,68685,135253
40,340,67509,69701,137210
40,350,68464,70732,139196
40,360,69447,71760,141207
40,370,70383,72696,143079
40,380,71297,73712,145009
40,390,72241,74622,146863
40,400,73164,75555,148719
40,410,74052,76477,150529
40,420,74982,77360,152342
40,430,75875,78227,154102
40,440,76701,79156,155857
40,450,77624,80080,157704
40,460,78523,80972,159495
40,470,79390,81984,161374
40,480,80285,82933,163218
40,490,81180,83929,165109
40,500,82133,84861,166994
40,510,83059,85819,168878
40,520,83994,86747,170741
40,530,84942,87727,172669
40,540,85874,88661,174535
40,550,86868,89607,176475
40,560,87801,90594,178395
40,570,88754,91593,180347
40,580,89773,92552,182325
40,590,90737,93494,184231
40,600,91755,94440,186195
40,610,92771,95385,188156
40,620,93767,96380,190147
40,630,94801,97372,192173
40,640,95816,98380,194196
40,650,96751,99280,196031
40,660,97639,100195,197834
40,670,98572,101154,199726
40,680,99461,102082,201543
40,690,100419,103001,203420
40,700,101274,103949,205223
40,710,102117,104939,207056
40,720,103026,105881,208907
40,730,103937,106819,210756
40,740,104803,107706,212509
40,750,105611,108639,214250
40,760,106489,109628,216117
40,770,107367,110573,217940
40,780,108193,111521,219714
40,790,109059,112382,221441
40,800,109943,113242,223185
40,810,110835,114088,224923
40,820,111700,115002,226702
40,830,112560,115851,228411
40,840,113446,116730,230176
40,850,114304,117637,231941
40,860,115134,118522,233656
40,870,115913,119366,235279
40,880,116756,120256,237012
40,890,117574,121161,238735
40,900,118385,122097,240482
40,910,119207,123048,242255
40,920,120028,123896,243924
40,930,120870,124772,245642
40,940,121746,125638,247384
40,950,122561,126485,249046
40,960,123400,127357,250757
40,970,124255,128228,252483
40,980,125094,129089,254183
40,990,125859,129913,255772
40,1000,126647,130778,257425
40,1010,127447,131663,259110
40,1020,128236,132499,260735
40,1030,129055,133363,262418
40,1040,129838,134198,264036
40,1050,130639,135061,265700
40,1060,131437,135925,267362
40,1070,132320,136775,269095
40,1080,133143,137697,270840
40,1090,133944,138572,272516
40,1100,134783,139462,274245
40,1110,135648,140318,275966
40,1120,136487,141169,277656
40,1130,137308,142021,279329
40,1140,138149,142811,280960
40,1150,138964,143652,282616
40,1160,139802,144502,284304
40,1170,140636,145389,286025
40,1180,141435,146261,287696
40,1190,142235,147134,289369
40,1200,143044,148047,291091
40,1210,143909,148910,292819
40,1220,144718,149750,294468
40,1230,145535,150614,296149
40,1240,146393,151447,297840
40,1250,147224,152341,299565
40,1260,148054,153197,301251
40,1270,148909,154134,303043
40,1280,149772,155012,304784
40,1290,150667,155905,306572
40,1300,151552,156795,308347
40,1310,152439,157662,310101
40,1320,153270,158525,311795
40,1330,154101,159403,313504
40,1340,154955,160243,315198
40,1350,155818,161102,316920
40,1360,156621,161982,318603
40,1370,157549,162872,320421
40,1380,158407,163765,322172
40,1390,159285,164662,323947
40,1400,160118,165504,325622
40,1410,161021,166371,327392
40,1420,161908,167257,329165
40,1430,162778,168151,330929
40,1440,163673,169068,332741
40,1450,164528,169859,334387
40,1460,165399,170714,336113
40,1470,166257,171563,337820
40,1480,167175,172407,339582
40,1490,168028,173278,341306
40,1500,168848,174179,343027
40,1510,169715,175028,344743
40,1520,170561,175900,346461
40,1530,171391,176794,348185
40,1540,172177,177606,349783
40,1550,173039,178435,351474
40,1560,173931,179396,353327
40,1570,174775,180291,355066
40,1580,175541,181196,356737
40,1590,176399,182134,358533
40,1600,177223,183016,360239
40,1610,178189,183928,362117
40,1620,179016,184798,363814
40,1630,179876,185653,365529
40,1640,180740,186553,367293
40,1650,181608,187479,369087
40,1660,182478,188375,370853
40,1670,183338,189229,372567
40,1680,184202,190110,374312
40,1690,185057,190980,376037
40,1700,185872,191891,377763
40,1710,186717,192840,379557
40,1720,187560,193730,381290
40,1730,188397,194586,382983
40,1740,189210,195487,384697
40,1750,190072,196357,386429
40,1760,190929,197222,388151
40,1770,191806,198091,389897
40,1780,192671,198955,391626
40,1790,193521,199878,393399
40,1800,194404,200765,395169
40,1810,195260,201626,396886
40,1820,196132,202492,398624
40,1830,197000,203340,400340
40,1840,197822,204192,402014
40,1850,198690,205085,403775
40,1860,199527,205953,405480
40,1870,200376,206813,407189
40,1880,201203,207738,408941
40,1890,202093,208630,410723
40,1900,202904,209546,412450
40,1910,203762,210401,414163
40,1920,204590,211280,415870
40,1930,205481,212162,417643
40,1940,206323,213061,419384
40,1950,207143,213897,421040
40,1960,207931,214772,422703
40,1970,208787,215687,424474
40,1980,209585,216584,426169
40,1990,210403,217542,427945
50,50,1062,1174,2236
50,60,9734,10236,19970
50,70,16571,17276,33847
50,80,21843,22677,44520
50,90,25760,26739,52499
50,100,28657,29671,58328
50,110,30809,31772,62581
50,120,32507,33594,66101
50,130,34007,35142,69149
50,140,35390,36567,71957
50,150,36675,37882,74557
50,160,37824,39001,76825
50,170,38959,40135,79094
50,180,40009,41237,81246
50,190,41068,42274,83342
50,200,42056,43251,85307
50,210,42998,44215,87213
50,220,43930,45128,89058
50,230,44879,46094,90973
50,240,45771,47033,92804
50,250,46645,47960,94605
50,260,47553,48879,96432
50,270,48434,49790,98224
50,280,49299,50699,99998
50,290,50177,51638,101815
50,300,51078,52583,103661
50,310,51976,53542,105518
50,320,52875,54546,107421
50,330,53833,55526,109359
50,340,54774,56542,111316
50,350,55729,57573,113302
50,360,56712,58601,115313
50,370,57648,59537,117185
50,380,58562,60553,119115
50,390,59506,61463,120969
50,400,60429,62396,122825
50,410,61317,63318,124635
50,420,62247,64201,126448
50,430,63140,65068,128208
50,440,63966,65997,129963
50,450,64889,66921,131810
50,460,65788,67813,133601
50,470,66655,68825,135480
50,480,67550,69774,137324
50,490,68445,70770,139215
50,500,69398,71702,141100
50,510,70324,72660,142984
50,520,71259,73588,144847
50,530,72207,74568,146775
50,540,73139,75502,148641
50,550,74133,76448,150581
50,560,75066,77435,152501
50,570,76019,78434,154453
50,580,77038,79393,156431
50,590,78002,80335,158337
50,600,79020,81281,160301
50,610,80036,82226,162262
50,620,81032,83221,164253
50,630,82066,84213,166279
50,640,83081,85221,168302
50,650,84016,86121,170137
50,660,84904,87036,171940
50,670,85837,87995,173832
50,680,86726,88923,175649
50,690,87684,89842,177526
50,700,88539,90790,179329
50,710,89382,91780,181162
50,720,90291,92722,183013
50,730,91202,93660,184862
50,740,92068,94547,186615
50,750,92876,95480,188356
50,760,93754,96469,190223
50,770,94632,97414,192046
50,780,95458,98362,193820
50,790,96324,99223,195547
50,800,97208,100083,197291
50,810,98100,100929,199029
50,820,98965,101843,200808
50,830,99825,102692,202517
50,840,100711,103571,204282
50,850,101569,104478,206047
50,860,102399,105363,207762
50,870,103178,106207,209385
50,880,104021,107097,211118
50,890,104839,108002,212841
50,900,105650,108938,214588
50,910,106472,109889,216361
50,920,107293,110737,218030
50,930,108135,111613,219748
50,940,109011,112479,221490
50,950,109826,113326,223152
50,960,110665,114198,224863
50,970,111520,115069,226589
50,980,112359,115930,228289
50,990,113124,116754,229878
50,1000,113912,117619,231531
50,1010,114712,118504,233216
50,1020,115501,119340,234841
50,1030,116320,120204,236524
50,1040,117103,121039,238142
50,1050,117904,121902,239806
50,1060,118702,122766,241468
50,1070,119585,123616,243201
50,1080,120408,124538,244946
50,1090,121209,125413,246622
50,1100,122048,126303,248351
50,1110,122913,127159,250072
50,1120,123752,128010,251762
50,1130,124573,128862,253435
50,1140,125414,129652,255066
50,1150,126229,130493,256722
50,1160,127067,131343,258410
50,1170,127901,132230,260131
50,1180,128700,133102,261802
50,1190,129500,133975,263475
50,1200,130309,134888,265197
50,1210,131174,135751,266925
50,1220,131983,136591,268574
50,1230,132800,137455,270255
50,1240,133658,138288,271946
50,1250,134489,139182,273671
50,1260,135319,140038,275357
50,1270,136174,140975,277149
50,1280,137037,141853,278890
50,1290,137932,142746,280678
50,1300,138817,143636,282453
50,1310,139704,144503,284207
50,1320,140535,145366,285901
50,1330,141366,146244,287610
50,1340,142220,147084,289304
50,1350,143083,147943,291026
50,1360,143886,148823,292709
50,1370,144814,149713,294527
50,1380,145672,150606,296278
50,1390,146550,151503,298053
50,1400,147383,152345,299728
50,1410,148286,153212,301498
50,1420,149173,154098,303271
50,1430,150043,154992,305035
50,1440,150938,155909,306847
50,1450,151793,156700,308493
50,1460,152664,157555,310219
50,1470,153522,158404,311926
50,1480,154440,159248,313688
50,1490,155293,160119,315412
50,1500,156113,161020,317133
50,1510,156980,161869,318849
50,1520,157826,162741,320567
50,1530,158656,163635,322291
50,1540,159442,164447,323889
50,1550,160304,165276,325580
50,1560,161196,166237,327433
50,1570,162040,167132,329172
50,1580,162806,168037,330843
50,1590,163664,168975,332639
50,1600,164488,169857,334345
50,1610,165454,170769,336223
50,1620,166281,171639,337920
50,1630,167141,172494,339635
50,1640,168005,173394,341399
50,1650,168873,174320,343193
50,1660,169743,175216,344959
50,1670,170603,176070,346673
50,1680,171467,176951,348418
50,1690,172322,177821,350143
50,1700,173137,178732,351869
50,1710,173982,179681,353663
50,1720,174825,180571,355396
50,1730,175662,181427,357089
50,1740,176475,182328,358803
50,1750,177337,183198,360535
50,1760,178194,184063,362257
50,1770,179071,184932,364003
50,1780,179936,185796,365732
50,1790,180786,186719,367505
50,1800,181669,187606,369275
50,1810,182525,188467,370992
50,1820,183397,189333,372730
50,1830,184265,190181,374446
50,1840,185087,191033,376120
50,1850,185955,191926,377881
50,1860,186792,192794,379586
50,1870,187641,193654,381295
50,1880,188468,194579,383047
50,1890,189358,195471,384829
50,1900,190169,196387,386556
50,1910,191027,197242,388269
50,1920,191855,198121,389976
50,1930,192746,199003,391749
50,1940,193588,199902,393490
50,1950,194408,200738,395146
50,1960,195196,201613,396809
50,1970,196052,202528,398580
50,1980,196850,203425,400275
50,1990,197668,204383,402051
60,60,793,863,1656
60,70,7630,7903,15533
60,80,12902,13304,26206
60,90,16819,17366,34185
60,100,19716,20298,40014
60,110,21868,22399,44267
60,120,23566,24221,47787
60,130,25066,25769,50835
60,140,26449,27194,53643
60,150,27734,28509,56243
60,160,28883,29628,58511
60,170,30018,30762,60780
60,180,31068,31864,62932
60,190,32127,32901,65028
60,200,33115,33878,66993
60,210,34057,34842,68899
60,220,34989,35755,70744
60,230,35938,36721,72659
60,240,36830,37660,74490
60,250,37704,38587,76291
60,260,38612,39506,78118
60,270,39493,40417,79910
60,280,40358,41326,81684
60,290,41236,42265,83501
60,300,42137,43210,85347
60,310,43035,44169,87204
60,320,43934,45173,89107
60,330,44892,46153,91045
60,340,45833,47169,93002
60,350,46788,48200,94988
60,360,47771,49228,96999
60,370,48707,50164,98871
60,380,49621,51180,100801
60,390,50565,52090,102655
60,400,51488,53023,104511
60,410,52376,53945,106321
60,420,53306,54828,108134
60,430,54199,55695,109894
60,440,55025,56624,111649
60,450,55948,57548,113496
60,460,56847,58440,115287
60,470,57714,59452,117166
60,480,58609,60401,119010
60,490,59504,61397,120901
60,500,60457,62329,122786
60,510,61383,63287,124670
60,520,62318,64215,126533
60,530,63266,65195,128461
60,540,64198,66129,130327
60,550,65192,67075,132267
60,560,66125,68062,134187
60,570,67078,69061,136139
60,580,68097,70020,138117
60,590,69061,70962,140023
60,600,70079,71908,141987
60,610,71095,72853,143948
60,620,72091,73848,145939
60,630,73125,74840,147965
60,640,74140,75848,149988
60,650,75075,76748,151823
60,660,75963,77663,153626
60,670,76896,78622,155518
60,680,77785,79550,157335
60,690,78743,80469,159212
60,700,79598,81417,161015
60,710,80441,82407,162848
60,720,81350,83349,164699
60,730,82261,84287,166548
60,740,83127,85174,168301
60,750,83935,86107,170042
60,760,84813,87096,171909
60,770,85691,88041,173732
60,780,86517,88989,175506
60,790,87383,89850,177233
60,800,88267,90710,178977
60,810,89159,91556,180715
60,820,90024,92470,182494
60,830,90884,93319,184203
60,840,91770,94198,185968
60,850,92628,95105,187733
60,860,93458,95990,189448
60,870,94237,96834,191071
60,880,95080,97724,192804
60,890,95898,98629,194527
60,900,96709,99565,196274
60,910,97531,100516,198047
60,920,98352,101364,199716
60,930,99194,102240,201434
60,940,100070,103106,203176
60,950,100885,103953,204838
60,960,101724,104825,206549
60,970,102579,105696,208275
60,980,103418,106557,209975
60,990,104183,107381,211564
60,1000,104971,108246,213217
60,1010,105771,109131,214902
60,1020,106560,109967,216527
60,1030,107379,110831,218210
60,1040,108162,111666,219828
60,1050,108963,112529,221492
60,1060,109761,113393,223154
60,1070,110644,114243,224887
60,1080,111467,115165,226632
60,1090,112268,116040,228308
60,1100,113107,116930,230037
60,1110,113972,117786,231758
60,1120,114811,118637,233448
60,1130,115632,119489,235121
60,1140,116473,120279,236752
60,1150,117288,121120,238408
60,1160,118126,121970,240096
60,1170,118960,122857,241817
60,1180,119759,123729,243488
60,1190,120559,124602,245161
60,1200,121368,125515,246883
60,1210,122233,126378,248611
60,1220,123042,127218,250260
60,1230,123859,128082,251941
60,1240,124717,128915,253632
60,1250,125548,129809,255357
60,1260,126378,130665,257043
60,1270,127233,131602,258835
60,1280,128096,132480,260576
60,1290,128991,133373,262364
60,1300,129876,134263,264139
60,1310,130763,135130,265893
60,1320,131594,135993,267587
60,1330,132425,136871,269296
60,1340,133279,137711,270990
60,1350,134142,138570,272712
60,1360,134945,139450,274395
60,1370,135873,140340,276213
60,1380,136731,141233,277964
60,1390,137609,142130,279739
60,1400,138442,142972,281414
60,1410,139345,143839,283184
60,1420,140232,144725,284957
60,1430,141102,145619,286721
60,1440,141997,146536,288533
60,1450,142852,147327,290179
60,1460,143723,148182,291905
60,1470,144581,149031,293612
60,1480,145499,149875,295374
60,1490,146352,150746,297098
60,1500,147172,151647,298819
60,1510,148039,152496,300535
60,1520,148885,153368,302253
60,1530,149715,154262,303977
60,1540,150501,155074,305575
60,1550,151363,155903,307266
60,1560,152255,156864,309119
60,1570,153099,157759,310858
60,1580,153865,158664,312529
60,1590,154723,159602,314325
60,1600,155547,160484,316031
60,1610,156513,161396,317909
60,1620,157340,162266,319606
60,1630,158200,163121,321321
60,1640,159064,164021,323085
60,1650,159932,164947,324879
60,1660,160802,165843,326645
60,1670,161662,166697,328359
60,1680,162526,167578,330104
60,1690,163381,168448,331829
60,1700,164196,169359,333555
60,1710,165041,170308,335349
60,1720,165884,171198,337082
60,1730,166721,172054,338775
60,1740,167534,172955,340489
60,1750,168396,173825,342221
60,1760,169253,174690,343943
60,1770,170130,175559,345689
60,1780,170995,176423,347418
60,1790,171845,177346,349191
60,1800,172728,178233,350961
60,1810,173584,179094,352678
60,1820,174456,179960,354416
60,1830,175324,180808,356132
60,1840,176146,181660,357806
60,1850,177014,182553,359567
60,1860,177851,183421,361272
60,1870,178700,184281,362981
60,1880,179527,185206,364733
60,1890,180417,186098,366515
60,1900,181228,187014,368242
60,1910,182086,187869,369955
60,1920,182914,188748,371662
60,1930,183805,189630,373435
60,1940,184647,190529,375176
60,1950,185467,191365,376832
60,1960,186255,192240,378495
60,1970,187111,193155,380266
60,1980,187909,194052,381961
60,1990,188727,195010,383737
70,70,598,631,1229
70,80,5870,6032,11902
70,90,9787,10094,19881
70,100,12684,13026,25710
70,110,14836,15127,29963
70,120,16534,16949,33483
70,130,18034,18497,36531
70,140,19417,19922,39339
70,150,20702,21237,41939
70,160,21851,22356,44207
70,170,22986,23490,46476
70,180,24036,24592,48628
70,190,25095,25629,50724
70,200,26083,26606,52689
70,210,27025,27570,54595
70,220,27957,28483,56440
70,230,28906,29449,58355
70,240,29798,30388,60186
70,250,30672,31315,61987
70,260,31580,32234,63814
70,270,32461,33145,65606
70,280,33326,34054,67380
70,290,34204,34993,69197
70,300,35105,35938,71043
70,310,36003,36897,72900
70,320,36902,37901,74803
70,330,37860,38881,76741
70,340,38801,39897,78698
70,350,39756,40928,80684
70,360,40739,41956,82695
70,370,41675,42892,84567
70,380,42589,43908,86497
70,390,43533,44818,88351
70,400,44456,45751,90207
70,410,45344,46673,92017
70,420,46274,47556,93830
70,430,47167,48423,95590
70,440,47993,49352,97345
70,450,48916,50276,99192
70,460,49815,51168,100983
70,470,50682,52180,102862
70,480,51577,53129,104706
70,490,52472,54125,106597
70,500,53425,55057,108482
70,510,54351,56015,110366
70,520,55286,56943,112229
70,530,56234,57923,114157
70,540,57166,58857,116023
70,550,58160,59803,117963
70,560,59093,60790,119883
70,570,60046,61789,121835
70,580,61065,62748,123813
70,590,62029,63690,125719
70,600,63047,64636,127683
70,610,64063,65581,129644
70,620,65059,66576,131635
70,630,66093,67568,133661
70,640,67108,68576,135684
70,650,68043,69476,137519
70,660,68931,70391,139322
70,670,69864,71350,141214
70,680,70753,72278,143031
70,690,71711,73197,144908
70,700,72566,74145,146711
70,710,73409,75135,148544
70,720,74318,76077,150395
70,730,75229,77015,152244
70,740,76095,77902,153997
70,750,76903,78835,155738
70,760,77781,79824,157605
70,770,78659,80769,159428
70,780,79485,81717,161202
70,790,80351,82578,162929
70,800,81235,83438,164673
70,810,82127,84284,166411
70,820,82992,85198,168190
70,830,83852,86047,169899
70,840,84738,86926,171664
70,850,85596,87833,173429
70,860,86426,88718,175144
70,870,87205,89562,176767
70,880,88048,90452,178500
70,890,88866,91357,180223
70,900,89677,92293,181970
70,910,90499,93244,183743
70,920,91320,94092,185412
70,930,92162,94968,187130
70,940,93038,95834,188872
70,950,93853,96681,190534
70,960,94692,97553,192245
70,970,95547,98424,193971
70,980,96386,99285,195671
70,990,97151,100109,197260
70,1000,97939,100974,198913
70,1010,98739,101859,200598
70,1020,99528,102695,202223
70,1030,100347,103559,203906
70,1040,101130,104394,205524
70,1050,101931,105257,207188
70,1060,102729,106121,208850
70,1070,103612,106971,210583
70,1080,104435,107893,212328
70,1090,105236,108768,214004
70,1100,106075,109658,215733
70,1110,106940,110514,217454
70,1120,107779,111365,219144
70,1130,108600,112217,220817
70,1140,109441,113007,222448
70,1150,110256,113848,224104
70,1160,111094,114698,225792
70,1170,111928,115585,227513
70,1180,112727,116457,229184
70,1190,113527,117330,230857
70,1200,114336,118243,232579
70,1210,115201,119106,234307
70,1220,116010,119946,235956
70,1230,116827,120810,237637
70,1240,117685,121643,239328
70,1250,118516,122537,241053
70,1260,119346,123393,242739
70,1270,120201,124330,244531
70,1280,121064,125208,246272
70,1290,121959,126101,248060
70,1300,122844,126991,249835
70,1310,123731,127858,251589
70,1320,124562,128721,253283
70,1330,125393,129599,254992
70,1340,126247,130439,256686
70,1350,127110,131298,258408
70,1360,127913,132178,260091
70,1370,128841,133068,261909
70,1380,129699,133961,263660
70,1390,130577,134858,265435
70,1400,131410,135700,267110
70,1410,132313,136567,268880
70,1420,133200,137453,270653
70,1430,134070,138347,272417
70,1440,134965,139264,274229
70,1450,135820,140055,275875
70,1460,136691,140910,277601
70,1470,137549,141759,279308
70,1480,138467,142603,281070
70,1490,139320,143474,282794
70,1500,140140,144375,284515
70,1510,141007,145224,286231
70,1520,141853,146096,287949
70,1530,142683,146990,289673
70,1540,143469,147802,291271
70,1550,144331,148631,292962
70,1560,145223,149592,294815
70,1570,146067,150487,296554
70,1580,146833,151392,298225
70,1590,147691,152330,300021
70,1600,148515,153212,301727
70,1610,149481,154124,303605
70,1620,150308,154994,305302
70,1630,151168,155849,307017
70,1640,152032,156749,308781
70,1650,152900,157675,310575
70,1660,153770,158571,312341
70,1670,154630,159425,314055
70,1680,155494,160306,315800
70,1690,156349,161176,317525
70,1700,157164,162087,319251
70,1710,158009,163036,321045
70,1720,158852,163926,322778
70,1730,159689,164782,324471
70,1740,160502,165683,326185
70,1750,161364,166553,327917
70,1760,162221,167418,329639
70,1770,163098,168287,331385
70,1780,163963,169151,333114
70,1790,164813,170074,334887
70,1800,165696,170961,336657
70,1810,166552,171822,338374
70,1820,167424,172688,340112
70,1830,168292,173536,341828
70,1840,169114,174388,343502
70,1850,169982,175281,345263
70,1860,170819,176149,346968
70,1870,171668,177009,348677
70,1880,172495,177934,350429
70,1890,173385,178826,352211
70,1900,174196,179742,353938
70,1910,175054,180597,355651
70,1920,175882,181476,357358
70,1930,176773,182358,359131
70,1940,177615,183257,360872
70,1950,178435,184093,362528
70,1960,179223,184968,364191
70,1970,180079,185883,365962
70,1980,180877,186780,367657
70,1990,181695,187738,369433
80,80,503,471,974
80,90,4420,4533,8953
80,100,7317,7465,14782
80,110,9469,9566,19035
80,120,11167,11388,22555
80,130,12667,12936,25603
80,140,14050,14361,28411
80,150,15335,15676,31011
80,160,16484,16795,33279
80,170,17619,17929,35548
80,180,18669,19031,37700
80,190,19728,20068,39796
80,200,20716,21045,41761
80,210,21658,22009,43667
80,220,22590,22922,45512
80,230,23539,23888,47427
80,240,24431,24827,49258
80,250,25305,25754,51059
80,260,26213,26673,52886
80,270,27094,27584,54678
80,280,27959,28493,56452
80,290,28837,29432,58269
80,300,29738,30377,60115
80,310,30636,31336,61972
80,320,31535,32340,63875
80,330,32493,33320,65813
80,340,33434,34336,67770
80,350,34389,35367,69756
80,360,35372,36395,71767
80,370,36308,37331,73639
80,380,37222,38347,75569
80,390,38166,39257,77423
80,400,39089,40190,79279
80,410,39977,41112,81089
80,420,40907,41995,82902
80,430,41800,42862,84662
80,440,42626,43791,86417
80,450,43549,44715,88264
80,460,44448,45607,90055
80,470,45315,46619,91934
80,480,46210,47568,93778
80,490,47105,48564,95669
80,500,48058,49496,97554
80,510,48984,50454,99438
80,520,49919,51382,101301
80,530,50867,52362,103229
80,540,51799,53296,105095
80,550,52793,54242,107035
80,560,53726,55229,108955
80,570,54679,56228,110907
80,580,55698,57187,112885
80,590,56662,58129,114791
80,600,57680,59075,116755
80,610,58696,60020,118716
80,620,59692,61015,120707
80,630,60726,62007,122733
80,640,61741,63015,124756
80,650,62676,63915,126591
80,660,63564,64830,128394
80,670,64497,65789,130286
80,680,65386,66717,132103
80,690,66344,67636,133980
80,700,67199,68584,135783
80,710,68042,69574,137616
80,720,68951,70516,139467
80,730,69862,71454,141316
80,740,70728,72341,143069
80,750,71536,73274,144810
80,760,72414,74263,146677
80,770,73292,75208,148500
80,780,74118,76156,150274
80,790,74984,77017,152001
80,800,75868,77877,153745
80,810,76760,78723,155483
80,820,77625,79637,157262
80,830,78485,80486,158971
80,840,79371,81365,160736
80,850,80229,82272,162501
80,860,81059,83157,164216
80,870,81838,84001,165839
80,880,82681,84891,167572
80,890,83499,85796,169295
80,900,84310,86732,171042
80,910,85132,87683,172815
80,920,85953,88531,174484
80,930,86795,89407,176202
80,940,87671,90273,177944
80,950,88486,91120,179606
80,960,89325,91992,181317
80,970,90180,92863,183043
80,980,91019,93724,184743
80,990,91784,94548,186332
80,1000,92572,95413,187985
80,1010,93372,96298,189670
80,1020,94161,97134,191295
80,1030,94980,97998,192978
80,1040,95763,98833,194596
80,1050,96564,99696,196260
80,1060,97362,100560,197922
80,1070,98245,101410,199655
80,1080,99068,102332,201400
80,1090,99869,103207,203076
80,1100,100708,104097,204805
80,1110,101573,104953,206526
80,1120,102412,105804,208216
80,1130,103233,106656,209889
80,1140,104074,107446,211520
80,1150,104889,108287,213176
80,1160,105727,109137,214864
80,1170,106561,110024,216585
80,1180,107360,110896,218256
80,1190,108160,111769,219929
80,1200,108969,112682,221651
80,1210,109834,113545,223379
80,1220,110643,114385,225028
80,1230,111460,115249,226709
80,1240,112318,116082,228400
80,1250,113149,116976,230125
80,1260,113979,117832,231811
80,1270,114834,118769,233603
80,1280,115697,119647,235344
80,1290,116592,120540,237132
80,1300,117477,121430,238907
80,1310,118364,122297,240661
80,1320,119195,123160,242355
80,1330,120026,124038,244064
80,1340,120880,124878,245758
80,1350,121743,125737,247480
80,1360,122546,126617,249163
80,1370,123474,127507,250981
80,1380,124332,128400,252732
80,1390,125210,129297,254507
80,1400,126043,130139,256182
80,1410,126946,131006,257952
80,1420,127833,131892,259725
80,1430,128703,132786,261489
80,1440,129598,133703,263301
80,1450,130453,134494,264947
80,1460,131324,135349,266673
80,1470,132182,136198,268380
80,1480,133100,137042,270142
80,1490,133953,137913,271866
80,1500,134773,138814,273587
80,1510,135640,139663,275303
80,1520,136486,140535,277021
80,1530,137316,141429,278745
80,1540,138102,142241,280343
80,1550,138964,143070,282034
80,1560,139856,144031,283887
80,1570,140700,144926,285626
80,1580,141466,145831,287297
80,1590,142324,146769,289093
80,1600,143148,147651,290799
80,1610,144114,148563,292677
80,1620,144941,149433,294374
80,1630,145801,150288,296089
80,1640,146665,151188,297853
80,1650,147533,152114,299647
80,1660,148403,153010,301413
80,1670,149263,153864,303127
80,1680,150127,154745,304872
80,1690,150982,155615,306597
80,1700,151797,156526,308323
80,1710,152642,157475,310117
80,1720,153485,158365,311850
80,1730,154322,159221,313543
80,1740,155135,160122,315257
80,1750,155997,160992,316989
80,1760,156854,161857,318711
80,1770,157731,162726,320457
80,1780,158596,163590,322186
80,1790,159446,164513,323959
80,1800,160329,165400,325729
80,1810,161185,166261,327446
80,1820,162057,167127,329184
80,1830,162925,167975,330900
80,1840,163747,168827,332574
80,1850,164615,169720,334335
80,1860,165452,170588,336040
80,1870,166301,171448,337749
80,1880,167128,172373,339501
80,1890,168018,173265,341283
80,1900,168829,174181,343010
80,1910,169687,175036,344723
80,1920,170515,175915,346430
80,1930,171406,176797,348203
80,1940,172248,177696,349944
80,1950,173068,178532,351600
80,1960,173856,179407,353263
80,1970,174712,180322,355034
80,1980,175510,181219,356729
80,1990,176328,182177,358505
90,90,354,356,710
90,100,3251,3288,6539
90,110,5403,5389,10792
90,120,7101,7211,14312
90,130,8601,8759,17360
90,140,9984,10184,20168
90,150,11269,11499,22768
90,160,12418,12618,25036
90,170,13553,13752,27305
90,180,14603,14854,29457
90,190,15662,15891,31553
90,200,16650,16868,33518
90,210,17592,17832,35424
90,220,18524,18745,37269
90,230,19473,19711,39184
90,240,20365,20650,41015
90,250,21239,21577,42816
90,260,22147,22496,44643
90,270,23028,23407,46435
90,280,23893,24316,48209
90,290,24771,25255,50026
90,300,25672,26200,51872
90,310,26570,27159,53729
90,320,27469,28163,55632
90,330,28427,29143,57570
90,340,29368,30159,59527
90,350,30323,31190,61513
90,360,31306,32218,63524
90,370,32242,33154,65396
90,380,33156,34170,67326
90,390,34100,35080,69180
90,400,35023,36013,71036
90,410,35911,36935,72846
90,420,36841,37818,74659
90,430,37734,38685,76419
90,440,38560,39614,78174
90,450,39483,40538,80021
90,460,40382,41430,81812
90,470,41249,42442,83691
90,480,42144,43391,85535
90,490,43039,44387,87426
90,500,43992,45319,89311
90,510,44918,46277,91195
90,520,45853,47205,93058
90,530,46801,48185,94986
90,540,47733,49119,96852
90,550,48727,50065,98792
90,560,49660,51052,100712
90,570,50613,52051,102664
90,580,51632,53010,104642
90,590,52596,53952,106548
90,600,53614,54898,108512
90,610,54630,55843,110473
90,620,55626,56838,112464
90,630,56660,57830,114490
90,640,57675,58838,116513
90,650,58610,59738,118348
90,660,59498,60653,120151
90,670,60431,61612,122043
90,680,61320,62540,123860
90,690,62278,63459,125737
90,700,63133,64407,127540
90,710,63976,65397,129373
90,720,64885,66339,131224
90,730,65796,67277,133073
90,740,66662,68164,134826
90,750,67470,69097,136567
90,760,68348,70086,138434
90,770,69226,71031,140257
90,780,70052,71979,142031
90,790,70918,72840,143758
90,800,71802,73700,145502
90,810,72694,74546,147240
90,820,73559,75460,149019
90,830,74419,76309,150728
90,840,75305,77188,152493
90,850,76163,78095,154258
90,860,76993,78980,155973
90,870,77772,79824,157596
90,880,78615,80714,159329
90,890,79433,81619,161052
90,900,80244,82555,162799
90,910,81066,83506,164572
90,920,81887,84354,166241
90,930,82729,85230,167959
90,940,83605,86096,169701
90,950,84420,86943,171363
90,960,85259,87815,173074
90,970,86114,88686,174800
90,980,86953,89547,176500
90,990,87718,90371,178089
90,1000,88506,91236,179742
90,1010,89306,92121,181427
90,1020,90095,92957,183052
90,1030,90914,93821,184735
90,1040,91697,94656,186353
90,1050,92498,95519,188017
90,1060,93296,96383,189679
90,1070,94179,97233,191412
90,1080,95002,98155,193157
90,1090,95803,99030,194833
90,1100,96642,99920,196562
90,1110,97507,100776,198283
90,1120,98346,101627,199973
90,1130,99167,102479,201646
90,1140,100008,103269,203277
90,1150,100823,104110,204933
90,1160,101661,104960,206621
90,1170,102495,105847,208342
90,1180,103294,106719,210013
90,1190,104094,107592,211686
90,1200,104903,108505,213408
90,1210,105768,109368,215136
90,1220,106577,110208,216785
90,1230,107394,111072,218466
90,1240,108252,111905,220157
90,1250,109083,112799,221882
90,1260,109913,113655,223568
90,1270,110768,114592,225360
90,1280,111631,115470,227101
90,1290,112526,116363,228889
90,1300,113411,117253,230664
90,1310,114298,118120,232418
90,1320,115129,118983,234112
90,1330,115960,119861,235821
90,1340,116814,120701,237515
90,1350,117677,121560,239237
90,1360,118480,122440,240920
90,1370,119408,123330,242738
90,1380,120266,124223,244489
90,1390,121144,125120,246264
90,1400,121977,125962,247939
90,1410,122880,126829,249709
90,1420,123767,127715,251482
90,1430,124637,128609,253246
90,1440,125532,129526,255058
90,1450,126387,130317,256704
90,1460,127258,131172,258430
90,1470,128116,132021,260137
90,1480,129034,132865,261899
90,1490,129887,133736,263623
90,1500,130707,134637,265344
90,1510,131574,135486,267060
90,1520,132420,136358,268778
90,1530,133250,137252,270502
90,1540,134036,138064,272100
90,1550,134898,138893,273791
90,1560,135790,139854,275644
90,1570,136634,140749,277383
90,1580,137400,141654,279054
90,1590,138258,142592,280850
90,1600,139082,143474,282556
90,1610,140048,144386,284434
90,1620,140875,145256,286131
90,1630,141735,146111,287846
90,1640,142599,147011,289610
90,1650,143467,147937,291404
90,1660,144337,148833,293170
90,1670,145197,149687,294884
90,1680,146061,150568,296629
90,1690,146916,151438,298354
90,1700,147731,152349,300080
90,1710,148576,153298,301874
90,1720,149419,154188,303607
90,1730,150256,155044,305300
90,1740,151069,155945,307014
90,1750,151931,156815,308746
90,1760,152788,157680,310468
90,1770,153665,158549,312214
90,1780,154530,159413,313943
90,1790,155380,160336,315716
90,1800,156263,161223,317486
90,1810,157119,162084,319203
90,1820,157991,162950,320941
90,1830,158859,163798,322657
90,1840,159681,164650,324331
90,1850,160549,165543,326092
90,1860,161386,166411,327797
90,1870,162235,167271,329506
90,1880,163062,168196,331258
90,1890,163952,169088,333040
90,1900,164763,170004,334767
90,1910,165621,170859,336480
90,1920,166449,171738,338187
90,1930,167340,172620,339960
90,1940,168182,173519,341701
90,1950,169002,174355,343357
90,1960,169790,175230,345020
90,1970,170646,176145,346791
90,1980,171444,177042,348486
90,1990,172262,178000,350262
100,100,277,259,536
100,110,2429,2360,4789
100,120,4127,4182,8309
100,130,5627,5730,11357
100,140,7010,7155,14165
100,150,8295,8470,16765
100,160,9444,9589,19033
100,170,10579,10723,21302
100,180,11629,11825,23454
100,190,12688,12862,25550
100,200,13676,13839,27515
100,210,14618,14803,29421
100,220,15550,15716,31266
100,230,16499,16682,33181
100,240,17391,17621,35012
100,250,18265,18548,36813
100,260,19173,19467,38640
100,270,20054,20378,40432
100,280,20919,21287,42206
100,290,21797,22226,44023
100,300,22698,23171,45869
100,310,23596,24130,47726
100,320,24495,25134,49629
100,330,25453,26114,51567
100,340,26394,27130,53524
100,350,27349,28161,55510
100,360,28332,29189,57521
100,370,29268,30125,59393
100,380,30182,31141,61323
100,390,31126,32051,63177
100,400,32049,32984,65033
100,410,32937,33906,66843
100,420,33867,34789,68656
100,430,34760,35656,70416
100,440,35586,36585,72171
100,450,36509,37509,74018
100,460,37408,38401,75809
100,470,38275,39413,77688
100,480,39170,40362,79532
100,490,40065,41358,81423
100,500,41018,42290,83308
100,510,41944,43248,85192
100,520,42879,44176,87055
100,530,43827,45156,88983
100,540,44759,46090,90849
100,550,45753,47036,92789
100,560,46686,48023,94709
100,570,47639,49022,96661
100,580,48658,49981,98639
100,590,49622,50923,100545
100,600,50640,51869,102509
100,610,51656,52814,104470
100,620,52652,53809,106461
100,630,53686,54801,108487
100,640,54701,55809,110510
100,650,55636,56709,112345
100,660,56524,57624,114148
100,670,57457,58583,116040
100,680,58346,59511,117857
100,690,59304,60430,119734
100,700,60159,61378,121537
100,710,61002,62368,123370
100,720,61911,63310,125221
100,730,62822,64248,127070
100,740,63688,65135,128823
100,750,64496,66068,130564
100,760,65374,67057,132431
100,770,66252,68002,134254
100,780,67078,68950,136028
100,790,67944,69811,137755
100,800,68828,70671,139499
100,810,69720,71517,141237
100,820,70585,72431,143016
100,830,71445,73280,144725
100,840,72331,74159,146490
100,850,73189,75066,148255
100,860,74019,75951,149970
100,870,74798,76795,151593
100,880,75641,77685,153326
100,890,76459,78590,155049
100,900,77270,79526,156796
100,910,78092,80477,158569
100,920,78913,81325,160238
100,930,79755,82201,161956
100,940,80631,83067,163698
100,950,81446,83914,165360
100,960,82285,84786,167071
100,970,83140,85657,168797
100,980,83979,86518,170497
100,990,84744,87342,172086
100,1000,85532,88207,173739
100,1010,86332,89092,175424
100,1020,87121,89928,177049
100,1030,87940,90792,178732
100,1040,88723,91627,180350
100,1050,89524,92490,182014
100,1060,90322,93354,183676
100,1070,91205,94204,185409
100,1080,92028,95126,187154
100,1090,92829,96001,188830
100,1100,93668,96891,190559
100,1110,94533,97747,192280
100,1120,95372,98598,193970
100,1130,96193,99450,195643
100,1140,97034,100240,197274
100,1150,97849,101081,198930
100,1160,98687,101931,200618
100,1170,99521,102818,202339
100,1180,100320,103690,204010
100,1190,101120,104563,205683
100,1200,101929,105476,207405
100,1210,102794,106339,209133
100,1220,103603,107179,210782
100,1230,104420,108043,212463
100,1240,105278,108876,214154
100,1250,106109,109770,215879
100,1260,106939,110626,217565
100,1270,107794,111563,219357
100,1280,108657,112441,221098
100,1290,109552,113334,222886
100,1300,110437,114224,224661
100,1310,111324,115091,226415
100,1320,112155,115954,228109
100,1330,112986,116832,229818
100,1340,113840,117672,231512
100,1350,114703,118531,233234
100,1360,115506,119411,234917
100,1370,116434,120301,236735
100,1380,117292,121194,238486
100,1390,118170,122091,240261
100,1400,119003,122933,241936
100,1410,119906,123800,243706
100,1420,120793,124686,245479
100,1430,121663,125580,247243
100,1440,122558,126497,249055
100,1450,123413,127288,250701
100,1460,124284,128143,252427
100,1470,125142,128992,254134
100,1480,126060,129836,255896
100,1490,126913,130707,257620
100,1500,127733,131608,259341
100,1510,128600,132457,261057
100,1520,129446,133329,262775
100,1530,130276,134223,264499
100,1540,131062,135035,266097
100,1550,131924,135864,267788
100,1560,132816,136825,269641
100,1570,133660,137720,271380
100,1580,134426,138625,273051
100,1590,135284,139563,274847
100,1600,136108,140445,276553
100,1610,137074,141357,278431
100,1620,137901,142227,280128
100,1630,138761,143082,281843
100,1640,139625,143982,283607
100,1650,140493,144908,285401
100,1660,141363,145804,287167
100,1670,142223,146658,288881
100,1680,143087,147539,290626
100,1690,143942,148409,292351
100,1700,144757,149320,294077
100,1710,145602,150269,295871
100,1720,146445,151159,297604
100,1730,147282,152015,299297
100,1740,148095,152916,301011
100,1750,148957,153786,302743
100,1760,149814,154651,304465
100,1770,150691,155520,306211
100,1780,151556,156384,307940
100,1790,152406,157307,309713
100,1800,153289,158194,311483
100,1810,154145,159055,313200
100,1820,155017,159921,314938
100,1830,155885,160769,316654
100,1840,156707,161621,318328
100,1850,157575,162514,320089
100,1860,158412,163382,321794
100,1870,159261,164242,323503
100,1880,160088,165167,325255
100,1890,160978,166059,327037
100,1900,161789,166975,328764
100,1910,162647,167830,330477
100,1920,163475,168709,332184
100,1930,164366,169591,333957
100,1940,165208,170490,335698
100,1950,166028,171326,337354
100,1960,166816,172201,339017
100,1970,167672,173116,340788
100,1980,168470,174013,342483
100,1990,169288,174971,344259
110,110,202,189,391
110,120,1900,2011,3911
110,130,3400,3559,6959
110,140,4783,4984,9767
110,150,6068,6299,12367
110,160,7217,7418,14635
110,170,8352,8552,16904
110,180,9402,9654,19056
110,190,10461,10691,21152
110,200,11449,11668,23117
110,210,12391,12632,25023
110,220,13323,13545,26868
110,230,14272,14511,28783
110,240,15164,15450,30614
110,250,16038,16377,32415
110,260,16946,17296,34242
110,270,17827,18207,36034
110,280,18692,19116,37808
110,290,19570,20055,39625
110,300,20471,21000,41471
110,310,21369,21959,43328
110,320,22268,22963,45231
110,330,23226,23943,47169
110,340,24167,24959,49126
110,350,25122,25990,51112
110,360,26105,27018,53123
110,370,27041,27954,54995
110,380,27955,28970,56925
110,390,28899,29880,58779
110,400,29822,30813,60635
110,410,30710,31735,62445
110,420,31640,32618,64258
110,430,32533,33485,66018
110,440,33359,34414,67773
110,450,34282,35338,69620
110,460,35181,36230,71411
110,470,36048,37242,73290
110,480,36943,38191,75134
110,490,37838,39187,77025
110,500,38791,40119,78910
110,510,39717,41077,80794
110,520,40652,42005,82657
110,530,41600,42985,84585
110,540,42532,43919,86451
110,550,43526,44865,88391
110,560,44459,45852,90311
110,570,45412,46851,92263
110,580,46431,47810,94241
110,590,47395,48752,96147
110,600,48413,49698,98111
110,610,49429,50643,100072
110,620,50425,51638,102063
110,630,51459,52630,104089
110,640,52474,53638,106112
110,650,53409,54538,107947
110,660,54297,55453,109750
110,670,55230,56412,111642
110,680,56119,57340,113459
110,690,57077,58259,115336
110,700,57932,59207,117139
110,710,58775,60197,118972
110,720,59684,61139,120823
110,730,60595,62077,122672
110,740,61461,62964,124425
110,750,62269,63897,126166
110,760,63147,64886,128033
110,770,64025,65831,129856
110,780,64851,66779,131630
110,790,65717,67640,133357
110,800,66601,68500,135101
110,810,67493,69346,136839
110,820,68358,70260,138618
110,830,69218,71109,140327
110,840,70104,71988,142092
110,850,70962,72895,143857
110,860,71792,73780,145572
110,870,72571,74624,147195
110,880,73414,75514,148928
110,890,74232,76419,150651
110,900,75043,77355,152398
110,910,75865,78306,154171
110,920,76686,79154,155840
110,930,77528,80030,157558
110,940,78404,80896,159300
110,950,79219,81743,160962
110,960,80058,82615,162673
110,970,80913,83486,164399
110,980,81752,84347,166099
110,990,82517,85171,167688
110,1000,83305,86036,169341
110,1010,84105,86921,171026
110,1020,84894,87757,172651
110,1030,85713,88621,174334
110,1040,86496,89456,175952
110,1050,87297,90319,177616
110,1060,88095,91183,179278
110,1070,88978,92033,181011
110,1080,89801,92955,182756
110,1090,90602,93830,184432
110,1100,91441,94720,186161
110,1110,92306,95576,187882
110,1120,93145,96427,189572
110,1130,93966,97279,191245
110,1140,94807,98069,192876
110,1150,95622,98910,194532
110,1160,96460,99760,196220
110,1170,97294,100647,197941
110,1180,98093,101519,199612
110,1190,98893,102392,201285
110,1200,99702,103305,203007
110,1210,100567,104168,204735
110,1220,101376,105008,206384
110,1230,102193,105872,208065
110,1240,103051,106705,209756
110,1250,103882,107599,211481
110,1260,104712,108455,213167
110,1270,105567,109392,214959
110,1280,106430,110270,216700
110,1290,107325,111163,218488
110,1300,108210,112053,220263
110,1310,109097,112920,222017
110,1320,109928,113783,223711
110,1330,110759,114661,225420
110,1340,111613,115501,227114
110,1350,112476,116360,228836
110,1360,113279,117240,230519
110,1370,114207,118130,232337
110,1380,115065,119023,234088
110,1390,115943,119920,235863
110,1400,116776,120762,237538
110,1410,117679,121629,239308
110,1420,118566,122515,241081
110,1430,119436,123409,242845
110,1440,120331,124326,244657
110,1450,121186,125117,246303
110,1460,122057,125972,248029
110,1470,122915,126821,249736
110,1480,123833,127665,251498
110,1490,124686,128536,253222
110,1500,125506,129437,254943
110,1510,126373,130286,256659
110,1520,127219,131158,258377
110,1530,128049,132052,260101
110,1540,128835,132864,261699
110,1550,129697,133693,263390
110,1560,130589,134654,265243
110,1570,131433,135549,266982
110,1580,132199,136454,268653
110,1590,133057,137392,270449
110,1600,133881,138274,272155
110,1610,134847,139186,274033
110,1620,135674,140056,275730
110,1630,136534,140911,277445
110,1640,137398,141811,279209
110,1650,138266,142737,281003
110,1660,139136,143633,282769
110,1670,139996,144487,284483
110,1680,140860,145368,286228
110,1690,141715,146238,287953
110,1700,142530,147149,289679
110,1710,143375,148098,291473
110,1720,144218,148988,293206
110,1730,145055,149844,294899
110,1740,145868,150745,296613
110,1750,146730,151615,298345
110,1760,147587,152480,300067
110,1770,148464,153349,301813
110,1780,149329,154213,303542
110,1790,150179,155136,305315
110,1800,151062,156023,307085
110,1810,151918,156884,308802
110,1820,152790,157750,310540
110,1830,153658,158598,312256
110,1840,154480,159450,313930
110,1850,155348,160343,315691
110,1860,156185,161211,317396
110,1870,157034,162071,319105
110,1880,157861,162996,320857
110,1890,158751,163888,322639
110,1900,159562,164804,324366
110,1910,160420,165659,326079
110,1920,161248,166538,327786
110,1930,162139,167420,329559
110,1940,162981,168319,331300
110,1950,163801,169155,332956
110,1960,164589,170030,334619
110,1970,165445,170945,336390
110,1980,166243,171842,338085
110,1990,167061,172800,339861
120,120,153,190,343
120,130,1653,1738,3391
120,140,3036,3163,6199
120,150,4321,4478,8799
120,160,5470,5597,11067
120,170,6605,6731,13336
120,180,7655,7833,15488
120,190,8714,8870,17584
120,200,9702,9847,19549
120,210,10644,10811,21455
120,220,11576,11724,23300
120,230,12525,12690,25215
120,240,13417,13629,27046
120,250,14291,14556,28847
120,260,15199,15475,30674
120,270,16080,16386,32466
120,280,16945,17295,34240
120,290,17823,18234,36057
120,300,18724,19179,37903
120,310,19622,20138,39760
120,320,20521,21142,41663
120,330,21479,22122,43601
120,340,22420,23138,45558
120,350,23375,24169,47544
120,360,24358,25197,49555
120,370,25294,26133,51427
120,380,26208,27149,53357
120,390,27152,28059,55211
120,400,28075,28992,57067
120,410,28963,29914,58877
120,420,29893,30797,60690
120,430,30786,31664,62450
120,440,31612,32593,64205
120,450,32535,33517,66052
120,460,33434,34409,67843
120,470,34301,35421,69722
120,480,35196,36370,71566
120,490,36091,37366,73457
120,500,37044,38298,75342
120,510,37970,39256,77226
120,520,38905,40184,79089
120,530,39853,41164,81017
120,540,40785,42098,82883
120,550,41779,43044,84823
120,560,42712,44031,86743
120,570,43665,45030,88695
120,580,44684,45989,90673
120,590,45648,46931,92579
120,600,46666,47877,94543
120,610,47682,48822,96504
120,620,48678,49817,98495
120,630,49712,50809,100521
120,640,50727,51817,102544
120,650,51662,52717,104379
120,660,52550,53632,106182
120,670,53483,54591,108074
120,680,54372,55519,109891
120,690,55330,56438,111768
120,700,56185,57386,113571
120,710,57028,58376,115404
120,720,57937,59318,117255
120,730,58848,60256,119104
120,740,59714,61143,120857
120,750,60522,62076,122598
120,760,61400,63065,124465
120,770,62278,64010,126288
120,780,63104,64958,128062
120,790,63970,65819,129789
120,800,64854,66679,131533
120,810,65746,67525,133271
120,820,66611,68439,135050
120,830,67471,69288,136759
120,840,68357,70167,138524
120,850,69215,71074,140289
120,860,70045,71959,142004
120,870,70824,72803,143627
120,880,71667,73693,145360
120,890,72485,74598,147083
120,900,73296,75534,148830
120,910,74118,76485,150603
120,920,74939,77333,152272
120,930,75781,78209,153990
120,940,76657,79075,155732
120,950,77472,79922,157394
120,960,78311,80794,159105
120,970,79166,81665,160831
120,980,80005,82526,162531
120,990,80770,83350,164120
120,1000,81558,84215,165773
120,1010,82358,85100,167458
120,1020,83147,85936,169083
120,1030,83966,86800,170766
120,1040,84749,87635,172384
120,1050,85550,88498,174048
120,1060,86348,89362,175710
120,1070,87231,90212,177443
120,1080,88054,91134,179188
120,1090,88855,92009,180864
120,1100,89694,92899,182593
120,1110,90559,93755,184314
120,1120,91398,94606,186004
120,1130,92219,95458,187677
120,1140,93060,96248,189308
120,1150,93875,97089,190964
120,1160,94713,97939,192652
120,1170,95547,98826,194373
120,1180,96346,99698,196044
120,1190,97146,100571,197717
120,1200,97955,101484,199439
120,1210,98820,102347,201167
120,1220,99629,103187,202816
120,1230,100446,104051,204497
120,1240,101304,104884,206188
120,1250,102135,105778,207913
120,1260,102965,106634,209599
120,1270,103820,107571,211391
120,1280,104683,108449,213132
120,1290,105578,109342,214920
120,1300,106463,110232,216695
120,1310,107350,111099,218449
120,1320,108181,111962,220143
120,1330,109012,112840,221852
120,1340,109866,113680,223546
120,1350,110729,114539,225268
120,1360,111532,115419,226951
120,1370,112460,116309,228769
120,1380,113318,117202,230520
120,1390,114196,118099,232295
120,1400,115029,118941,233970
120,1410,115932,119808,235740
120,1420,116819,120694,237513
120,1430,117689,121588,239277
120,1440,118584,122505,241089
120,1450,119439,123296,242735
120,1460,120310,124151,244461
120,1470,121168,125000,246168
120,1480,122086,125844,247930
120,1490,122939,126715,249654
120,1500,123759,127616,251375
120,1510,124626,128465,253091
120,1520,125472,129337,254809
120,1530,126302,130231,256533
120,1540,127088,131043,258131
120,1550,127950,131872,259822
120,1560,128842,132833,261675
120,1570,129686,133728,263414
120,1580,130452,134633,265085
120,1590,131310,135571,266881
120,1600,132134,136453,268587
120,1610,133100,137365,270465
120,1620,133927,138235,272162
120,1630,134787,139090,273877
120,1640,135651,139990,275641
120,1650,136519,140916,277435
120,1660,137389,141812,279201
120,1670,138249,142666,280915
120,1680,139113,143547,282660
120,1690,139968,144417,284385
120,1700,140783,145328,286111
120,1710,141628,146277,287905
120,1720,142471,147167,289638
120,1730,143308,148023,291331
120,1740,144121,148924,293045
120,1750,144983,149794,294777
120,1760,145840,150659,296499
120,1770,146717,151528,298245
120,1780,147582,152392,299974
120,1790,148432,153315,301747
120,1800,149315,154202,303517
120,1810,150171,155063,305234
120,1820,151043,155929,306972
120,1830,151911,156777,308688
120,1840,152733,157629,310362
120,1850,153601,158522,312123
120,1860,154438,159390,313828
120,1870,155287,160250,315537
120,1880,156114,161175,317289
120,1890,157004,162067,319071
120,1900,157815,162983,320798
120,1910,158673,163838,322511
120,1920,159501,164717,324218
120,1930,160392,165599,325991
120,1940,161234,166498,327732
120,1950,162054,167334,329388
120,1960,162842,168209,331051
120,1970,163698,169124,332822
120,1980,164496,170021,334517
120,1990,165314,170979,336293
130,130,137,142,279
130,140,1520,1567,3087
130,150,2805,2882,5687
130,160,3954,4001,7955
130,170,5089,5135,10224
130,180,6139,6237,12376
130,190,7198,7274,14472
130,200,8186,8251,16437
130,210,9128,9215,18343
130,220,10060,10128,20188
130,230,11009,11094,22103
130,240,11901,12033,23934
130,250,12775,12960,25735
130,260,13683,13879,27562
130,270,14564,14790,29354
130,280,15429,15699,31128
130,290,16307,16638,32945
130,300,17208,17583,34791
130,310,18106,18542,36648
130,320,19005,19546,38551
130,330,19963,20526,40489
130,340,20904,21542,42446
130,350,21859,22573,44432
130,360,22842,23601,46443
130,370,23778,24537,48315
130,380,24692,25553,50245
130,390,25636,26463,52099
130,400,26559,27396,53955
130,410,27447,28318,55765
130,420,28377,29201,57578
130,430,29270,30068,59338
130,440,30096,30997,61093
130,450,31019,31921,62940
130,460,31918,32813,64731
130,470,32785,33825,66610
130,480,33680,34774,68454
130,490,34575,35770,70345
130,500,35528,36702,72230
130,510,36454,37660,74114
130,520,37389,38588,75977
130,530,38337,39568,77905
130,540,39269,40502,79771
130,550,40263,41448,81711
130,560,41196,42435,83631
130,570,42149,43434,85583
130,580,43168,44393,87561
130,590,44132,45335,89467
130,600,45150,46281,91431
130,610,46166,47226,93392
130,620,47162,48221,95383
130,630,48196,49213,97409
130,640,49211,50221,99432
130,650,50146,51121,101267
130,660,51034,52036,103070
130,670,51967,52995,104962
130,680,52856,53923,106779
130,690,53814,54842,108656
130,700,54669,55790,110459
130,710,55512,56780,112292
130,720,56421,57722,114143
130,730,57332,58660,115992
130,740,58198,59547,117745
130,750,59006,60480,119486
130,760,59884,61469,121353
130,770,60762,62414,123176
130,780,61588,63362,124950
130,790,62454,64223,126677
130,800,63338,65083,128421
130,810,64230,65929,130159
130,820,65095,66843,131938
130,830,65955,67692,133647
130,840,66841,68571,135412
130,850,67699,69478,137177
130,860,68529,70363,138892
130,870,69308,71207,140515
130,880,70151,72097,142248
130,890,70969,73002,143971
130,900,71780,73938,145718
130,910,72602,74889,147491
130,920,73423,75737,149160
130,930,74265,76613,150878
130,940,75141,77479,152620
130,950,75956,78326,154282
130,960,76795,79198,155993
130,970,77650,80069,157719
130,980,78489,80930,159419
130,990,79254,81754,161008
130,1000,80042,82619,162661
130,1010,80842,83504,164346
130,1020,81631,84340,165971
130,1030,82450,85204,167654
130,1040,83233,86039,169272
130,1050,84034,86902,170936
130,1060,84832,87766,172598
130,1070,85715,88616,174331
130,1080,86538,89538,176076
130,1090,87339,90413,177752
130,1100,88178,91303,179481
130,1110,89043,92159,181202
130,1120,89882,93010,182892
130,1130,90703,93862,184565
130,1140,91544,94652,186196
130,1150,92359,95493,187852
130,1160,93197,96343,189540
130,1170,94031,97230,191261
130,1180,94830,98102,192932
130,1190,95630,98975,194605
130,1200,96439,99888,196327
130,1210,97304,100751,198055
130,1220,98113,101591,199704
130,1230,98930,102455,201385
130,1240,99788,103288,203076
130,1250,100619,104182,204801
130,1260,101449,105038,206487
130,1270,102304,105975,208279
130,1280,103167,106853,210020
130,1290,104062,107746,211808
130,1300,104947,108636,213583
130,1310,105834,109503,215337
130,1320,106665,110366,217031
130,1330,107496,111244,218740
130,1340,108350,112084,220434
130,1350,109213,112943,222156
130,1360,110016,113823,223839
130,1370,110944,114713,225657
130,1380,111802,115606,227408
130,1390,112680,116503,229183
130,1400,113513,117345,230858
130,1410,114416,118212,232628
130,1420,115303,119098,234401
130,1430,116173,119992,236165
130,1440,117068,120909,237977
130,1450,117923,121700,239623
130,1460,118794,122555,241349
130,1470,119652,123404,243056
130,1480,120570,124248,244818
130,1490,121423,125119,246542
130,1500,122243,126020,248263
130,1510,123110,126869,249979
130,1520,123956,127741,251697
130,1530,124786,128635,253421
130,1540,125572,129447,255019
130,1550,126434,130276,256710
130,1560,127326,131237,258563
130,1570,128170,132132,260302
130,1580,128936,133037,261973
130,1590,129794,133975,263769
130,1600,130618,134857,265475
130,1610,131584,135769,267353
130,1620,132411,136639,269050
130,1630,133271,137494,270765
130,1640,134135,138394,272529
130,1650,135003,139320,274323
130,1660,135873,140216,276089
130,1670,136733,141070,277803
130,1680,137597,141951,279548
130,1690,138452,142821,281273
130,1700,139267,143732,282999
130,1710,140112,144681,284793
130,1720,140955,145571,286526
130,1730,141792,146427,288219
130,1740,142605,147328,289933
130,1750,143467,148198,291665
130,1760,144324,149063,293387
130,1770,145201,149932,295133
130,1780,146066,150796,296862
130,1790,146916,151719,298635
130,1800,147799,152606,300405
130,1810,148655,153467,302122
130,1820,149527,154333,303860
130,1830,150395,155181,305576
130,1840,151217,156033,307250
130,1850,152085,156926,309011
130,1860,152922,157794,310716
130,1870,153771,158654,312425
130,1880,154598,159579,314177
130,1890,155488,160471,315959
130,1900,156299,161387,317686
130,1910,157157,162242,319399
130,1920,157985,163121,321106
130,1930,158876,164003,322879
130,1940,159718,164902,324620
130,1950,160538,165738,326276
130,1960,161326,166613,327939
130,1970,162182,167528,329710
130,1980,162980,168425,331405
130,1990,163798,169383,333181
140,140,133,147,280
140,150,1418,1462,2880
140,160,2567,2581,5148
140,170,3702,3715,7417
140,180,4752,4817,9569
140,190,5811,5854,11665
140,200,6799,6831,13630
140,210,7741,7795,15536
140,220,8673,8708,17381
140,230,9622,9674,19296
140,240,10514,10613,21127
140,250,11388,11540,22928
140,260,12296,12459,24755
140,270,13177,13370,26547
140,280,14042,14279,28321
140,290,14920,15218,30138
140,300,15821,16163,31984
140,310,16719,17122,33841
140,320,17618,18126,35744
140,330,18576,19106,37682
140,340,19517,20122,39639
140,350,20472,21153,41625
140,360,21455,22181,43636
140,370,22391,23117,45508
140,380,23305,24133,47438
140,390,24249,25043,49292
140,400,25172,25976,51148
140,410,26060,26898,52958
140,420,26990,27781,54771
140,430,27883,28648,56531
140,440,28709,29577,58286
140,450,29632,30501,60133
140,460,30531,31393,61924
140,470,31398,32405,63803
140,480,32293,33354,65647
140,490,33188,34350,67538
140,500,34141,35282,69423
140,510,35067,36240,71307
140,520,36002,37168,73170
140,530,36950,38148,75098
140,540,37882,39082,76964
140,550,38876,40028,78904
140,560,39809,41015,80824
140,570,40762,42014,82776
140,580,41781,42973,84754
140,590,42745,43915,86660
140,600,43763,44861,88624
140,610,44779,45806,90585
140,620,45775,46801,92576
140,630,46809,47793,94602
140,640,47824,48801,96625
140,650,48759,49701,98460
140,660,49647,50616,100263
140,670,50580,51575,102155
140,680,51469,52503,103972
140,690,52427,53422,105849
140,700,53282,54370,107652
140,710,54125,55360,109485
140,720,55034,56302,111336
140,730,55945,57240,113185
140,740,56811,58127,114938
140,750,57619,59060,116679
140,760,58497,60049,118546
140,770,59375,60994,120369
140,780,60201,61942,122143
140,790,61067,62803,123870
140,800,61951,63663,125614
140,810,62843,64509,127352
140,820,63708,65423,129131
140,830,64568,66272,130840
140,840,65454,67151,132605
140,850,66312,68058,134370
140,860,67142,68943,136085
140,870,67921,69787,137708
140,880,68764,70677,139441
140,890,69582,71582,141164
140,900,70393,72518,142911
140,910,71215,73469,144684
140,920,72036,74317,146353
140,930,72878,75193,148071
140,940,73754,76059,149813
140,950,74569,76906,151475
140,960,75408,77778,153186
140,970,76263,78649,154912
140,980,77102,79510,156612
140,990,77867,80334,158201
140,1000,78655,81199,159854
140,1010,79455,82084,161539
140,1020,80244,82920,163164
140,1030,81063,83784,164847
140,1040,81846,84619,166465
140,1050,82647,85482,168129
140,1060,83445,86346,169791
140,1070,84328,87196,171524
140,1080,85151,88118,173269
140,1090,85952,88993,174945
140,1100,86791,89883,176674
140,1110,87656,90739,178395
140,1120,88495,91590,180085
140,1130,89316,92442,181758
140,1140,90157,93232,183389
140,1150,90972,94073,185045
140,1160,91810,94923,186733
140,1170,92644,95810,188454
140,1180,93443,96682,190125
140,1190,94243,97555,191798
140,1200,95052,98468,193520
140,1210,95917,99331,195248
140,1220,96726,100171,196897
140,1230,97543,101035,198578
140,1240,98401,101868,200269
140,1250,99232,102762,201994
140,1260,100062,103618,203680
140,1270,100917,104555,205472
140,1280,101780,105433,207213
140,1290,102675,106326,209001
140,1300,103560,107216,210776
140,1310,104447,108083,212530
140,1320,105278,108946,214224
140,1330,106109,109824,215933
140,1340,106963,110664,217627
140,1350,107826,111523,219349
140,1360,108629,112403,221032
140,1370,109557,113293,222850
140,1380,110415,114186,224601
140,1390,111293,115083,226376
140,1400,112126,115925,228051
140,1410,113029,116792,229821
140,1420,113916,117678,231594
140,1430,114786,118572,233358
140,1440,115681,119489,235170
140,1450,116536,120280,236816
140,1460,117407,121135,238542
140,1470,118265,121984,240249
140,1480,119183,122828,242011
140,1490,120036,123699,243735
140,1500,120856,124600,245456
140,1510,121723,125449,247172
140,1520,122569,126321,248890
140,1530,123399,127215,250614
140,1540,124185,128027,252212
140,1550,125047,128856,253903
140,1560,125939,129817,255756
140,1570,126783,130712,257495
140,1580,127549,131617,259166
140,1590,128407,132555,260962
140,1600,129231,133437,262668
140,1610,130197,134349,264546
140,1620,131024,135219,266243
140,1630,131884,136074,267958
140,1640,132748,136974,269722
140,1650,133616,137900,271516
140,1660,134486,138796,273282
140,1670,135346,139650,274996
140,1680,136210,140531,276741
140,1690,137065,141401,278466
140,1700,137880,142312,280192
140,1710,138725,143261,281986
140,1720,139568,144151,283719
140,1730,140405,145007,285412
140,1740,141218,145908,287126
140,1750,142080,146778,288858
140,1760,142937,147643,290580
140,1770,143814,148512,292326
140,1780,144679,149376,294055
140,1790,145529,150299,295828
140,1800,146412,151186,297598
140,1810,147268,152047,299315
140,1820,148140,152913,301053
140,1830,149008,153761,302769
140,1840,149830,154613,304443
140,1850,150698,155506,306204
140,1860,151535,156374,307909
140,1870,152384,157234,309618
140,1880,153211,158159,311370
140,1890,154101,159051,313152
140,1900,154912,159967,314879
140,1910,155770,160822,316592
140,1920,156598,161701,318299
140,1930,157489,162583,320072
140,1940,158331,163482,321813
140,1950,159151,164318,323469
140,1960,159939,165193,325132
140,1970,160795,166108,326903
140,1980,161593,167005,328598
140,1990,162411,167963,330374
150,150,142,145,287
150,160,1291,1264,2555
150,170,2426,2398,4824
150,180,3476,3500,6976
150,190,4535,4537,9072
150,200,5523,5514,11037
150,210,6465,6478,12943
150,220,7397,7391,14788
150,230,8346,8357,16703
150,240,9238,9296,18534
150,250,10112,10223,20335
150,260,11020,11142,22162
150,270,11901,12053,23954
150,280,12766,12962,25728
150,290,13644,13901,27545
150,300,14545,14846,29391
150,310,15443,15805,31248
150,320,16342,16809,33151
150,330,17300,17789,35089
150,340,18241,18805,37046
150,350,19196,19836,39032
150,360,20179,20864,41043
150,370,21115,21800,42915
150,380,22029,22816,44845
150,390,22973,23726,46699
150,400,23896,24659,48555
150,410,24784,25581,50365
150,420,25714,26464,52178
150,430,26607,27331,53938
150,440,27433,28260,55693
150,450,28356,29184,57540
150,460,29255,30076,59331
150,470,30122,31088,61210
150,480,31017,32037,63054
150,490,31912,33033,64945
150,500,32865,33965,66830
150,510,33791,34923,68714
150,520,34726,35851,70577
150,530,35674,36831,72505
150,540,36606,37765,74371
150,550,37600,38711,76311
150,560,38533,39698,78231
150,570,39486,40697,80183
150,580,40505,41656,82161
150,590,41469,42598,84067
150,600,42487,43544,86031
150,610,43503,44489,87992
150,620,44499,45484,89983
150,630,45533,46476,92009
150,640,46548,47484,94032
150,650,47483,48384,95867
150,660,48371,49299,97670
150,670,49304,50258,99562
150,680,50193,51186,101379
150,690,51151,52105,103256
150,700,52006,53053,105059
150,710,52849,54043,106892
150,720,53758,54985,108743
150,730,54669,55923,110592
150,740,55535,56810,112345
150,750,56343,57743,114086
150,760,57221,58732,115953
150,770,58099,59677,117776
150,780,58925,60625,119550
150,790,59791,61486,121277
150,800,60675,62346,123021
150,810,61567,63192,124759
150,820,62432,64106,126538
150,830,63292,64955,128247
150,840,64178,65834,130012
150,850,65036,66741,131777
150,860,65866,67626,133492
150,870,66645,68470,135115
150,880,67488,69360,136848
150,890,68306,70265,138571
150,900,69117,71201,140318
150,910,69939,72152,142091
150,920,70760,73000,143760
150,930,71602,73876,145478
150,940,72478,74742,147220
150,950,73293,75589,148882
150,960,74132,76461,150593
150,970,74987,77332,152319
150,980,75826,78193,154019
150,990,76591,79017,155608
150,1000,77379,79882,157261
150,1010,78179,80767,158946
150,1020,78968,81603,160571
150,1030,79787,82467,162254
150,1040,80570,83302,163872
150,1050,81371,84165,165536
150,1060,82169,85029,167198
150,1070,83052,85879,168931
150,1080,83875,86801,170676
150,1090,84676,87676,172352
150,1100,85515,88566,174081
150,1110,86380,89422,175802
150,1120,87219,90273,177492
150,1130,88040,91125,179165
150,1140,88881,91915,180796
150,1150,89696,92756,182452
150,1160,90534,93606,184140
150,1170,91368,94493,185861
150,1180,92167,95365,187532
150,1190,92967,96238,189205
150,1200,93776,97151,190927
150,1210,94641,98014,192655
150,1220,95450,98854,194304
150,1230,96267,99718,195985
150,1240,97125,100551,197676
150,1250,97956,101445,199401
150,1260,98786,102301,201087
150,1270,99641,103238,202879
150,1280,100504,104116,204620
150,1290,101399,105009,206408
150,1300,102284,105899,208183
150,1310,103171,106766,209937
150,1320,104002,107629,211631
150,1330,104833,108507,213340
150,1340,105687,109347,215034
150,1350,106550,110206,216756
150,1360,107353,111086,218439
150,1370,108281,111976,220257
150,1380,109139,112869,222008
150,1390,110017,113766,223783
150,1400,110850,114608,225458
150,1410,111753,115475,227228
150,1420,112640,116361,229001
150,1430,113510,117255,230765
150,1440,114405,118172,232577
150,1450,115260,118963,234223
150,1460,116131,119818,235949
150,1470,116989,120667,237656
150,1480,117907,121511,239418
150,1490,118760,122382,241142
150,1500,119580,123283,242863
150,1510,120447,124132,244579
150,1520,121293,125004,246297
150,1530,122123,125898,248021
150,1540,122909,126710,249619
150,1550,123771,127539,251310
150,1560,124663,128500,253163
150,1570,125507,129395,254902
150,1580,126273,130300,256573
150,1590,127131,131238,258369
150,1600,127955,132120,260075
150,1610,128921,133032,261953
150,1620,129748,133902,263650
150,1630,130608,134757,265365
150,1640,131472,135657,267129
150,1650,132340,136583,268923
150,1660,133210,137479,270689
150,1670,134070,138333,272403
150,1680,134934,139214,274148
150,1690,135789,140084,275873
150,1700,136604,140995,277599
150,1710,137449,141944,279393
150,1720,138292,142834,281126
150,1730,139129,143690,282819
150,1740,139942,144591,284533
150,1750,140804,145461,286265
150,1760,141661,146326,287987
150,1770,142538,147195,289733
150,1780,143403,148059,291462
150,1790,144253,148982,293235
150,1800,145136,149869,295005
150,1810,145992,150730,296722
150,1820,146864,151596,298460
150,1830,147732,152444,300176
150,1840,148554,153296,301850
150,1850,149422,154189,303611
150,1860,150259,155057,305316
150,1870,151108,155917,307025
150,1880,151935,156842,308777
150,1890,152825,157734,310559
150,1900,153636,158650,312286
150,1910,154494,159505,313999
150,1920,155322,160384,315706
150,1930,156213,161266,317479
150,1940,157055,162165,319220
150,1950,157875,163001,320876
150,1960,158663,163876,322539
150,1970,159519,164791,324310
150,1980,160317,165688,326005
150,1990,161135,166646,327781
160,160,122,104,226
160,170,1257,1238,2495
160,180,2307,2340,4647
160,190,3366,3377,6743
160,200,4354,4354,8708
160,210,5296,5318,10614
160,220,6228,6231,12459
160,230,7177,7197,14374
160,240,8069,8136,16205
160,250,8943,9063,18006
160,260,9851,9982,19833
160,270,10732,10893,21625
160,280,11597,11802,23399
160,290,12475,12741,25216
160,300,13376,13686,27062
160,310,14274,14645,28919
160,320,15173,15649,30822
160,330,16131,16629,32760
160,340,17072,17645,34717
160,350,18027,18676,36703
160,360,19010,19704,38714
160,370,19946,20640,40586
160,380,20860,21656,42516
160,390,21804,22566,44370
160,400,22727,23499,46226
160,410,23615,24421,48036
160,420,24545,25304,49849
160,430,25438,26171,51609
160,440,26264,27100,53364
160,450,27187,28024,55211
160,460,28086,28916,57002
160,470,28953,29928,58881
160,480,29848,30877,60725
160,490,30743,31873,62616
160,500,31696,32805,64501
160,510,32622,33763,66385
160,520,33557,34691,68248
160,530,34505,35671,70176
160,540,35437,36605,72042
160,550,36431,37551,73982
160,560,37364,38538,75902
160,570,38317,39537,77854
160,580,39336,40496,79832
160,590,40300,41438,81738
160,600,41318,42384,83702
160,610,42334,43329,85663
160,620,43330,44324,87654
160,630,44364,45316,89680
160,640,45379,46324,91703
160,650,46314,47224,93538
160,660,47202,48139,95341
160,670,48135,49098,97233
160,680,49024,50026,99050
160,690,49982,50945,100927
160,700,50837,51893,102730
160,710,51680,52883,104563
160,720,52589,53825,106414
160,730,53500,54763,108263
160,740,54366,55650,110016
160,750,55174,56583,111757
160,760,56052,57572,113624
160,770,56930,58517,115447
160,780,57756,59465,117221
160,790,58622,60326,118948
160,800,59506,61186,120692
160,810,60398,62032,122430
160,820,61263,62946,124209
160,830,62123,63795,125918
160,840,63009,64674,127683
160,850,63867,65581,129448
160,860,64697,66466,131163
160,870,65476,67310,132786
160,880,66319,68200,134519
160,890,67137,69105,136242
160,900,67948,70041,137989
160,910,68770,70992,139762
160,920,69591,71840,141431
160,930,70433,72716,143149
160,940,71309,73582,144891
160,950,72124,74429,146553
160,960,72963,75301,148264
160,970,73818,76172,149990
160,980,74657,77033,151690
160,990,75422,77857,153279
160,1000,76210,78722,154932
160,1010,77010,79607,156617
160,1020,77799,80443,158242
160,1030,78618,81307,159925
160,1040,79401,82142,161543
160,1050,80202,83005,163207
160,1060,81000,83869,164869
160,1070,81883,84719,166602
160,1080,82706,85641,168347
160,1090,83507,86516,170023
160,1100,84346,87406,171752
160,1110,85211,88262,173473
160,1120,86050,89113,175163
160,1130,86871,89965,176836
160,1140,87712,90755,178467
160,1150,88527,91596,180123
160,1160,89365,92446,181811
160,1170,90199,93333,183532
160,1180,90998,94205,185203
160,1190,91798,95078,186876
160,1200,92607,95991,188598
160,1210,93472,96854,190326
160,1220,94281,97694,191975
160,1230,95098,98558,193656
160,1240,95956,99391,195347
160,1250,96787,100285,197072
160,1260,97617,101141,198758
160,1270,98472,102078,200550
160,1280,99335,102956,202291
160,1290,100230,103849,204079
160,1300,101115,104739,205854
160,1310,102002,105606,207608
160,1320,102833,106469,209302
160,1330,103664,107347,211011
160,1340,104518,108187,212705
160,1350,105381,109046,214427
160,1360,106184,109926,216110
160,1370,107112,110816,217928
160,1380,107970,111709,219679
160,1390,108848,112606,221454
160,1400,109681,113448,223129
160,1410,110584,114315,224899
160,1420,111471,115201,226672
160,1430,112341,116095,228436
160,1440,113236,117012,230248
160,1450,114091,117803,231894
160,1460,114962,118658,233620
160,1470,115820,119507,235327
160,1480,116738,120351,237089
160,1490,117591,121222,238813
160,1500,118411,122123,240534
160,1510,119278,122972,242250
160,1520,120124,123844,243968
160,1530,120954,124738,245692
160,1540,121740,125550,247290
160,1550,122602,126379,248981
160,1560,123494,127340,250834
160,1570,124338,128235,252573
160,1580,125104,129140,254244
160,1590,125962,130078,256040
160,1600,126786,130960,257746
160,1610,127752,131872,259624
160,1620,128579,132742,261321
160,1630,129439,133597,263036
160,1640,130303,134497,264800
160,1650,131171,135423,266594
160,1660,132041,136319,268360
160,1670,132901,137173,270074
160,1680,133765,138054,271819
160,1690,134620,138924,273544
160,1700,135435,139835,275270
160,1710,136280,140784,277064
160,1720,137123,141674,278797
160,1730,137960,142530,280490
160,1740,138773,143431,282204
160,1750,139635,144301,283936
160,1760,140492,145166,285658
160,1770,141369,146035,287404
160,1780,142234,146899,289133
160,1790,143084,147822,290906
160,1800,143967,148709,292676
160,1810,144823,149570,294393
160,1820,145695,150436,296131
160,1830,146563,151284,297847
160,1840,147385,152136,299521
160,1850,148253,153029,301282
160,1860,149090,153897,302987
160,1870,149939,154757,304696
160,1880,150766,155682,306448
160,1890,151656,156574,308230
160,1900,152467,157490,309957
160,1910,153325,158345,311670
160,1920,154153,159224,313377
160,1930,155044,160106,315150
160,1940,155886,161005,316891
160,1950,156706,161841,318547
160,1960,157494,162716,320210
160,1970,158350,163631,321981
160,1980,159148,164528,323676
160,1990,159966,165486,325452
170,170,119,107,226
170,180,1169,1209,2378
170,190,2228,2246,4474
170,200,3216,3223,6439
170,210,4158,4187,8345
170,220,5090,5100,10190
170,230,6039,6066,12105
170,240,6931,7005,13936
170,250,7805,7932,15737
170,260,8713,8851,17564
170,270,9594,9762,19356
170,280,10459,10671,21130
170,290,11337,11610,22947
170,300,12238,12555,24793
170,310,13136,13514,26650
170,320,14035,14518,28553
170,330,14993,15498,30491
170,340,15934,16514,32448
170,350,16889,17545,34434
170,360,17872,18573,36445
170,370,18808,19509,38317
170,380,19722,20525,40247
170,390,20666,21435,42101
170,400,21589,22368,43957
170,410,22477,23290,45767
170,420,23407,24173,47580
170,430,24300,25040,49340
170,440,25126,25969,51095
170,450,26049,26893,52942
170,460,26948,27785,54733
170,470,27815,28797,56612
170,480,28710,29746,58456
170,490,29605,30742,60347
170,500,30558,31674,62232
170,510,31484,32632,64116
170,520,32419,33560,65979
170,530,33367,34540,67907
170,540,34299,35474,69773
170,550,35293,36420,71713
170,560,36226,37407,73633
170,570,37179,38406,75585
170,580,38198,39365,77563
170,590,39162,40307,79469
170,600,40180,41253,81433
170,610,41196,42198,83394
170,620,42192,43193,85385
170,630,43226,44185,87411
170,640,44241,45193,89434
170,650,45176,46093,91269
170,660,46064,47008,93072
170,670,46997,47967,94964
170,680,47886,48895,96781
170,690,48844,49814,98658
170,700,49699,50762,100461
170,710,50542,51752,102294
170,720,51451,52694,104145
170,730,52362,53632,105994
170,740,53228,54519,107747
170,750,54036,55452,109488
170,760,54914,56441,111355
170,770,55792,57386,113178
170,780,56618,58334,114952
170,790,57484,59195,116679
170,800,58368,60055,118423
170,810,59260,60901,120161
170,820,60125,61815,121940
170,830,60985,62664,123649
170,840,61871,63543,125414
170,850,62729,64450,127179
170,860,63559,65335,128894
170,870,64338,66179,130517
170,880,65181,67069,132250
170,890,65999,67974,133973
170,900,66810,68910,135720
170,910,67632,69861,137493
170,920,68453,70709,139162
170,930,69295,71585,140880
170,940,70171,72451,142622
170,950,70986,73298,144284
170,960,71825,74170,145995
170,970,72680,75041,147721
170,980,73519,75902,149421
170,990,74284,76726,151010
170,1000,75072,77591,152663
170,1010,75872,78476,154348
170,1020,76661,79312,155973
170,1030,77480,80176,157656
170,1040,78263,81011,159274
170,1050,79064,81874,160938
170,1060,79862,82738,162600
170,1070,80745,83588,164333
170,1080,81568,84510,166078
170,1090,82369,85385,167754
170,1100,83208,86275,169483
170,1110,84073,87131,171204
170,1120,84912,87982,172894
170,1130,85733,88834,174567
170,1140,86574,89624,176198
170,1150,87389,90465,177854
170,1160,88227,91315,179542
170,1170,89061,92202,181263
170,1180,89860,93074,182934
170,1190,90660,93947,184607
170,1200,91469,94860,186329
170,1210,92334,95723,188057
170,1220,93143,96563,189706
170,1230,93960,97427,191387
170,1240,94818,98260,193078
170,1250,95649,99154,194803
170,1260,96479,100010,196489
170,1270,97334,100947,198281
170,1280,98197,101825,200022
170,1290,99092,102718,201810
170,1300,99977,103608,203585
170,1310,100864,104475,205339
170,1320,101695,105338,207033
170,1330,102526,106216,208742
170,1340,103380,107056,210436
170,1350,104243,107915,212158
170,1360,105046,108795,213841
170,1370,105974,109685,215659
170,1380,106832,110578,217410
170,1390,107710,111475,219185
170,1400,108543,112317,220860
170,1410,109446,113184,222630
170,1420,110333,114070,224403
170,1430,111203,114964,226167
170,1440,112098,115881,227979
170,1450,112953,116672,229625
170,1460,113824,117527,231351
170,1470,114682,118376,233058
170,1480,115600,119220,234820
170,1490,116453,120091,236544
170,1500,117273,120992,238265
170,1510,118140,121841,239981
170,1520,118986,122713,241699
170,1530,119816,123607,243423
170,1540,120602,124419,245021
170,1550,121464,125248,246712
170,1560,122356,126209,248565
170,1570,123200,127104,250304
170,1580,123966,128009,251975
170,1590,124824,128947,253771
170,1600,125648,129829,255477
170,1610,126614,130741,257355
170,1620,127441,131611,259052
170,1630,128301,132466,260767
170,1640,129165,133366,262531
170,1650,130033,134292,264325
170,1660,130903,135188,266091
170,1670,131763,136042,267805
170,1680,132627,136923,269550
170,1690,133482,137793,271275
170,1700,134297,138704,273001
170,1710,135142,139653,274795
170,1720,135985,140543,276528
170,1730,136822,141399,278221
170,1740,137635,142300,279935
170,1750,138497,143170,281667
170,1760,139354,144035,283389
170,1770,140231,144904,285135
170,1780,141096,145768,286864
170,1790,141946,146691,288637
170,1800,142829,147578,290407
170,1810,143685,148439,292124
170,1820,144557,149305,293862
170,1830,145425,150153,295578
170,1840,146247,151005,297252
170,1850,147115,151898,299013
170,1860,147952,152766,300718
170,1870,148801,153626,302427
170,1880,149628,154551,304179
170,1890,150518,155443,305961
170,1900,151329,156359,307688
170,1910,152187,157214,309401
170,1920,153015,158093,311108
170,1930,153906,158975,312881
170,1940,154748,159874,314622
170,1950,155568,160710,316278
170,1960,156356,161585,317941
170,1970,157212,162500,319712
170,1980,158010,163397,321407
170,1990,158828,164355,323183
180,180,102,102,204
180,190,1161,1139,2300
180,200,2149,2116,4265
180,210,3091,3080,6171
180,220,4023,3993,8016
180,230,4972,4959,9931
180,240,5864,5898,11762
180,250,6738,6825,13563
180,260,7646,7744,15390
180,270,8527,8655,17182
180,280,9392,9564,18956
180,290,10270,10503,20773
180,300,11171,11448,22619
180,310,12069,12407,24476
180,320,12968,13411,26379
180,330,13926,14391,28317
180,340,14867,15407,30274
180,350,15822,16438,32260
180,360,16805,17466,34271
180,370,17741,18402,36143
180,380,18655,19418,38073
180,390,19599,20328,39927
180,400,20522,21261,41783
180,410,21410,22183,43593
180,420,22340,23066,45406
180,430,23233,23933,47166
180,440,24059,24862,48921
180,450,24982,25786,50768
180,460,25881,26678,52559
180,470,26748,27690,54438
180,480,27643,28639,56282
180,490,28538,29635,58173
180,500,29491,30567,60058
180,510,30417,31525,61942
180,520,31352,32453,63805
180,530,32300,33433,65733
180,540,33232,34367,67599
180,550,34226,35313,69539
180,560,35159,36300,71459
180,570,36112,37299,73411
180,580,37131,38258,75389
180,590,38095,39200,77295
180,600,39113,40146,79259
180,610,40129,41091,81220
180,620,41125,42086,83211
180,630,42159,43078,85237
180,640,43174,44086,87260
180,650,44109,44986,89095
180,660,44997,45901,90898
180,670,45930,46860,92790
180,680,46819,47788,94607
180,690,47777,48707,96484
180,700,48632,49655,98287
180,710,49475,50645,100120
180,720,50384,51587,101971
180,730,51295,52525,103820
180,740,52161,53412,105573
180,750,52969,54345,107314
180,760,53847,55334,109181
180,770,54725,56279,111004
180,780,55551,57227,112778
180,790,56417,58088,114505
180,800,57301,58948,116249
180,810,58193,59794,117987
180,820,59058,60708,119766
180,830,59918,61557,121475
180,840,60804,62436,123240
180,850,61662,63343,125005
180,860,62492,64228,126720
180,870,63271,65072,128343
180,880,64114,65962,130076
180,890,64932,66867,131799
180,900,65743,67803,133546
180,910,66565,68754,135319
180,920,67386,69602,136988
180,930,68228,70478,138706
180,940,69104,71344,140448
180,950,69919,72191,142110
180,960,70758,73063,143821
180,970,71613,73934,145547
180,980,72452,74795,147247
180,990,73217,75619,148836
180,1000,74005,76484,150489
180,1010,74805,77369,152174
180,1020,75594,78205,153799
180,1030,76413,79069,155482
180,1040,77196,79904,157100
180,1050,77997,80767,158764
180,1060,78795,81631,160426
180,1070,79678,82481,162159
180,1080,80501,83403,163904
180,1090,81302,84278,165580
180,1100,82141,85168,167309
180,1110,83006,86024,169030
180,1120,83845,86875,170720
180,1130,84666,87727,172393
180,1140,85507,88517,174024
180,1150,86322,89358,175680
180,1160,87160,90208,177368
180,1170,87994,91095,179089
180,1180,88793,91967,180760
180,1190,89593,92840,182433
180,1200,90402,93753,184155
180,1210,91267,94616,185883
180,1220,92076,95456,187532
180,1230,92893,96320,189213
180,1240,93751,97153,190904
180,1250,94582,98047,192629
180,1260,95412,98903,194315
180,1270,96267,99840,196107
180,1280,97130,100718,197848
180,1290,98025,101611,199636
180,1300,98910,102501,201411
180,1310,99797,103368,203165
180,1320,100628,104231,204859
180,1330,101459,105109,206568
180,1340,102313,105949,208262
180,1350,103176,106808,209984
180,1360,103979,107688,211667
180,1370,104907,108578,213485
180,1380,105765,109471,215236
180,1390,106643,110368,217011
180,1400,107476,111210,218686
180,1410,108379,112077,220456
180,1420,109266,112963,222229
180,1430,110136,113857,223993
180,1440,111031,114774,225805
180,1450,111886,115565,227451
180,1460,112757,116420,229177
180,1470,113615,117269,230884
180,1480,114533,118113,232646
180,1490,115386,118984,234370
180,1500,116206,119885,236091
180,1510,117073,120734,237807
180,1520,117919,121606,239525
180,1530,118749,122500,241249
180,1540,119535,123312,242847
180,1550,120397,124141,244538
180,1560,121289,125102,246391
180,1570,122133,125997,248130
180,1580,122899,126902,249801
180,1590,123757,127840,251597
180,1600,124581,128722,253303
180,1610,125547,129634,255181
180,1620,126374,130504,256878
180,1630,127234,131359,258593
180,1640,128098,132259,260357
180,1650,128966,133185,262151
180,1660,129836,134081,263917
180,1670,130696,134935,265631
180,1680,131560,135816,267376
180,1690,132415,136686,269101
180,1700,133230,137597,270827
180,1710,134075,138546,272621
180,1720,134918,139436,274354
180,1730,135755,140292,276047
180,1740,136568,141193,277761
180,1750,137430,142063,279493
180,1760,138287,142928,281215
180,1770,139164,143797,282961
180,1780,140029,144661,284690
180,1790,140879,145584,286463
180,1800,141762,146471,288233
180,1810,142618,147332,289950
180,1820,143490,148198,291688
180,1830,144358,149046,293404
180,1840,145180,149898,295078
180,1850,146048,150791,296839
180,1860,146885,151659,298544
180,1870,147734,152519,300253
180,1880,148561,153444,302005
180,1890,149451,154336,303787
180,1900,150262,155252,305514
180,1910,151120,156107,307227
180,1920,151948,156986,308934
180,1930,152839,157868,310707
180,1940,153681,158767,312448
180,1950,154501,159603,314104
180,1960,155289,160478,315767
180,1970,156145,161393,317538
180,1980,156943,162290,319233
180,1990,157761,163248,321009
190,190,102,95,197
190,200,1090,1072,2162
190,210,2032,2036,4068
190,220,2964,2949,5913
190,230,3913,3915,7828
190,240,4805,4854,9659
190,250,5679,5781,11460
190,260,6587,6700,13287
190,270,7468,7611,15079
190,280,8333,8520,16853
190,290,9211,9459,18670
190,300,10112,10404,20516
190,310,11010,11363,22373
190,320,11909,12367,24276
190,330,12867,13347,26214
190,340,13808,14363,28171
190,350,14763,15394,30157
190,360,15746,16422,32168
190,370,16682,17358,34040
190,380,17596,18374,35970
190,390,18540,19284,37824
190,400,19463,20217,39680
190,410,20351,21139,41490
190,420,21281,22022,43303
190,430,22174,22889,45063
190,440,23000,23818,46818
190,450,23923,24742,48665
190,460,24822,25634,50456
190,470,25689,26646,52335
190,480,26584,27595,54179
190,490,27479,28591,56070
190,500,28432,29523,57955
190,510,29358,30481,59839
190,520,30293,31409,61702
190,530,31241,32389,63630
190,540,32173,33323,65496
190,550,33167,34269,67436
190,560,34100,35256,69356
190,570,35053,36255,71308
190,580,36072,37214,73286
190,590,37036,38156,75192
190,600,38054,39102,77156
190,610,39070,40047,79117
190,620,40066,41042,81108
190,630,41100,42034,83134
190,640,42115,43042,85157
190,650,43050,43942,86992
190,660,43938,44857,88795
190,670,44871,45816,90687
190,680,45760,46744,92504
190,690,46718,47663,94381
190,700,47573,48611,96184
190,710,48416,49601,98017
190,720,49325,50543,99868
190,730,50236,51481,101717
190,740,51102,52368,103470
190,750,51910,53301,105211
190,760,52788,54290,107078
190,770,53666,55235,108901
190,780,54492,56183,110675
190,790,55358,57044,112402
190,800,56242,57904,114146
190,810,57134,58750,115884
190,820,57999,59664,117663
190,830,58859,60513,119372
190,840,59745,61392,121137
190,850,60603,62299,122902
190,860,61433,63184,124617
190,870,62212,64028,126240
190,880,63055,64918,127973
190,890,63873,65823,129696
190,900,64684,66759,131443
190,910,65506,67710,133216
190,920,66327,68558,134885
190,930,67169,69434,136603
190,940,68045,70300,138345
190,950,68860,71147,140007
190,960,69699,72019,141718
190,970,70554,72890,143444
190,980,71393,73751,145144
190,990,72158,74575,146733
190,1000,72946,75440,148386
190,1010,73746,76325,150071
190,1020,74535,77161,151696
190,1030,75354,78025,153379
190,1040,76137,78860,154997
190,1050,76938,79723,156661
190,1060,77736,80587,158323
190,1070,78619,81437,160056
190,1080,79442,82359,161801
190,1090,80243,83234,163477
190,1100,81082,84124,165206
190,1110,81947,84980,166927
190,1120,82786,85831,168617
190,1130,83607,86683,170290
190,1140,84448,87473,171921
190,1150,85263,88314,173577
190,1160,86101,89164,175265
190,1170,86935,90051,176986
190,1180,87734,90923,178657
190,1190,88534,91796,180330
190,1200,89343,92709,182052
190,1210,90208,93572,183780
190,1220,91017,94412,185429
190,1230,91834,95276,187110
190,1240,92692,96109,188801
190,1250,93523,97003,190526
190,1260,94353,97859,192212
190,1270,95208,98796,194004
190,1280,96071,99674,195745
190,1290,96966,100567,197533
190,1300,97851,101457,199308
190,1310,98738,102324,201062
190,1320,99569,103187,202756
190,1330,100400,104065,204465
190,1340,101254,104905,206159
190,1350,102117,105764,207881
190,1360,102920,106644,209564
190,1370,103848,107534,211382
190,1380,104706,108427,213133
190,1390,105584,109324,214908
190,1400,106417,110166,216583
190,1410,107320,111033,218353
190,1420,108207,111919,220126
190,1430,109077,112813,221890
190,1440,109972,113730,223702
190,1450,110827,114521,225348
190,1460,111698,115376,227074
190,1470,112556,116225,228781
190,1480,113474,117069,230543
190,1490,114327,117940,232267
190,1500,115147,118841,233988
190,1510,116014,119690,235704
190,1520,116860,120562,237422
190,1530,117690,121456,239146
190,1540,118476,122268,240744
190,1550,119338,123097,242435
190,1560,120230,124058,244288
190,1570,121074,124953,246027
190,1580,121840,125858,247698
190,1590,122698,126796,249494
190,1600,123522,127678,251200
190,1610,124488,128590,253078
190,1620,125315,129460,254775
190,1630,126175,130315,256490
190,1640,127039,131215,258254
190,1650,127907,132141,260048
190,1660,128777,133037,261814
190,1670,129637,133891,263528
190,1680,130501,134772,265273
190,1690,131356,135642,266998
190,1700,132171,136553,268724
190,1710,133016,137502,270518
190,1720,133859,138392,272251
190,1730,134696,139248,273944
190,1740,135509,140149,275658
190,1750,136371,141019,277390
190,1760,137228,141884,279112
190,1770,138105,142753,280858
190,1780,138970,143617,282587
190,1790,139820,144540,284360
190,1800,140703,145427,286130
190,1810,141559,146288,287847
190,1820,142431,147154,289585
190,1830,143299,148002,291301
190,1840,144121,148854,292975
190,1850,144989,149747,294736
190,1860,145826,150615,296441
190,1870,146675,151475,298150
190,1880,147502,152400,299902
190,1890,148392,153292,301684
190,1900,149203,154208,303411
190,1910,150061,155063,305124
190,1920,150889,155942,306831
190,1930,151780,156824,308604
190,1940,152622,157723,310345
190,1950,153442,158559,312001
190,1960,154230,159434,313664
190,1970,155086,160349,315435
190,1980,155884,161246,317130
190,1990,156702,162204,318906
200,200,98,104,202
200,210,1040,1068,2108
200,220,1972,1981,3953
200,230,2921,2947,5868
200,240,3813,3886,7699
200,250,4687,4813,9500
200,260,5595,5732,11327
200,270,6476,6643,13119
200,280,7341,7552,14893
200,290,8219,8491,16710
200,300,9120,9436,18556
200,310,10018,10395,20413
200,320,10917,11399,22316
200,330,11875,12379,24254
200,340,12816,13395,26211
200,350,13771,14426,28197
200,360,14754,15454,30208
200,370,15690,16390,32080
200,380,16604,17406,34010
200,390,17548,18316,35864
200,400,18471,19249,37720
200,410,19359,20171,39530
200,420,20289,21054,41343
200,430,21182,21921,43103
200,440,22008,22850,44858
200,450,22931,23774,46705
200,460,23830,24666,48496
200,470,24697,25678,50375
200,480,25592,26627,52219
200,490,26487,27623,54110
200,500,27440,28555,55995
200,510,28366,29513,57879
200,520,29301,30441,59742
200,530,30249,31421,61670
200,540,31181,32355,63536
200,550,32175,33301,65476
200,560,33108,34288,67396
200,570,34061,35287,69348
200,580,35080,36246,71326
200,590,36044,37188,73232
200,600,37062,38134,75196
200,610,38078,39079,77157
200,620,39074,40074,79148
200,630,40108,41066,81174
200,640,41123,42074,83197
200,650,42058,42974,85032
200,660,42946,43889,86835
200,670,43879,44848,88727
200,680,44768,45776,90544
200,690,45726,46695,92421
200,700,46581,47643,94224
200,710,47424,48633,96057
200,720,48333,49575,97908
200,730,49244,50513,99757
200,740,50110,51400,101510
200,750,50918,52333,103251
200,760,51796,53322,105118
200,770,52674,54267,106941
200,780,53500,55215,108715
200,790,54366,56076,110442
200,800,55250,56936,112186
200,810,56142,57782,113924
200,820,57007,58696,115703
200,830,57867,59545,117412
200,840,58753,60424,119177
200,850,59611,61331,120942
200,860,60441,62216,122657
200,870,61220,63060,124280
200,880,62063,63950,126013
200,890,62881,64855,127736
200,900,63692,65791,129483
200,910,64514,66742,131256
200,920,65335,67590,132925
200,930,66177,68466,134643
200,940,67053,69332,136385
200,950,67868,70179,138047
200,960,68707,71051,139758
200,970,69562,71922,141484
200,980,70401,72783,143184
200,990,71166,73607,144773
200,1000,71954,74472,146426
200,1010,72754,75357,148111
200,1020,73543,76193,149736
200,1030,74362,77057,151419
200,1040,75145,77892,153037
200,1050,75946,78755,154701
200,1060,76744,79619,156363
200,1070,77627,80469,158096
200,1080,78450,81391,159841
200,1090,79251,82266,161517
200,1100,80090,83156,163246
200,1110,80955,84012,164967
200,1120,81794,84863,166657
200,1130,82615,85715,168330
200,1140,83456,86505,169961
200,1150,84271,87346,171617
200,1160,85109,88196,173305
200,1170,85943,89083,175026
200,1180,86742,89955,176697
200,1190,87542,90828,178370
200,1200,88351,91741,180092
200,1210,89216,92604,181820
200,1220,90025,93444,183469
200,1230,90842,94308,185150
200,1240,91700,95141,186841
200,1250,92531,96035,188566
200,1260,93361,96891,190252
200,1270,94216,97828,192044
200,1280,95079,98706,193785
200,1290,95974,99599,195573
200,1300,96859,100489,197348
200,1310,97746,101356,199102
200,1320,98577,102219,200796
200,1330,99408,103097,202505
200,1340,100262,103937,204199
200,1350,101125,104796,205921
200,1360,101928,105676,207604
200,1370,102856,106566,209422
200,1380,103714,107459,211173
200,1390,104592,108356,212948
200,1400,105425,109198,214623
200,1410,106328,110065,216393
200,1420,107215,110951,218166
200,1430,108085,111845,219930
200,1440,108980,112762,221742
200,1450,109835,113553,223388
200,1460,110706,114408,225114
200,1470,111564,115257,226821
200,1480,112482,116101,228583
200,1490,113335,116972,230307
200,1500,114155,117873,232028
200,1510,115022,118722,233744
200,1520,115868,119594,235462
200,1530,116698,120488,237186
200,1540,117484,121300,238784
200,1550,118346,122129,240475
200,1560,119238,123090,242328
200,1570,120082,123985,244067
200,1580,120848,124890,245738
200,1590,121706,125828,247534
200,1600,122530,126710,249240
200,1610,123496,127622,251118
200,1620,124323,128492,252815
200,1630,125183,129347,254530
200,1640,126047,130247,256294
200,1650,126915,131173,258088
200,1660,127785,132069,259854
200,1670,128645,132923,261568
200,1680,129509,133804,263313
200,1690,130364,134674,265038
200,1700,131179,135585,266764
200,1710,132024,136534,268558
200,1720,132867,137424,270291
200,1730,133704,138280,271984
200,1740,134517,139181,273698
200,1750,135379,140051,275430
200,1760,136236,140916,277152
200,1770,137113,141785,278898
200,1780,137978,142649,280627
200,1790,138828,143572,282400
200,1800,139711,144459,284170
200,1810,140567,145320,285887
200,1820,141439,146186,287625
200,1830,142307,147034,289341
200,1840,143129,147886,291015
200,1850,143997,148779,292776
200,1860,144834,149647,294481
200,1870,145683,150507,296190
200,1880,146510,151432,297942
200,1890,147400,152324,299724
200,1900,148211,153240,301451
200,1910,149069,154095,303164
200,1920,149897,154974,304871
200,1930,150788,155856,306644
200,1940,151630,156755,308385
200,1950,152450,157591,310041
200,1960,153238,158466,311704
200,1970,154094,159381,313475
200,1980,154892,160278,315170
200,1990,155710,161236,316946
210,210,98,94,192
210,220,1030,1007,2037
210,230,1979,1973,3952
210,240,2871,2912,5783
210,250,3745,3839,7584
210,260,4653,4758,9411
210,270,5534,5669,11203
210,280,6399,6578,12977
210,290,7277,7517,14794
210,300,8178,8462,16640
210,310,9076,9421,18497
210,320,9975,10425,20400
210,330,10933,11405,22338
210,340,11874,12421,24295
210,350,12829,13452,26281
210,360,13812,14480,28292
210,370,14748,15416,30164
210,380,15662,16432,32094
210,390,16606,17342,33948
210,400,17529,18275,35804
210,410,18417,19197,37614
210,420,19347,20080,39427
210,430,20240,20947,41187
210,440,21066,21876,42942
210,450,21989,22800,44789
210,460,22888,23692,46580
210,470,23755,24704,48459
210,480,24650,25653,50303
210,490,25545,26649,52194
210,500,26498,27581,54079
210,510,27424,28539,55963
210,520,28359,29467,57826
210,530,29307,30447,59754
210,540,30239,31381,61620
210,550,31233,32327,63560
210,560,32166,33314,65480
210,570,33119,34313,67432
210,580,34138,35272,69410
210,590,35102,36214,71316
210,600,36120,37160,73280
210,610,37136,38105,75241
210,620,38132,39100,77232
210,630,39166,40092,79258
210,640,40181,41100,81281
210,650,41116,42000,83116
210,660,42004,42915,84919
210,670,42937,43874,86811
210,680,43826,44802,88628
210,690,44784,45721,90505
210,700,45639,46669,92308
210,710,46482,47659,94141
210,720,47391,48601,95992
210,730,48302,49539,97841
210,740,49168,50426,99594
210,750,49976,51359,101335
210,760,50854,52348,103202
210,770,51732,53293,105025
210,780,52558,54241,106799
210,790,53424,55102,108526
210,800,54308,55962,110270
210,810,55200,56808,112008
210,820,56065,57722,113787
210,830,56925,58571,115496
210,840,57811,59450,117261
210,850,58669,60357,119026
210,860,59499,61242,120741
210,870,60278,62086,122364
210,880,61121,62976,124097
210,890,61939,63881,125820
210,900,62750,64817,127567
210,910,63572,65768,129340
210,920,64393,66616,131009
210,930,65235,67492,132727
210,940,66111,68358,134469
210,950,66926,69205,136131
210,960,67765,70077,137842
210,970,68620,70948,139568
210,980,69459,71809,141268
210,990,70224,72633,142857
210,1000,71012,73498,144510
210,1010,71812,74383,146195
210,1020,72601,75219,147820
210,1030,73420,76083,149503
210,1040,74203,76918,151121
210,1050,75004,77781,152785
210,1060,75802,78645,154447
210,1070,76685,79495,156180
210,1080,77508,80417,157925
210,1090,78309,81292,159601
210,1100,79148,82182,161330
210,1110,80013,83038,163051
210,1120,80852,83889,164741
210,1130,81673,84741,166414
210,1140,82514,85531,168045
210,1150,83329,86372,169701
210,1160,84167,87222,171389
210,1170,85001,88109,173110
210,1180,85800,88981,174781
210,1190,86600,89854,176454
210,1200,87409,90767,178176
210,1210,88274,91630,179904
210,1220,89083,92470,181553
210,1230,89900,93334,183234
210,1240,90758,94167,184925
210,1250,91589,95061,186650
210,1260,92419,95917,188336
210,1270,93274,96854,190128
210,1280,94137,97732,191869
210,1290,95032,98625,193657
210,1300,95917,99515,195432
210,1310,96804,100382,197186
210,1320,97635,101245,198880
210,1330,98466,102123,200589
210,1340,99320,102963,202283
210,1350,100183,103822,204005
210,1360,100986,104702,205688
210,1370,101914,105592,207506
210,1380,102772,106485,209257
210,1390,103650,107382,211032
210,1400,104483,108224,212707
210,1410,105386,109091,214477
210,1420,106273,109977,216250
210,1430,107143,110871,218014
210,1440,108038,111788,219826
210,1450,108893,112579,221472
210,1460,109764,113434,223198
210,1470,110622,114283,224905
210,1480,111540,115127,226667
210,1490,112393,115998,228391
210,1500,113213,116899,230112
210,1510,114080,117748,231828
210,1520,114926,118620,233546
210,1530,115756,119514,235270
210,1540,116542,120326,236868
210,1550,117404,121155,238559
210,1560,118296,122116,240412
210,1570,119140,123011,242151
210,1580,119906,123916,243822
210,1590,120764,124854,245618
210,1600,121588,125736,247324
210,1610,122554,126648,249202
210,1620,123381,127518,250899
210,1630,124241,128373,252614
210,1640,125105,129273,254378
210,1650,125973,130199,256172
210,1660,126843,131095,257938
210,1670,127703,131949,259652
210,1680,128567,132830,261397
210,1690,129422,133700,263122
210,1700,130237,134611,264848
210,1710,131082,135560,266642
210,1720,131925,136450,268375
210,1730,132762,137306,270068
210,1740,133575,138207,271782
210,1750,134437,139077,273514
210,1760,135294,139942,275236
210,1770,136171,140811,276982
210,1780,137036,141675,278711
210,1790,137886,142598,280484
210,1800,138769,143485,282254
210,1810,139625,144346,283971
210,1820,140497,145212,285709
210,1830,141365,146060,287425
210,1840,142187,146912,289099
210,1850,143055,147805,290860
210,1860,143892,148673,292565
210,1870,144741,149533,294274
210,1880,145568,150458,296026
210,1890,146458,151350,297808
210,1900,147269,152266,299535
210,1910,148127,153121,301248
210,1920,148955,154000,302955
210,1930,149846,154882,304728
210,1940,150688,155781,306469
210,1950,151508,156617,308125
210,1960,152296,157492,309788
210,1970,153152,158407,311559
210,1980,153950,159304,313254
210,1990,154768,160262,315030
220,220,96,89,185
220,230,1045,1055,2100
220,240,1937,1994,3931
220,250,2811,2921,5732
220,260,3719,3840,7559
220,270,4600,4751,9351
220,280,5465,5660,11125
220,290,6343,6599,12942
220,300,7244,7544,14788
220,310,8142,8503,16645
220,320,9041,9507,18548
220,330,9999,10487,20486
220,340,10940,11503,22443
220,350,11895,12534,24429
220,360,12878,13562,26440
220,370,13814,14498,28312
220,380,14728,15514,30242
220,390,15672,16424,32096
220,400,16595,17357,33952
220,410,17483,18279,35762
220,420,18413,19162,37575
220,430,19306,20029,39335
220,440,20132,20958,41090
220,450,21055,21882,42937
220,460,21954,22774,44728
220,470,22821,23786,46607
220,480,23716,24735,48451
220,490,24611,25731,50342
220,500,25564,26663,52227
220,510,26490,27621,54111
220,520,27425,28549,55974
220,530,28373,29529,57902
220,540,29305,30463,59768
220,550,30299,31409,61708
220,560,31232,32396,63628
220,570,32185,33395,65580
220,580,33204,34354,67558
220,590,34168,35296,69464
220,600,35186,36242,71428
220,610,36202,37187,73389
220,620,37198,38182,75380
220,630,38232,39174,77406
220,640,39247,40182,79429
220,650,40182,41082,81264
220,660,41070,41997,83067
220,670,42003,42956,84959
220,680,42892,43884,86776
220,690,43850,44803,88653
220,700,44705,45751,90456
220,710,45548,46741,92289
220,720,46457,47683,94140
220,730,47368,48621,95989
220,740,48234,49508,97742
220,750,49042,50441,99483
220,760,49920,51430,101350
220,770,50798,52375,103173
220,780,51624,53323,104947
220,790,52490,54184,106674
220,800,53374,55044,108418
220,810,54266,55890,110156
220,820,55131,56804,111935
220,830,55991,57653,113644
220,840,56877,58532,115409
220,850,57735,59439,117174
220,860,58565,60324,118889
220,870,59344,61168,120512
220,880,60187,62058,122245
220,890,61005,62963,123968
220,900,61816,63899,125715
220,910,62638,64850,127488
220,920,63459,65698,129157
220,930,64301,66574,130875
220,940,65177,67440,132617
220,950,65992,68287,134279
220,960,66831,69159,135990
220,970,67686,70030,137716
220,980,68525,70891,139416
220,990,69290,71715,141005
220,1000,70078,72580,142658
220,1010,70878,73465,144343
220,1020,71667,74301,145968
220,1030,72486,75165,147651
220,1040,73269,76000,149269
220,1050,74070,76863,150933
220,1060,74868,77727,152595
220,1070,75751,78577,154328
220,1080,76574,79499,156073
220,1090,77375,80374,157749
220,1100,78214,81264,159478
220,1110,79079,82120,161199
220,1120,79918,82971,162889
220,1130,80739,83823,164562
220,1140,81580,84613,166193
220,1150,82395,85454,167849
220,1160,83233,86304,169537
220,1170,84067,87191,171258
220,1180,84866,88063,172929
220,1190,85666,88936,174602
220,1200,86475,89849,176324
220,1210,87340,90712,178052
220,1220,88149,91552,179701
220,1230,88966,92416,181382
220,1240,89824,93249,183073
220,1250,90655,94143,184798
220,1260,91485,94999,186484
220,1270,92340,95936,188276
220,1280,93203,96814,190017
220,1290,94098,97707,191805
220,1300,94983,98597,193580
220,1310,95870,99464,195334
220,1320,96701,100327,197028
220,1330,97532,101205,198737
220,1340,98386,102045,200431
220,1350,99249,102904,202153
220,1360,100052,103784,203836
220,1370,100980,104674,205654
220,1380,101838,105567,207405
220,1390,102716,106464,209180
220,1400,103549,107306,210855
220,1410,104452,108173,212625
220,1420,105339,109059,214398
220,1430,106209,109953,216162
220,1440,107104,110870,217974
220,1450,107959,111661,219620
220,1460,108830,112516,221346
220,1470,109688,113365,223053
220,1480,110606,114209,224815
220,1490,111459,115080,226539
220,1500,112279,115981,228260
220,1510,113146,116830,229976
220,1520,113992,117702,231694
220,1530,114822,118596,233418
220,1540,115608,119408,235016
220,1550,116470,120237,236707
220,1560,117362,121198,238560
220,1570,118206,122093,240299
220,1580,118972,122998,241970
220,1590,119830,123936,243766
220,1600,120654,124818,245472
220,1610,121620,125730,247350
220,1620,122447,126600,249047
220,1630,123307,127455,250762
220,1640,124171,128355,252526
220,1650,125039,129281,254320
220,1660,125909,130177,256086
220,1670,126769,131031,257800
220,1680,127633,131912,259545
220,1690,128488,132782,261270
220,1700,129303,133693,262996
220,1710,130148,134642,264790
220,1720,130991,135532,266523
220,1730,131828,136388,268216
220,1740,132641,137289,269930
220,1750,133503,138159,271662
220,1760,134360,139024,273384
220,1770,135237,139893,275130
220,1780,136102,140757,276859
220,1790,136952,141680,278632
220,1800,137835,142567,280402
220,1810,138691,143428,282119
220,1820,139563,144294,283857
220,1830,140431,145142,285573
220,1840,141253,145994,287247
220,1850,142121,146887,289008
220,1860,142958,147755,290713
220,1870,143807,148615,292422
220,1880,144634,149540,294174
220,1890,145524,150432,295956
220,1900,146335,151348,297683
220,1910,147193,152203,299396
220,1920,148021,153082,301103
220,1930,148912,153964,302876
220,1940,149754,154863,304617
220,1950,150574,155699,306273
220,1960,151362,156574,307936
220,1970,152218,157489,309707
220,1980,153016,158386,311402
220,1990,153834,159344,313178
230,230,114,96,210
230,240,1006,1035,2041
230,250,1880,1962,3842
230,260,2788,2881,5669
230,270,3669,3792,7461
230,280,4534,4701,9235
230,290,5412,5640,11052
230,300,6313,6585,12898
230,310,7211,7544,14755
230,320,8110,8548,16658
230,330,9068,9528,18596
230,340,10009,10544,20553
230,350,10964,11575,22539
230,360,11947,12603,24550
230,370,12883,13539,26422
230,380,13797,14555,28352
230,390,14741,15465,30206
230,400,15664,16398,32062
230,410,16552,17320,33872
230,420,17482,18203,35685
230,430,18375,19070,37445
230,440,19201,19999,39200
230,450,20124,20923,41047
230,460,21023,21815,42838
230,470,21890,22827,44717
230,480,22785,23776,46561
230,490,23680,24772,48452
230,500,24633,25704,50337
230,510,25559,26662,52221
230,520,26494,27590,54084
230,530,27442,28570,56012
230,540,28374,29504,57878
230,550,29368,30450,59818
230,560,30301,31437,61738
230,570,31254,32436,63690
230,580,32273,33395,65668
230,590,33237,34337,67574
230,600,34255,35283,69538
230,610,35271,36228,71499
230,620,36267,37223,73490
230,630,37301,38215,75516
230,640,38316,39223,77539
230,650,39251,40123,79374
230,660,40139,41038,81177
230,670,41072,41997,83069
230,680,41961,42925,84886
230,690,42919,43844,86763
230,700,43774,44792,88566
230,710,44617,45782,90399
230,720,45526,46724,92250
230,730,46437,47662,94099
230,740,47303,48549,95852
230,750,48111,49482,97593
230,760,48989,50471,99460
230,770,49867,51416,101283
230,780,50693,52364,103057
230,790,51559,53225,104784
230,800,52443,54085,106528
230,810,53335,54931,108266
230,820,54200,55845,110045
230,830,55060,56694,111754
230,840,55946,57573,113519
230,850,56804,58480,115284
230,860,57634,59365,116999
230,870,58413,60209,118622
230,880,59256,61099,120355
230,890,60074,62004,122078
230,900,60885,62940,123825
230,910,61707,63891,125598
230,920,62528,64739,127267
230,930,63370,65615,128985
230,940,64246,66481,130727
230,950,65061,67328,132389
230,960,65900,68200,134100
230,970,66755,69071,135826
230,980,67594,69932,137526
230,990,68359,70756,139115
230,1000,69147,71621,140768
230,1010,69947,72506,142453
230,1020,70736,73342,144078
230,1030,71555,74206,145761
230,1040,72338,75041,147379
230,1050,73139,75904,149043
230,1060,73937,76768,150705
230,1070,74820,77618,152438
230,1080,75643,78540,154183
230,1090,76444,79415,155859
230,1100,77283,80305,157588
230,1110,78148,81161,159309
230,1120,78987,82012,160999
230,1130,79808,82864,162672
230,1140,80649,83654,164303
230,1150,81464,84495,165959
230,1160,82302,85345,167647
230,1170,83136,86232,169368
230,1180,83935,87104,171039
230,1190,84735,87977,172712
230,1200,85544,88890,174434
230,1210,86409,89753,176162
230,1220,87218,90593,177811
230,1230,88035,91457,179492
230,1240,88893,92290,181183
230,1250,89724,93184,182908
230,1260,90554,94040,184594
230,1270,91409,94977,186386
230,1280,92272,95855,188127
230,1290,93167,96748,189915
230,1300,94052,97638,191690
230,1310,94939,98505,193444
230,1320,95770,99368,195138
230,1330,96601,100246,196847
230,1340,97455,101086,198541
230,1350,98318,101945,200263
230,1360,99121,102825,201946
230,1370,100049,103715,203764
230,1380,100907,104608,205515
230,1390,101785,105505,207290
230,1400,102618,106347,208965
230,1410,103521,107214,210735
230,1420,104408,108100,212508
230,1430,105278,108994,214272
230,1440,106173,109911,216084
230,1450,107028,110702,217730
230,1460,107899,111557,219456
230,1470,108757,112406,221163
230,1480,109675,113250,222925
230,1490,110528,114121,224649
230,1500,111348,115022,226370
230,1510,112215,115871,228086
230,1520,113061,116743,229804
230,1530,113891,117637,231528
230,1540,114677,118449,233126
230,1550,115539,119278,234817
230,1560,116431,120239,236670
230,1570,117275,121134,238409
230,1580,118041,122039,240080
230,1590,118899,122977,241876
230,1600,119723,123859,243582
230,1610,120689,124771,245460
230,1620,121516,125641,247157
230,1630,122376,126496,248872
230,1640,123240,127396,250636
230,1650,124108,128322,252430
230,1660,124978,129218,254196
230,1670,125838,130072,255910
230,1680,126702,130953,257655
230,1690,127557,131823,259380
230,1700,128372,132734,261106
230,1710,129217,133683,262900
230,1720,130060,134573,264633
230,1730,130897,135429,266326
230,1740,131710,136330,268040
230,1750,132572,137200,269772
230,1760,133429,138065,271494
230,1770,134306,138934,273240
230,1780,135171,139798,274969
230,1790,136021,140721,276742
230,1800,136904,141608,278512
230,1810,137760,142469,280229
230,1820,138632,143335,281967
230,1830,139500,144183,283683
230,1840,140322,145035,285357
230,1850,141190,145928,287118
230,1860,142027,146796,288823
230,1870,142876,147656,290532
230,1880,143703,148581,292284
230,1890,144593,149473,294066
230,1900,145404,150389,295793
230,1910,146262,151244,297506
230,1920,147090,152123,299213
230,1930,147981,153005,300986
230,1940,148823,153904,302727
230,1950,149643,154740,304383
230,1960,150431,155615,306046
230,1970,151287,156530,307817
230,1980,152085,157427,309512
230,1990,152903,158385,311288
240,240,92,90,182
240,250,966,1017,1983
240,260,1874,1936,3810
240,270,2755,2847,5602
240,280,3620,3756,7376
240,290,4498,4695,9193
240,300,5399,5640,11039
240,310,6297,6599,12896
240,320,7196,7603,14799
240,330,8154,8583,16737
240,340,9095,9599,18694
240,350,10050,10630,20680
240,360,11033,11658,22691
240,370,11969,12594,24563
240,380,12883,13610,26493
240,390,13827,14520,28347
240,400,14750,15453,30203
240,410,15638,16375,32013
240,420,16568,17258,33826
240,430,17461,18125,35586
240,440,18287,19054,37341
240,450,19210,19978,39188
240,460,20109,20870,40979
240,470,20976,21882,42858
240,480,21871,22831,44702
240,490,22766,23827,46593
240,500,23719,24759,48478
240,510,24645,25717,50362
240,520,25580,26645,52225
240,530,26528,27625,54153
240,540,27460,28559,56019
240,550,28454,29505,57959
240,560,29387,30492,59879
240,570,30340,31491,61831
240,580,31359,32450,63809
240,590,32323,33392,65715
240,600,33341,34338,67679
240,610,34357,35283,69640
240,620,35353,36278,71631
240,630,36387,37270,73657
240,640,37402,38278,75680
240,650,38337,39178,77515
240,660,39225,40093,79318
240,670,40158,41052,81210
240,680,41047,41980,83027
240,690,42005,42899,84904
240,700,42860,43847,86707
240,710,43703,44837,88540
240,720,44612,45779,90391
240,730,45523,46717,92240
240,740,46389,47604,93993
240,750,47197,48537,95734
240,760,48075,49526,97601
240,770,48953,50471,99424
240,780,49779,51419,101198
240,790,50645,52280,102925
240,800,51529,53140,104669
240,810,52421,53986,106407
240,820,53286,54900,108186
240,830,54146,55749,109895
240,840,55032,56628,111660
240,850,55890,57535,113425
240,860,56720,58420,115140
240,870,57499,59264,116763
240,880,58342,60154,118496
240,890,59160,61059,120219
240,900,59971,61995,121966
240,910,60793,62946,123739
240,920,61614,63794,125408
240,930,62456,64670,127126
240,940,63332,65536,128868
240,950,64147,66383,130530
240,960,64986,67255,132241
240,970,65841,68126,133967
240,980,66680,68987,135667
240,990,67445,69811,137256
240,1000,68233,70676,138909
240,1010,69033,71561,140594
240,1020,69822,72397,142219
240,1030,70641,73261,143902
240,1040,71424,74096,145520
240,1050,72225,74959,147184
240,1060,73023,75823,148846
240,1070,73906,76673,150579
240,1080,74729,77595,152324
240,1090,75530,78470,154000
240,1100,76369,79360,155729
240,1110,77234,80216,157450
240,1120,78073,81067,159140
240,1130,78894,81919,160813
240,1140,79735,82709,162444
240,1150,80550,83550,164100
240,1160,81388,84400,165788
240,1170,82222,85287,167509
240,1180,83021,86159,169180
240,1190,83821,87032,170853
240,1200,84630,87945,172575
240,1210,85495,88808,174303
240,1220,86304,89648,175952
240,1230,87121,90512,177633
240,1240,87979,91345,179324
240,1250,88810,92239,181049
240,1260,89640,93095,182735
240,1270,90495,94032,184527
240,1280,91358,94910,186268
240,1290,92253,95803,188056
240,1300,93138,96693,189831
240,1310,94025,97560,191585
240,1320,94856,98423,193279
240,1330,95687,99301,194988
240,1340,96541,100141,196682
240,1350,97404,101000,198404
240,1360,98207,101880,200087
240,1370,99135,102770,201905
240,1380,99993,103663,203656
240,1390,100871,104560,205431
240,1400,101704,105402,207106
240,1410,102607,106269,208876
240,1420,103494,107155,210649
240,1430,104364,108049,212413
240,1440,105259,108966,214225
240,1450,106114,109757,215871
240,1460,106985,110612,217597
240,1470,107843,111461,219304
240,1480,108761,112305,221066
240,1490,109614,113176,222790
240,1500,110434,114077,224511
240,1510,111301,114926,226227
240,1520,112147,115798,227945
240,1530,112977,116692,229669
240,1540,113763,117504,231267
240,1550,114625,118333,232958
240,1560,115517,119294,234811
240,1570,116361,120189,236550
240,1580,117127,121094,238221
240,1590,117985,122032,240017
240,1600,118809,122914,241723
240,1610,119775,123826,243601
240,1620,120602,124696,245298
240,1630,121462,125551,247013
240,1640,122326,126451,248777
240,1650,123194,127377,250571
240,1660,124064,128273,252337
240,1670,124924,129127,254051
240,1680,125788,130008,255796
240,1690,126643,130878,257521
240,1700,127458,131789,259247
240,1710,128303,132738,261041
240,1720,129146,133628,262774
240,1730,129983,134484,264467
240,1740,130796,135385,266181
240,1750,131658,136255,267913
240,1760,132515,137120,269635
240,1770,133392,137989,271381
240,1780,134257,138853,273110
240,1790,135107,139776,274883
240,1800,135990,140663,276653
240,1810,136846,141524,278370
240,1820,137718,142390,280108
240,1830,138586,143238,281824
240,1840,139408,144090,283498
240,1850,140276,144983,285259
240,1860,141113,145851,286964
240,1870,141962,146711,288673
240,1880,142789,147636,290425
240,1890,143679,148528,292207
240,1900,144490,149444,293934
240,1910,145348,150299,295647
240,1920,146176,151178,297354
240,1930,147067,152060,299127
240,1940,147909,152959,300868
240,1950,148729,153795,302524
240,1960,149517,154670,304187
240,1970,150373,155585,305958
240,1980,151171,156482,307653
240,1990,151989,157440,309429
250,250,97,86,183
250,260,1005,1005,2010
250,270,1886,1916,3802
250,280,2751,2825,5576
250,290,3629,3764,7393
250,300,4530,4709,9239
250,310,5428,5668,11096
250,320,6327,6672,12999
250,330,7285,7652,14937
250,340,8226,8668,16894
250,350,9181,9699,18880
250,360,10164,10727,20891
250,370,11100,11663,22763
250,380,12014,12679,24693
250,390,12958,13589,26547
250,400,13881,14522,28403
250,410,14769,15444,30213
250,420,15699,16327,32026
250,430,16592,17194,33786
250,440,17418,18123,35541
250,450,18341,19047,37388
250,460,19240,19939,39179
250,470,20107,20951,41058
250,480,21002,21900,42902
250,490,21897,22896,44793
250,500,22850,23828,46678
250,510,23776,24786,48562
250,520,24711,25714,50425
250,530,25659,26694,52353
250,540,26591,27628,54219
250,550,27585,28574,56159
250,560,28518,29561,58079
250,570,29471,30560,60031
250,580,30490,31519,62009
250,590,31454,32461,63915
250,600,32472,33407,65879
250,610,33488,34352,67840
250,620,34484,35347,69831
250,630,35518,36339,71857
250,640,36533,37347,73880
250,650,37468,38247,75715
250,660,38356,39162,77518
250,670,39289,40121,79410
250,680,40178,41049,81227
250,690,41136,41968,83104
250,700,41991,42916,84907
250,710,42834,43906,86740
250,720,43743,44848,88591
250,730,44654,45786,90440
250,740,45520,46673,92193
250,750,46328,47606,93934
250,760,47206,48595,95801
250,770,48084,49540,97624
250,780,48910,50488,99398
250,790,49776,51349,101125
250,800,50660,52209,102869
250,810,51552,53055,104607
250,820,52417,53969,106386
250,830,53277,54818,108095
250,840,54163,55697,109860
250,850,55021,56604,111625
250,860,55851,57489,113340
250,870,56630,58333,114963
250,880,57473,59223,116696
250,890,58291,60128,118419
250,900,59102,61064,120166
250,910,59924,62015,121939
250,920,60745,62863,123608
250,930,61587,63739,125326
250,940,62463,64605,127068
250,950,63278,65452,128730
250,960,64117,66324,130441
250,970,64972,67195,132167
250,980,65811,68056,133867
250,990,66576,68880,135456
250,1000,67364,69745,137109
250,1010,68164,70630,138794
250,1020,68953,71466,140419
250,1030,69772,72330,142102
250,1040,70555,73165,143720
250,1050,71356,74028,145384
250,1060,72154,74892,147046
250,1070,73037,75742,148779
250,1080,73860,76664,150524
250,1090,74661,77539,152200
250,1100,75500,78429,153929
250,1110,76365,79285,155650
250,1120,77204,80136,157340
250,1130,78025,80988,159013
250,1140,78866,81778,160644
250,1150,79681,82619,162300
250,1160,80519,83469,163988
250,1170,81353,84356,165709
250,1180,82152,85228,167380
250,1190,82952,86101,169053
250,1200,83761,87014,170775
250,1210,84626,87877,172503
250,1220,85435,88717,174152
250,1230,86252,89581,175833
250,1240,87110,90414,177524
250,1250,87941,91308,179249
250,1260,88771,92164,180935
250,1270,89626,93101,182727
250,1280,90489,93979,184468
250,1290,91384,94872,186256
250,1300,92269,95762,188031
250,1310,93156,96629,189785
250,1320,93987,97492,191479
250,1330,94818,98370,193188
250,1340,95672,99210,194882
250,1350,96535,100069,196604
250,1360,97338,100949,198287
250,1370,98266,101839,200105
250,1380,99124,102732,201856
250,1390,100002,103629,203631
250,1400,100835,104471,205306
250,1410,101738,105338,207076
250,1420,102625,106224,208849
250,1430,103495,107118,210613
250,1440,104390,108035,212425
250,1450,105245,108826,214071
250,1460,106116,109681,215797
250,1470,106974,110530,217504
250,1480,107892,111374,219266
250,1490,108745,112245,220990
250,1500,109565,113146,222711
250,1510,110432,113995,224427
250,1520,111278,114867,226145
250,1530,112108,115761,227869
250,1540,112894,116573,229467
250,1550,113756,117402,231158
250,1560,114648,118363,233011
250,1570,115492,119258,234750
250,1580,116258,120163,236421
250,1590,117116,121101,238217
250,1600,117940,121983,239923
250,1610,118906,122895,241801
250,1620,119733,123765,243498
250,1630,120593,124620,245213
250,1640,121457,125520,246977
250,1650,122325,126446,248771
250,1660,123195,127342,250537
250,1670,124055,128196,252251
250,1680,124919,129077,253996
250,1690,125774,129947,255721
250,1700,126589,130858,257447
250,1710,127434,131807,259241
250,1720,128277,132697,260974
250,1730,129114,133553,262667
250,1740,129927,134454,264381
250,1750,130789,135324,266113
250,1760,131646,136189,267835
250,1770,132523,137058,269581
250,1780,133388,137922,271310
250,1790,134238,138845,273083
250,1800,135121,139732,274853
250,1810,135977,140593,276570
250,1820,136849,141459,278308
250,1830,137717,142307,280024
250,1840,138539,143159,281698
250,1850,139407,144052,283459
250,1860,140244,144920,285164
250,1870,141093,145780,286873
250,1880,141920,146705,288625
250,1890,142810,147597,290407
250,1900,143621,148513,292134
250,1910,144479,149368,293847
250,1920,145307,150247,295554
250,1930,146198,151129,297327
250,1940,147040,152028,299068
250,1950,147860,152864,300724
250,1960,148648,153739,302387
250,1970,149504,154654,304158
250,1980,150302,155551,305853
250,1990,151120,156509,307629
260,260,86,85,171
260,270,967,996,1963
260,280,1832,1905,3737
260,290,2710,2844,5554
260,300,3611,3789,7400
260,310,4509,4748,9257
260,320,5408,5752,11160
260,330,6366,6732,13098
260,340,7307,7748,15055
260,350,8262,8779,17041
260,360,9245,9807,19052
260,370,10181,10743,20924
260,380,11095,11759,22854
260,390,12039,12669,24708
260,400,12962,13602,26564
260,410,13850,14524,28374
260,420,14780,15407,30187
260,430,15673,16274,31947
260,440,16499,17203,33702
260,450,17422,18127,35549
260,460,18321,19019,37340
260,470,19188,20031,39219
260,480,20083,20980,41063
260,490,20978,21976,42954
260,500,21931,22908,44839
260,510,22857,23866,46723
260,520,23792,24794,48586
260,530,24740,25774,50514
260,540,25672,26708,52380
260,550,26666,27654,54320
260,560,27599,28641,56240
260,570,28552,29640,58192
260,580,29571,30599,60170
260,590,30535,31541,62076
260,600,31553,32487,64040
260,610,32569,33432,66001
260,620,33565,34427,67992
260,630,34599,35419,70018
260,640,35614,36427,72041
260,650,36549,37327,73876
260,660,37437,38242,75679
260,670,38370,39201,77571
260,680,39259,40129,79388
260,690,40217,41048,81265
260,700,41072,41996,83068
260,710,41915,42986,84901
260,720,42824,43928,86752
260,730,43735,44866,88601
260,740,44601,45753,90354
260,750,45409,46686,92095
260,760,46287,47675,93962
260,770,47165,48620,95785
260,780,47991,49568,97559
260,790,48857,50429,99286
260,800,49741,51289,101030
260,810,50633,52135,102768
260,820,51498,53049,104547
260,830,52358,53898,106256
260,840,53244,54777,108021
260,850,54102,55684,109786
260,860,54932,56569,111501
260,870,55711,57413,113124
260,880,56554,58303,114857
260,890,57372,59208,116580
260,900,58183,60144,118327
260,910,59005,61095,120100
260,920,59826,61943,121769
260,930,60668,62819,123487
260,940,61544,63685,125229
260,950,62359,64532,126891
260,960,63198,65404,128602
260,970,64053,66275,130328
260,980,64892,67136,132028
260,990,65657,67960,133617
260,1000,66445,68825,135270
260,1010,67245,69710,136955
260,1020,68034,70546,138580
260,1030,68853,71410,140263
260,1040,69636,72245,141881
260,1050,70437,73108,143545
260,1060,71235,73972,145207
260,1070,72118,74822,146940
260,1080,72941,75744,148685
260,1090,73742,76619,150361
260,1100,74581,77509,152090
260,1110,75446,78365,153811
260,1120,76285,79216,155501
260,1130,77106,80068,157174
260,1140,77947,80858,158805
260,1150,78762,81699,160461
260,1160,79600,82549,162149
260,1170,80434,83436,163870
260,1180,81233,84308,165541
260,1190,82033,85181,167214
260,1200,82842,86094,168936
260,1210,83707,86957,170664
260,1220,84516,87797,172313
260,1230,85333,88661,173994
260,1240,86191,89494,175685
260,1250,87022,90388,177410
260,1260,87852,91244,179096
260,1270,88707,92181,180888
260,1280,89570,93059,182629
260,1290,90465,93952,184417
260,1300,91350,94842,186192
260,1310,92237,95709,187946
260,1320,93068,96572,189640
260,1330,93899,97450,191349
260,1340,94753,98290,193043
260,1350,95616,99149,194765
260,1360,96419,100029,196448
260,1370,97347,100919,198266
260,1380,98205,101812,200017
260,1390,99083,102709,201792
260,1400,99916,103551,203467
260,1410,100819,104418,205237
260,1420,101706,105304,207010
260,1430,102576,106198,208774
260,1440,103471,107115,210586
260,1450,104326,107906,212232
260,1460,105197,108761,213958
260,1470,106055,109610,215665
260,1480,106973,110454,217427
260,1490,107826,111325,219151
260,1500,108646,112226,220872
260,1510,109513,113075,222588
260,1520,110359,113947,224306
260,1530,111189,114841,226030
260,1540,111975,115653,227628
260,1550,112837,116482,229319
260,1560,113729,117443,231172
260,1570,114573,118338,232911
260,1580,115339,119243,234582
260,1590,116197,120181,236378
260,1600,117021,121063,238084
260,1610,117987,121975,239962
260,1620,118814,122845,241659
260,1630,119674,123700,243374
260,1640,120538,124600,245138
260,1650,121406,125526,246932
260,1660,122276,126422,248698
260,1670,123136,127276,250412
260,1680,124000,128157,252157
260,1690,124855,129027,253882
260,1700,125670,129938,255608
260,1710,126515,130887,257402
260,1720,127358,131777,259135
260,1730,128195,132633,260828
260,1740,129008,133534,262542
260,1750,129870,134404,264274
260,1760,130727,135269,265996
260,1770,131604,136138,267742
260,1780,132469,137002,269471
260,1790,133319,137925,271244
260,1800,134202,138812,273014
260,1810,135058,139673,274731
260,1820,135930,140539,276469
260,1830,136798,141387,278185
260,1840,137620,142239,279859
260,1850,138488,143132,281620
260,1860,139325,144000,283325
260,1870,140174,144860,285034
260,1880,141001,145785,286786
260,1890,141891,146677,288568
260,1900,142702,147593,290295
260,1910,143560,148448,292008
260,1920,144388,149327,293715
260,1930,145279,150209,295488
260,1940,146121,151108,297229
260,1950,146941,151944,298885
260,1960,147729,152819,300548
260,1970,148585,153734,302319
260,1980,149383,154631,304014
260,1990,150201,155589,305790
270,270,93,102,195
270,280,958,1011,1969
270,290,1836,1950,3786
270,300,2737,2895,5632
270,310,3635,3854,7489
270,320,4534,4858,9392
270,330,5492,5838,11330
270,340,6433,6854,13287
270,350,7388,7885,15273
270,360,8371,8913,17284
270,370,9307,9849,19156
270,380,10221,10865,21086
270,390,11165,11775,22940
270,400,12088,12708,24796
270,410,12976,13630,26606
270,420,13906,14513,28419
270,430,14799,15380,30179
270,440,15625,16309,31934
270,450,16548,17233,33781
270,460,17447,18125,35572
270,470,18314,19137,37451
270,480,19209,20086,39295
270,490,20104,21082,41186
270,500,21057,22014,43071
270,510,21983,22972,44955
270,520,22918,23900,46818
270,530,23866,24880,48746
270,540,24798,25814,50612
270,550,25792,26760,52552
270,560,26725,27747,54472
270,570,27678,28746,56424
270,580,28697,29705,58402
270,590,29661,30647,60308
270,600,30679,31593,62272
270,610,31695,32538,64233
270,620,32691,33533,66224
270,630,33725,34525,68250
270,640,34740,35533,70273
270,650,35675,36433,72108
270,660,36563,37348,73911
270,670,37496,38307,75803
270,680,38385,39235,77620
270,690,39343,40154,79497
270,700,40198,41102,81300
270,710,41041,42092,83133
270,720,41950,43034,84984
270,730,42861,43972,86833
270,740,43727,44859,88586
270,750,44535,45792,90327
270,760,45413,46781,92194
270,770,46291,47726,94017
270,780,47117,48674,95791
270,790,47983,49535,97518
270,800,48867,50395,99262
270,810,49759,51241,101000
270,820,50624,52155,102779
270,830,51484,53004,104488
270,840,52370,53883,106253
270,850,53228,54790,108018
270,860,54058,55675,109733
270,870,54837,56519,111356
270,880,55680,57409,113089
270,890,56498,58314,114812
270,900,57309,59250,116559
270,910,58131,60201,118332
270,920,58952,61049,120001
270,930,59794,61925,121719
270,940,60670,62791,123461
270,950,61485,63638,125123
270,960,62324,64510,126834
270,970,63179,65381,128560
270,980,64018,66242,130260
270,990,64783,67066,131849
270,1000,65571,67931,133502
270,1010,66371,68816,135187
270,1020,67160,69652,136812
270,1030,67979,70516,138495
270,1040,68762,71351,140113
270,1050,69563,72214,141777
270,1060,70361,73078,143439
270,1070,71244,73928,145172
270,1080,72067,74850,146917
270,1090,72868,75725,148593
270,1100,73707,76615,150322
270,1110,74572,77471,152043
270,1120,75411,78322,153733
270,1130,76232,79174,155406
270,1140,77073,79964,157037
270,1150,77888,80805,158693
270,1160,78726,81655,160381
270,1170,79560,82542,162102
270,1180,80359,83414,163773
270,1190,81159,84287,165446
270,1200,81968,85200,167168
270,1210,82833,86063,168896
270,1220,83642,86903,170545
270,1230,84459,87767,172226
270,1240,85317,88600,173917
270,1250,86148,89494,175642
270,1260,86978,90350,177328
270,1270,87833,91287,179120
270,1280,88696,92165,180861
270,1290,89591,93058,182649
270,1300,90476,93948,184424
270,1310,91363,94815,186178
270,1320,92194,95678,187872
270,1330,93025,96556,189581
270,1340,93879,97396,191275
270,1350,94742,98255,192997
270,1360,95545,99135,194680
270,1370,96473,100025,196498
270,1380,97331,100918,198249
270,1390,98209,101815,200024
270,1400,99042,102657,201699
270,1410,99945,103524,203469
270,1420,100832,104410,205242
270,1430,101702,105304,207006
270,1440,102597,106221,208818
270,1450,103452,107012,210464
270,1460,104323,107867,212190
270,1470,105181,108716,213897
270,1480,106099,109560,215659
270,1490,106952,110431,217383
270,1500,107772,111332,219104
270,1510,108639,112181,220820
270,1520,109485,113053,222538
270,1530,110315,113947,224262
270,1540,111101,114759,225860
270,1550,111963,115588,227551
270,1560,112855,116549,229404
270,1570,113699,117444,231143
270,1580,114465,118349,232814
270,1590,115323,119287,234610
270,1600,116147,120169,236316
270,1610,117113,121081,238194
270,1620,117940,121951,239891
270,1630,118800,122806,241606
270,1640,119664,123706,243370
270,1650,120532,124632,245164
270,1660,121402,125528,246930
270,1670,122262,126382,248644
270,1680,123126,127263,250389
270,1690,123981,128133,252114
270,1700,124796,129044,253840
270,1710,125641,129993,255634
270,1720,126484,130883,257367
270,1730,127321,131739,259060
270,1740,128134,132640,260774
270,1750,128996,133510,262506
270,1760,129853,134375,264228
270,1770,130730,135244,265974
270,1780,131595,136108,267703
270,1790,132445,137031,269476
270,1800,133328,137918,271246
270,1810,134184,138779,272963
270,1820,135056,139645,274701
270,1830,135924,140493,276417
270,1840,136746,141345,278091
270,1850,137614,142238,279852
270,1860,138451,143106,281557
270,1870,139300,143966,283266
270,1880,140127,144891,285018
270,1890,141017,145783,286800
270,1900,141828,146699,288527
270,1910,142686,147554,290240
270,1920,143514,148433,291947
270,1930,144405,149315,293720
270,1940,145247,150214,295461
270,1950,146067,151050,297117
270,1960,146855,151925,298780
270,1970,147711,152840,300551
270,1980,148509,153737,302246
270,1990,149327,154695,304022
280,280,84,96,180
280,290,962,1035,1997
280,300,1863,1980,3843
280,310,2761,2939,5700
280,320,3660,3943,7603
280,330,4618,4923,9541
280,340,5559,5939,11498
280,350,6514,6970,13484
280,360,7497,7998,15495
280,370,8433,8934,17367
280,380,9347,9950,19297
280,390,10291,10860,21151
280,400,11214,11793,23007
280,410,12102,12715,24817
280,420,13032,13598,26630
280,430,13925,14465,28390
280,440,14751,15394,30145
280,450,15674,16318,31992
280,460,16573,17210,33783
280,470,17440,18222,35662
280,480,18335,19171,37506
280,490,19230,20167,39397
280,500,20183,21099,41282
280,510,21109,22057,43166
280,520,22044,22985,45029
280,530,22992,23965,46957
280,540,23924,24899,48823
280,550,24918,25845,50763
280,560,25851,26832,52683
280,570,26804,27831,54635
280,580,27823,28790,56613
280,590,28787,29732,58519
280,600,29805,30678,60483
280,610,30821,31623,62444
280,620,31817,32618,64435
280,630,32851,33610,66461
280,640,33866,34618,68484
280,650,34801,35518,70319
280,660,35689,36433,72122
280,670,36622,37392,74014
280,680,37511,38320,75831
280,690,38469,39239,77708
280,700,39324,40187,79511
280,710,40167,41177,81344
280,720,41076,42119,83195
280,730,41987,43057,85044
280,740,42853,43944,86797
280,750,43661,44877,88538
280,760,44539,45866,90405
280,770,45417,46811,92228
280,780,46243,47759,94002
280,790,47109,48620,95729
280,800,47993,49480,97473
280,810,48885,50326,99211
280,820,49750,51240,100990
280,830,50610,52089,102699
280,840,51496,52968,104464
280,850,52354,53875,106229
280,860,53184,54760,107944
280,870,53963,55604,109567
280,880,54806,56494,111300
280,890,55624,57399,113023
280,900,56435,58335,114770
280,910,57257,59286,116543
280,920,58078,60134,118212
280,930,58920,61010,119930
280,940,59796,61876,121672
280,950,60611,62723,123334
280,960,61450,63595,125045
280,970,62305,64466,126771
280,980,63144,65327,128471
280,990,63909,66151,130060
280,1000,64697,67016,131713
280,1010,65497,67901,133398
280,1020,66286,68737,135023
280,1030,67105,69601,136706
280,1040,67888,70436,138324
280,1050,68689,71299,139988
280,1060,69487,72163,141650
280,1070,70370,73013,143383
280,1080,71193,73935,145128
280,1090,71994,74810,146804
280,1100,72833,75700,148533
280,1110,73698,76556,150254
280,1120,74537,77407,151944
280,1130,75358,78259,153617
280,1140,76199,79049,155248
280,1150,77014,79890,156904
280,1160,77852,80740,158592
280,1170,78686,81627,160313
280,1180,79485,82499,161984
280,1190,80285,83372,163657
280,1200,81094,84285,165379
280,1210,81959,85148,167107
280,1220,82768,85988,168756
280,1230,83585,86852,170437
280,1240,84443,87685,172128
280,1250,85274,88579,173853
280,1260,86104,89435,175539
280,1270,86959,90372,177331
280,1280,87822,91250,179072
280,1290,88717,92143,180860
280,1300,89602,93033,182635
280,1310,90489,93900,184389
280,1320,91320,94763,186083
280,1330,92151,95641,187792
280,1340,93005,96481,189486
280,1350,93868,97340,191208
280,1360,94671,98220,192891
280,1370,95599,99110,194709
280,1380,96457,100003,196460
280,1390,97335,100900,198235
280,1400,98168,101742,199910
280,1410,99071,102609,201680
280,1420,99958,103495,203453
280,1430,100828,104389,205217
280,1440,101723,105306,207029
280,1450,102578,106097,208675
280,1460,103449,106952,210401
280,1470,104307,107801,212108
280,1480,105225,108645,213870
280,1490,106078,109516,215594
280,1500,106898,110417,217315
280,1510,107765,111266,219031
280,1520,108611,112138,220749
280,1530,109441,113032,222473
280,1540,110227,113844,224071
280,1550,111089,114673,225762
280,1560,111981,115634,227615
280,1570,112825,116529,229354
280,1580,113591,117434,231025
280,1590,114449,118372,232821
280,1600,115273,119254,234527
280,1610,116239,120166,236405
280,1620,117066,121036,238102
280,1630,117926,121891,239817
280,1640,118790,122791,241581
280,1650,119658,123717,243375
280,1660,120528,124613,245141
280,1670,121388,125467,246855
280,1680,122252,126348,248600
280,1690,123107,127218,250325
280,1700,123922,128129,252051
280,1710,124767,129078,253845
280,1720,125610,129968,255578
280,1730,126447,130824,257271
280,1740,127260,131725,258985
280,1750,128122,132595,260717
280,1760,128979,133460,262439
280,1770,129856,134329,264185
280,1780,130721,135193,265914
280,1790,131571,136116,267687
280,1800,132454,137003,269457
280,1810,133310,137864,271174
280,1820,134182,138730,272912
280,1830,135050,139578,274628
280,1840,135872,140430,276302
280,1850,136740,141323,278063
280,1860,137577,142191,279768
280,1870,138426,143051,281477
280,1880,139253,143976,283229
280,1890,140143,144868,285011
280,1900,140954,145784,286738
280,1910,141812,146639,288451
280,1920,142640,147518,290158
280,1930,143531,148400,291931
280,1940,144373,149299,293672
280,1950,145193,150135,295328
280,1960,145981,151010,296991
280,1970,146837,151925,298762
280,1980,147635,152822,300457
280,1990,148453,153780,302233
290,290,102,109,211
290,300,1003,1054,2057
290,310,1901,2013,3914
290,320,2800,3017,5817
290,330,3758,3997,7755
290,340,4699,5013,9712
290,350,5654,6044,11698
290,360,6637,7072,13709
290,370,7573,8008,15581
290,380,8487,9024,17511
290,390,9431,9934,19365
290,400,10354,10867,21221
290,410,11242,11789,23031
290,420,12172,12672,24844
290,430,13065,13539,26604
290,440,13891,14468,28359
290,450,14814,15392,30206
290,460,15713,16284,31997
290,470,16580,17296,33876
290,480,17475,18245,35720
290,490,18370,19241,37611
290,500,19323,20173,39496
290,510,20249,21131,41380
290,520,21184,22059,43243
290,530,22132,23039,45171
290,540,23064,23973,47037
290,550,24058,24919,48977
290,560,24991,25906,50897
290,570,25944,26905,52849
290,580,26963,27864,54827
290,590,27927,28806,56733
290,600,28945,29752,58697
290,610,29961,30697,60658
290,620,30957,31692,62649
290,630,31991,32684,64675
290,640,33006,33692,66698
290,650,33941,34592,68533
290,660,34829,35507,70336
290,670,35762,36466,72228
290,680,36651,37394,74045
290,690,37609,38313,75922
290,700,38464,39261,77725
290,710,39307,40251,79558
290,720,40216,41193,81409
290,730,41127,42131,83258
290,740,41993,43018,85011
290,750,42801,43951,86752
290,760,43679,44940,88619
290,770,44557,45885,90442
290,780,45383,46833,92216
290,790,46249,47694,93943
290,800,47133,48554,95687
290,810,48025,49400,97425
290,820,48890,50314,99204
290,830,49750,51163,100913
290,840,50636,52042,102678
290,850,51494,52949,104443
290,860,52324,53834,106158
290,870,53103,54678,107781
290,880,53946,55568,109514
290,890,54764,56473,111237
290,900,55575,57409,112984
290,910,56397,58360,114757
290,920,57218,59208,116426
290,930,58060,60084,118144
290,940,58936,60950,119886
290,950,59751,61797,121548
290,960,60590,62669,123259
290,970,61445,63540,124985
290,980,62284,64401,126685
290,990,63049,65225,128274
290,1000,63837,66090,129927
290,1010,64637,66975,131612
290,1020,65426,67811,133237
290,1030,66245,68675,134920
290,1040,67028,69510,136538
290,1050,67829,70373,138202
290,1060,68627,71237,139864
290,1070,69510,72087,141597
290,1080,70333,73009,143342
290,1090,71134,73884,145018
290,1100,71973,74774,146747
290,1110,72838,75630,148468
290,1120,73677,76481,150158
290,1130,74498,77333,151831
290,1140,75339,78123,153462
290,1150,76154,78964,155118
290,1160,76992,79814,156806
290,1170,77826,80701,158527
290,1180,78625,81573,160198
290,1190,79425,82446,161871
290,1200,80234,83359,163593
290,1210,81099,84222,165321
290,1220,81908,85062,166970
290,1230,82725,85926,168651
290,1240,83583,86759,170342
290,1250,84414,87653,172067
290,1260,85244,88509,173753
290,1270,86099,89446,175545
290,1280,86962,90324,177286
290,1290,87857,91217,179074
290,1300,88742,92107,180849
290,1310,89629,92974,182603
290,1320,90460,93837,184297
290,1330,91291,94715,186006
290,1340,92145,95555,187700
290,1350,93008,96414,189422
290,1360,93811,97294,191105
290,1370,94739,98184,192923
290,1380,95597,99077,194674
290,1390,96475,99974,196449
290,1400,97308,100816,198124
290,1410,98211,101683,199894
290,1420,99098,102569,201667
290,1430,99968,103463,203431
290,1440,100863,104380,205243
290,1450,101718,105171,206889
290,1460,102589,106026,208615
290,1470,103447,106875,210322
290,1480,104365,107719,212084
290,1490,105218,108590,213808
290,1500,106038,109491,215529
290,1510,106905,110340,217245
290,1520,107751,111212,218963
290,1530,108581,112106,220687
290,1540,109367,112918,222285
290,1550,110229,113747,223976
290,1560,111121,114708,225829
290,1570,111965,115603,227568
290,1580,112731,116508,229239
290,1590,113589,117446,231035
290,1600,114413,118328,232741
290,1610,115379,119240,234619
290,1620,116206,120110,236316
290,1630,117066,120965,238031
290,1640,117930,121865,239795
290,1650,118798,122791,241589
290,1660,119668,123687,243355
290,1670,120528,124541,245069
290,1680,121392,125422,246814
290,1690,122247,126292,248539
290,1700,123062,127203,250265
290,1710,123907,128152,252059
290,1720,124750,129042,253792
290,1730,125587,129898,255485
290,1740,126400,130799,257199
290,1750,127262,131669,258931
290,1760,128119,132534,260653
290,1770,128996,133403,262399
290,1780,129861,134267,264128
290,1790,130711,135190,265901
290,1800,131594,136077,267671
290,1810,132450,136938,269388
290,1820,133322,137804,271126
290,1830,134190,138652,272842
290,1840,135012,139504,274516
290,1850,135880,140397,276277
290,1860,136717,141265,277982
290,1870,137566,142125,279691
290,1880,138393,143050,281443
290,1890,139283,143942,283225
290,1900,140094,144858,284952
290,1910,140952,145713,286665
290,1920,141780,146592,288372
290,1930,142671,147474,290145
290,1940,143513,148373,291886
290,1950,144333,149209,293542
290,1960,145121,150084,295205
290,1970,145977,150999,296976
290,1980,146775,151896,298671
290,1990,147593,152854,300447
300,300,99,98,197
300,310,997,1057,2054
300,320,1896,2061,3957
300,330,2854,3041,5895
300,340,3795,4057,7852
300,350,4750,5088,9838
300,360,5733,6116,11849
300,370,6669,7052,13721
300,380,7583,8068,15651
300,390,8527,8978,17505
300,400,9450,9911,19361
300,410,10338,10833,21171
300,420,11268,11716,22984
300,430,12161,12583,24744
300,440,12987,13512,26499
300,450,13910,14436,28346
300,460,14809,15328,30137
300,470,15676,16340,32016
300,480,16571,17289,33860
300,490,17466,18285,35751
300,500,18419,19217,37636
300,510,19345,20175,39520
300,520,20280,21103,41383
300,530,21228,22083,43311
300,540,22160,23017,45177
300,550,23154,23963,47117
300,560,24087,24950,49037
300,570,25040,25949,50989
300,580,26059,26908,52967
300,590,27023,27850,54873
300,600,28041,28796,56837
300,610,29057,29741,58798
300,620,30053,30736,60789
300,630,31087,31728,62815
300,640,32102,32736,64838
300,650,33037,33636,66673
300,660,33925,34551,68476
300,670,34858,35510,70368
300,680,35747,36438,72185
300,690,36705,37357,74062
300,700,37560,38305,75865
300,710,38403,39295,77698
300,720,39312,40237,79549
300,730,40223,41175,81398
300,740,41089,42062,83151
300,750,41897,42995,84892
300,760,42775,43984,86759
300,770,43653,44929,88582
300,780,44479,45877,90356
300,790,45345,46738,92083
300,800,46229,47598,93827
300,810,47121,48444,95565
300,820,47986,49358,97344
300,830,48846,50207,99053
300,840,49732,51086,100818
300,850,50590,51993,102583
300,860,51420,52878,104298
300,870,52199,53722,105921
300,880,53042,54612,107654
300,890,53860,55517,109377
300,900,54671,56453,111124
300,910,55493,57404,112897
300,920,56314,58252,114566
300,930,57156,59128,116284
300,940,58032,59994,118026
300,950,58847,60841,119688
300,960,59686,61713,121399
300,970,60541,62584,123125
300,980,61380,63445,124825
300,990,62145,64269,126414
300,1000,62933,65134,128067
300,1010,63733,66019,129752
300,1020,64522,66855,131377
300,1030,65341,67719,133060
300,1040,66124,68554,134678
300,1050,66925,69417,136342
300,1060,67723,70281,138004
300,1070,68606,71131,139737
300,1080,69429,72053,141482
300,1090,70230,72928,143158
300,1100,71069,73818,144887
300,1110,71934,74674,146608
300,1120,72773,75525,148298
300,1130,73594,76377,149971
300,1140,74435,77167,151602
300,1150,75250,78008,153258
300,1160,76088,78858,154946
300,1170,76922,79745,156667
300,1180,77721,80617,158338
300,1190,78521,81490,160011
300,1200,79330,82403,161733
300,1210,80195,83266,163461
300,1220,81004,84106,165110
300,1230,81821,84970,166791
300,1240,82679,85803,168482
300,1250,83510,86697,170207
300,1260,84340,87553,171893
300,1270,85195,88490,173685
300,1280,86058,89368,175426
300,1290,86953,90261,177214
300,1300,87838,91151,178989
300,1310,88725,92018,180743
300,1320,89556,92881,182437
300,1330,90387,93759,184146
300,1340,91241,94599,185840
300,1350,92104,95458,187562
300,1360,92907,96338,189245
300,1370,93835,97228,191063
300,1380,94693,98121,192814
300,1390,95571,99018,194589
300,1400,96404,99860,196264
300,1410,97307,100727,198034
300,1420,98194,101613,199807
300,1430,99064,102507,201571
300,1440,99959,103424,203383
300,1450,100814,104215,205029
300,1460,101685,105070,206755
300,1470,102543,105919,208462
300,1480,103461,106763,210224
300,1490,104314,107634,211948
300,1500,105134,108535,213669
300,1510,106001,109384,215385
300,1520,106847,110256,217103
300,1530,107677,111150,218827
300,1540,108463,111962,220425
300,1550,109325,112791,222116
300,1560,110217,113752,223969
300,1570,111061,114647,225708
300,1580,111827,115552,227379
300,1590,112685,116490,229175
300,1600,113509,117372,230881
300,1610,114475,118284,232759
300,1620,115302,119154,234456
300,1630,116162,120009,236171
300,1640,117026,120909,237935
300,1650,117894,121835,239729
300,1660,118764,122731,241495
300,1670,119624,123585,243209
300,1680,120488,124466,244954
300,1690,121343,125336,246679
300,1700,122158,126247,248405
300,1710,123003,127196,250199
300,1720,123846,128086,251932
300,1730,124683,128942,253625
300,1740,125496,129843,255339
300,1750,126358,130713,257071
300,1760,127215,131578,258793
300,1770,128092,132447,260539
300,1780,128957,133311,262268
300,1790,129807,134234,264041
300,1800,130690,135121,265811
300,1810,131546,135982,267528
300,1820,132418,136848,269266
300,1830,133286,137696,270982
300,1840,134108,138548,272656
300,1850,134976,139441,274417
300,1860,135813,140309,276122
300,1870,136662,141169,277831
300,1880,137489,142094,279583
300,1890,138379,142986,281365
300,1900,139190,143902,283092
300,1910,140048,144757,284805
300,1920,140876,145636,286512
300,1930,141767,146518,288285
300,1940,142609,147417,290026
300,1950,143429,148253,291682
300,1960,144217,149128,293345
300,1970,145073,150043,295116
300,1980,145871,150940,296811
300,1990,146689,151898,298587
310,310,83,90,173
310,320,982,1094,2076
310,330,1940,2074,4014
310,340,2881,3090,5971
310,350,3836,4121,7957
310,360,4819,5149,9968
310,370,5755,6085,11840
310,380,6669,7101,13770
310,390,7613,8011,15624
310,400,8536,8944,17480
310,410,9424,9866,19290
310,420,10354,10749,21103
310,430,11247,11616,22863
310,440,12073,12545,24618
310,450,12996,13469,26465
310,460,13895,14361,28256
310,470,14762,15373,30135
310,480,15657,16322,31979
310,490,16552,17318,33870
310,500,17505,18250,35755
310,510,18431,19208,37639
310,520,19366,20136,39502
310,530,20314,21116,41430
310,540,21246,22050,43296
310,550,22240,22996,45236
310,560,23173,23983,47156
310,570,24126,24982,49108
310,580,25145,25941,51086
310,590,26109,26883,52992
310,600,27127,27829,54956
310,610,28143,28774,56917
310,620,29139,29769,58908
310,630,30173,30761,60934
310,640,31188,31769,62957
310,650,32123,32669,64792
310,660,33011,33584,66595
310,670,33944,34543,68487
310,680,34833,35471,70304
310,690,35791,36390,72181
310,700,36646,37338,73984
310,710,37489,38328,75817
310,720,38398,39270,77668
310,730,39309,40208,79517
310,740,40175,41095,81270
310,750,40983,42028,83011
310,760,41861,43017,84878
310,770,42739,43962,86701
310,780,43565,44910,88475
310,790,44431,45771,90202
310,800,45315,46631,91946
310,810,46207,47477,93684
310,820,47072,48391,95463
310,830,47932,49240,97172
310,840,48818,50119,98937
310,850,49676,51026,100702
310,860,50506,51911,102417
310,870,51285,52755,104040
310,880,52128,53645,105773
310,890,52946,54550,107496
310,900,53757,55486,109243
310,910,54579,56437,111016
310,920,55400,57285,112685
310,930,56242,58161,114403
310,940,57118,59027,116145
310,950,57933,59874,117807
310,960,58772,60746,119518
310,970,59627,61617,121244
310,980,60466,62478,122944
310,990,61231,63302,124533
310,1000,62019,64167,126186
310,1010,62819,65052,127871
310,1020,63608,65888,129496
310,1030,64427,66752,131179
310,1040,65210,67587,132797
310,1050,66011,68450,134461
310,1060,66809,69314,136123
310,1070,67692,70164,137856
310,1080,68515,71086,139601
310,1090,69316,71961,141277
310,1100,70155,72851,143006
310,1110,71020,73707,144727
310,1120,71859,74558,146417
310,1130,72680,75410,148090
310,1140,73521,76200,149721
310,1150,74336,77041,151377
310,1160,75174,77891,153065
310,1170,76008,78778,154786
310,1180,76807,79650,156457
310,1190,77607,80523,158130
310,1200,78416,81436,159852
310,1210,79281,82299,161580
310,1220,80090,83139,163229
310,1230,80907,84003,164910
310,1240,81765,84836,166601
310,1250,82596,85730,168326
310,1260,83426,86586,170012
310,1270,84281,87523,171804
310,1280,85144,88401,173545
310,1290,86039,89294,175333
310,1300,86924,90184,177108
310,1310,87811,91051,178862
310,1320,88642,91914,180556
310,1330,89473,92792,182265
310,1340,90327,93632,183959
310,1350,91190,94491,185681
310,1360,91993,95371,187364
310,1370,92921,96261,189182
310,1380,93779,97154,190933
310,1390,94657,98051,192708
310,1400,95490,98893,194383
310,1410,96393,99760,196153
310,1420,97280,100646,197926
310,1430,98150,101540,199690
310,1440,99045,102457,201502
310,1450,99900,103248,203148
310,1460,100771,104103,204874
310,1470,101629,104952,206581
310,1480,102547,105796,208343
310,1490,103400,106667,210067
310,1500,104220,107568,211788
310,1510,105087,108417,213504
310,1520,105933,109289,215222
310,1530,106763,110183,216946
310,1540,107549,110995,218544
310,1550,108411,111824,220235
310,1560,109303,112785,222088
310,1570,110147,113680,223827
310,1580,110913,114585,225498
310,1590,111771,115523,227294
310,1600,112595,116405,229000
310,1610,113561,117317,230878
310,1620,114388,118187,232575
310,1630,115248,119042,234290
310,1640,116112,119942,236054
310,1650,116980,120868,237848
310,1660,117850,121764,239614
310,1670,118710,122618,241328
310,1680,119574,123499,243073
310,1690,120429,124369,244798
310,1700,121244,125280,246524
310,1710,122089,126229,248318
310,1720,122932,127119,250051
310,1730,123769,127975,251744
310,1740,124582,128876,253458
310,1750,125444,129746,255190
310,1760,126301,130611,256912
310,1770,127178,131480,258658
310,1780,128043,132344,260387
310,1790,128893,133267,262160
310,1800,129776,134154,263930
310,1810,130632,135015,265647
310,1820,131504,135881,267385
310,1830,132372,136729,269101
310,1840,133194,137581,270775
310,1850,134062,138474,272536
310,1860,134899,139342,274241
310,1870,135748,140202,275950
310,1880,136575,141127,277702
310,1890,137465,142019,279484
310,1900,138276,142935,281211
310,1910,139134,143790,282924
310,1920,139962,144669,284631
310,1930,140853,145551,286404
310,1940,141695,146450,288145
310,1950,142515,147286,289801
310,1960,143303,148161,291464
310,1970,144159,149076,293235
310,1980,144957,149973,294930
310,1990,145775,150931,296706
320,320,83,101,184
320,330,1041,1081,2122
320,340,1982,2097,4079
320,350,2937,3128,6065
320,360,3920,4156,8076
320,370,4856,5092,9948
320,380,5770,6108,11878
320,390,6714,7018,13732
320,400,7637,7951,15588
320,410,8525,8873,17398
320,420,9455,9756,19211
320,430,10348,10623,20971
320,440,11174,11552,22726
320,450,12097,12476,24573
320,460,12996,13368,26364
320,470,13863,14380,28243
320,480,14758,15329,30087
320,490,15653,16325,31978
320,500,16606,17257,33863
320,510,17532,18215,35747
320,520,18467,19143,37610
320,530,19415,20123,39538
320,540,20347,21057,41404
320,550,21341,22003,43344
320,560,22274,22990,45264
320,570,23227,23989,47216
320,580,24246,24948,49194
320,590,25210,25890,51100
320,600,26228,26836,53064
320,610,27244,27781,55025
320,620,28240,28776,57016
320,630,29274,29768,59042
320,640,30289,30776,61065
320,650,31224,31676,62900
320,660,32112,32591,64703
320,670,33045,33550,66595
320,680,33934,34478,68412
320,690,34892,35397,70289
320,700,35747,36345,72092
320,710,36590,37335,73925
320,720,37499,38277,75776
320,730,38410,39215,77625
320,740,39276,40102,79378
320,750,40084,41035,81119
320,760,40962,42024,82986
320,770,41840,42969,84809
320,780,42666,43917,86583
320,790,43532,44778,88310
320,800,44416,45638,90054
320,810,45308,46484,91792
320,820,46173,47398,93571
320,830,47033,48247,95280
320,840,47919,49126,97045
320,850,48777,50033,98810
320,860,49607,50918,100525
320,870,50386,51762,102148
320,880,51229,52652,103881
320,890,52047,53557,105604
320,900,52858,54493,107351
320,910,53680,55444,109124
320,920,54501,56292,110793
320,930,55343,57168,112511
320,940,56219,58034,114253
320,950,57034,58881,115915
320,960,57873,59753,117626
320,970,58728,60624,119352
320,980,59567,61485,121052
320,990,60332,62309,122641
320,1000,61120,63174,124294
320,1010,61920,64059,125979
320,1020,62709,64895,127604
320,1030,63528,65759,129287
320,1040,64311,66594,130905
320,1050,65112,67457,132569
320,1060,65910,68321,134231
320,1070,66793,69171,135964
320,1080,67616,70093,137709
320,1090,68417,70968,139385
320,1100,69256,71858,141114
320,1110,70121,72714,142835
320,1120,70960,73565,144525
320,1130,71781,74417,146198
320,1140,72622,75207,147829
320,1150,73437,76048,149485
320,1160,74275,76898,151173
320,1170,75109,77785,152894
320,1180,75908,78657,154565
320,1190,76708,79530,156238
320,1200,77517,80443,157960
320,1210,78382,81306,159688
320,1220,79191,82146,161337
320,1230,80008,83010,163018
320,1240,80866,83843,164709
320,1250,81697,84737,166434
320,1260,82527,85593,168120
320,1270,83382,86530,169912
320,1280,84245,87408,171653
320,1290,85140,88301,173441
320,1300,86025,89191,175216
320,1310,86912,90058,176970
320,1320,87743,90921,178664
320,1330,88574,91799,180373
320,1340,89428,92639,182067
320,1350,90291,93498,183789
320,1360,91094,94378,185472
320,1370,92022,95268,187290
320,1380,92880,96161,189041
320,1390,93758,97058,190816
320,1400,94591,97900,192491
320,1410,95494,98767,194261
320,1420,96381,99653,196034
320,1430,97251,100547,197798
320,1440,98146,101464,199610
320,1450,99001,102255,201256
320,1460,99872,103110,202982
320,1470,100730,103959,204689
320,1480,101648,104803,206451
320,1490,102501,105674,208175
320,1500,103321,106575,209896
320,1510,104188,107424,211612
320,1520,105034,108296,213330
320,1530,105864,109190,215054
320,1540,106650,110002,216652
320,1550,107512,110831,218343
320,1560,108404,111792,220196
320,1570,109248,112687,221935
320,1580,110014,113592,223606
320,1590,110872,114530,225402
320,1600,111696,115412,227108
320,1610,112662,116324,228986
320,1620,113489,117194,230683
320,1630,114349,118049,232398
320,1640,115213,118949,234162
320,1650,116081,119875,235956
320,1660,116951,120771,237722
320,1670,117811,121625,239436
320,1680,118675,122506,241181
320,1690,119530,123376,242906
320,1700,120345,124287,244632
320,1710,121190,125236,246426
320,1720,122033,126126,248159
320,1730,122870,126982,249852
320,1740,123683,127883,251566
320,1750,124545,128753,253298
320,1760,125402,129618,255020
320,1770,126279,130487,256766
320,1780,127144,131351,258495
320,1790,127994,132274,260268
320,1800,128877,133161,262038
320,1810,129733,134022,263755
320,1820,130605,134888,265493
320,1830,131473,135736,267209
320,1840,132295,136588,268883
320,1850,133163,137481,270644
320,1860,134000,138349,272349
320,1870,134849,139209,274058
320,1880,135676,140134,275810
320,1890,136566,141026,277592
320,1900,137377,141942,279319
320,1910,138235,142797,281032
320,1920,139063,143676,282739
320,1930,139954,144558,284512
320,1940,140796,145457,286253
320,1950,141616,146293,287909
320,1960,142404,147168,289572
320,1970,143260,148083,291343
320,1980,144058,148980,293038
320,1990,144876,149938,294814
330,330,93,103,196
330,340,1034,1119,2153
330,350,1989,2150,4139
330,360,2972,3178,6150
330,370,3908,4114,8022
330,380,4822,5130,9952
330,390,5766,6040,11806
330,400,6689,6973,13662
330,410,7577,7895,15472
330,420,8507,8778,17285
330,430,9400,9645,19045
330,440,10226,10574,20800
330,450,11149,11498,22647
330,460,12048,12390,24438
330,470,12915,13402,26317
330,480,13810,14351,28161
330,490,14705,15347,30052
330,500,15658,16279,31937
330,510,16584,17237,33821
330,520,17519,18165,35684
330,530,18467,19145,37612
330,540,19399,20079,39478
330,550,20393,21025,41418
330,560,21326,22012,43338
330,570,22279,23011,45290
330,580,23298,23970,47268
330,590,24262,24912,49174
330,600,25280,25858,51138
330,610,26296,26803,53099
330,620,27292,27798,55090
330,630,28326,28790,57116
330,640,29341,29798,59139
330,650,30276,30698,60974
330,660,31164,31613,62777
330,670,32097,32572,64669
330,680,32986,33500,66486
330,690,33944,34419,68363
330,700,34799,35367,70166
330,710,35642,36357,71999
330,720,36551,37299,73850
330,730,37462,38237,75699
330,740,38328,39124,77452
330,750,39136,40057,79193
330,760,40014,41046,81060
330,770,40892,41991,82883
330,780,41718,42939,84657
330,790,42584,43800,86384
330,800,43468,44660,88128
330,810,44360,45506,89866
330,820,45225,46420,91645
330,830,46085,47269,93354
330,840,46971,48148,95119
330,850,47829,49055,96884
330,860,48659,49940,98599
330,870,49438,50784,100222
330,880,50281,51674,101955
330,890,51099,52579,103678
330,900,51910,53515,105425
330,910,52732,54466,107198
330,920,53553,55314,108867
330,930,54395,56190,110585
330,940,55271,57056,112327
330,950,56086,57903,113989
330,960,56925,58775,115700
330,970,57780,59646,117426
330,980,58619,60507,119126
330,990,59384,61331,120715
330,1000,60172,62196,122368
330,1010,60972,63081,124053
330,1020,61761,63917,125678
330,1030,62580,64781,127361
330,1040,63363,65616,128979
330,1050,64164,66479,130643
330,1060,64962,67343,132305
330,1070,65845,68193,134038
330,1080,66668,69115,135783
330,1090,67469,69990,137459
330,1100,68308,70880,139188
330,1110,69173,71736,140909
330,1120,70012,72587,142599
330,1130,70833,73439,144272
330,1140,71674,74229,145903
330,1150,72489,75070,147559
330,1160,73327,75920,149247
330,1170,74161,76807,150968
330,1180,74960,77679,152639
330,1190,75760,78552,154312
330,1200,76569,79465,156034
330,1210,77434,80328,157762
330,1220,78243,81168,159411
330,1230,79060,82032,161092
330,1240,79918,82865,162783
330,1250,80749,83759,164508
330,1260,81579,84615,166194
330,1270,82434,85552,167986
330,1280,83297,86430,169727
330,1290,84192,87323,171515
330,1300,85077,88213,173290
330,1310,85964,89080,175044
330,1320,86795,89943,176738
330,1330,87626,90821,178447
330,1340,88480,91661,180141
330,1350,89343,92520,181863
330,1360,90146,93400,183546
330,1370,91074,94290,185364
330,1380,91932,95183,187115
330,1390,92810,96080,188890
330,1400,93643,96922,190565
330,1410,94546,97789,192335
330,1420,95433,98675,194108
330,1430,96303,99569,195872
330,1440,97198,100486,197684
330,1450,98053,101277,199330
330,1460,98924,102132,201056
330,1470,99782,102981,202763
330,1480,100700,103825,204525
330,1490,101553,104696,206249
330,1500,102373,105597,207970
330,1510,103240,106446,209686
330,1520,104086,107318,211404
330,1530,104916,108212,213128
330,1540,105702,109024,214726
330,1550,106564,109853,216417
330,1560,107456,110814,218270
330,1570,108300,111709,220009
330,1580,109066,112614,221680
330,1590,109924,113552,223476
330,1600,110748,114434,225182
330,1610,111714,115346,227060
330,1620,112541,116216,228757
330,1630,113401,117071,230472
330,1640,114265,117971,232236
330,1650,115133,118897,234030
330,1660,116003,119793,235796
330,1670,116863,120647,237510
330,1680,117727,121528,239255
330,1690,118582,122398,240980
330,1700,119397,123309,242706
330,1710,120242,124258,244500
330,1720,121085,125148,246233
330,1730,121922,126004,247926
330,1740,122735,126905,249640
330,1750,123597,127775,251372
330,1760,124454,128640,253094
330,1770,125331,129509,254840
330,1780,126196,130373,256569
330,1790,127046,131296,258342
330,1800,127929,132183,260112
330,1810,128785,133044,261829
330,1820,129657,133910,263567
330,1830,130525,134758,265283
330,1840,131347,135610,266957
330,1850,132215,136503,268718
330,1860,133052,137371,270423
330,1870,133901,138231,272132
330,1880,134728,139156,273884
330,1890,135618,140048,275666
330,1900,136429,140964,277393
330,1910,137287,141819,279106
330,1920,138115,142698,280813
330,1930,139006,143580,282586
330,1940,139848,144479,284327
330,1950,140668,145315,285983
330,1960,141456,146190,287646
330,1970,142312,147105,289417
330,1980,143110,148002,291112
330,1990,143928,148960,292888
340,340,97,112,209
340,350,1052,1143,2195
340,360,2035,2171,4206
340,370,2971,3107,6078
340,380,3885,4123,8008
340,390,4829,5033,9862
340,400,5752,5966,11718
340,410,6640,6888,13528
340,420,7570,7771,15341
340,430,8463,8638,17101
340,440,9289,9567,18856
340,450,10212,10491,20703
340,460,11111,11383,22494
340,470,11978,12395,24373
340,480,12873,13344,26217
340,490,13768,14340,28108
340,500,14721,15272,29993
340,510,15647,16230,31877
340,520,16582,17158,33740
340,530,17530,18138,35668
340,540,18462,19072,37534
340,550,19456,20018,39474
340,560,20389,21005,41394
340,570,21342,22004,43346
340,580,22361,22963,45324
340,590,23325,23905,47230
340,600,24343,24851,49194
340,610,25359,25796,51155
340,620,26355,26791,53146
340,630,27389,27783,55172
340,640,28404,28791,57195
340,650,29339,29691,59030
340,660,30227,30606,60833
340,670,31160,31565,62725
340,680,32049,32493,64542
340,690,33007,33412,66419
340,700,33862,34360,68222
340,710,34705,35350,70055
340,720,35614,36292,71906
340,730,36525,37230,73755
340,740,37391,38117,75508
340,750,38199,39050,77249
340,760,39077,40039,79116
340,770,39955,40984,80939
340,780,40781,41932,82713
340,790,41647,42793,84440
340,800,42531,43653,86184
340,810,43423,44499,87922
340,820,44288,45413,89701
340,830,45148,46262,91410
340,840,46034,47141,93175
340,850,46892,48048,94940
340,860,47722,48933,96655
340,870,48501,49777,98278
340,880,49344,50667,100011
340,890,50162,51572,101734
340,900,50973,52508,103481
340,910,51795,53459,105254
340,920,52616,54307,106923
340,930,53458,55183,108641
340,940,54334,56049,110383
340,950,55149,56896,112045
340,960,55988,57768,113756
340,970,56843,58639,115482
340,980,57682,59500,117182
340,990,58447,60324,118771
340,1000,59235,61189,120424
340,1010,60035,62074,122109
340,1020,60824,62910,123734
340,1030,61643,63774,125417
340,1040,62426,64609,127035
340,1050,63227,65472,128699
340,1060,64025,66336,130361
340,1070,64908,67186,132094
340,1080,65731,68108,133839
340,1090,66532,68983,135515
340,1100,67371,69873,137244
340,1110,68236,70729,138965
340,1120,69075,71580,140655
340,1130,69896,72432,142328
340,1140,70737,73222,143959
340,1150,71552,74063,145615
340,1160,72390,74913,147303
340,1170,73224,75800,149024
340,1180,74023,76672,150695
340,1190,74823,77545,152368
340,1200,75632,78458,154090
340,1210,76497,79321,155818
340,1220,77306,80161,157467
340,1230,78123,81025,159148
340,1240,78981,81858,160839
340,1250,79812,82752,162564
340,1260,80642,83608,164250
340,1270,81497,84545,166042
340,1280,82360,85423,167783
340,1290,83255,86316,169571
340,1300,84140,87206,171346
340,1310,85027,88073,173100
340,1320,85858,88936,174794
340,1330,86689,89814,176503
340,1340,87543,90654,178197
340,1350,88406,91513,179919
340,1360,89209,92393,181602
340,1370,90137,93283,183420
340,1380,90995,94176,185171
340,1390,91873,95073,186946
340,1400,92706,95915,188621
340,1410,93609,96782,190391
340,1420,94496,97668,192164
340,1430,95366,98562,193928
340,1440,96261,99479,195740
340,1450,97116,100270,197386
340,1460,97987,101125,199112
340,1470,98845,101974,200819
340,1480,99763,102818,202581
340,1490,100616,103689,204305
340,1500,101436,104590,206026
340,1510,102303,105439,207742
340,1520,103149,106311,209460
340,1530,103979,107205,211184
340,1540,104765,108017,212782
340,1550,105627,108846,214473
340,1560,106519,109807,216326
340,1570,107363,110702,218065
340,1580,108129,111607,219736
340,1590,108987,112545,221532
340,1600,109811,113427,223238
340,1610,110777,114339,225116
340,1620,111604,115209,226813
340,1630,112464,116064,228528
340,1640,113328,116964,230292
340,1650,114196,117890,232086
340,1660,115066,118786,233852
340,1670,115926,119640,235566
340,1680,116790,120521,237311
340,1690,117645,121391,239036
340,1700,118460,122302,240762
340,1710,119305,123251,242556
340,1720,120148,124141,244289
340,1730,120985,124997,245982
340,1740,121798,125898,247696
340,1750,122660,126768,249428
340,1760,123517,127633,251150
340,1770,124394,128502,252896
340,1780,125259,129366,254625
340,1790,126109,130289,256398
340,1800,126992,131176,258168
340,1810,127848,132037,259885
340,1820,128720,132903,261623
340,1830,129588,133751,263339
340,1840,130410,134603,265013
340,1850,131278,135496,266774
340,1860,132115,136364,268479
340,1870,132964,137224,270188
340,1880,133791,138149,271940
340,1890,134681,139041,273722
340,1900,135492,139957,275449
340,1910,136350,140812,277162
340,1920,137178,141691,278869
340,1930,138069,142573,280642
340,1940,138911,143472,282383
340,1950,139731,144308,284039
340,1960,140519,145183,285702
340,1970,141375,146098,287473
340,1980,142173,146995,289168
340,1990,142991,147953,290944
350,350,100,110,210
350,360,1083,1138,2221
350,370,2019,2074,4093
350,380,2933,3090,6023
350,390,3877,4000,7877
350,400,4800,4933,9733
350,410,5688,5855,11543
350,420,6618,6738,13356
350,430,7511,7605,15116
350,440,8337,8534,16871
350,450,9260,9458,18718
350,460,10159,10350,20509
350,470,11026,11362,22388
350,480,11921,12311,24232
350,490,12816,13307,26123
350,500,13769,14239,28008
350,510,14695,15197,29892
350,520,15630,16125,31755
350,530,16578,17105,33683
350,540,17510,18039,35549
350,550,18504,18985,37489
350,560,19437,19972,39409
350,570,20390,20971,41361
350,580,21409,21930,43339
350,590,22373,22872,45245
350,600,23391,23818,47209
350,610,24407,24763,49170
350,620,25403,25758,51161
350,630,26437,26750,53187
350,640,27452,27758,55210
350,650,28387,28658,57045
350,660,29275,29573,58848
350,670,30208,30532,60740
350,680,31097,31460,62557
350,690,32055,32379,64434
350,700,32910,33327,66237
350,710,33753,34317,68070
350,720,34662,35259,69921
350,730,35573,36197,71770
350,740,36439,37084,73523
350,750,37247,38017,75264
350,760,38125,39006,77131
350,770,39003,39951,78954
350,780,39829,40899,80728
350,790,40695,41760,82455
350,800,41579,42620,84199
350,810,42471,43466,85937
350,820,43336,44380,87716
350,830,44196,45229,89425
350,840,45082,46108,91190
350,850,45940,47015,92955
350,860,46770,47900,94670
350,870,47549,48744,96293
350,880,48392,49634,98026
350,890,49210,50539,99749
350,900,50021,51475,101496
350,910,50843,52426,103269
350,920,51664,53274,104938
350,930,52506,54150,106656
350,940,53382,55016,108398
350,950,54197,55863,110060
350,960,55036,56735,111771
350,970,55891,57606,113497
350,980,56730,58467,115197
350,990,57495,59291,116786
350,1000,58283,60156,118439
350,1010,59083,61041,120124
350,1020,59872,61877,121749
350,1030,60691,62741,123432
350,1040,61474,63576,125050
350,1050,62275,64439,126714
350,1060,63073,65303,128376
350,1070,63956,66153,130109
350,1080,64779,67075,131854
350,1090,65580,67950,133530
350,1100,66419,68840,135259
350,1110,67284,69696,136980
350,1120,68123,70547,138670
350,1130,68944,71399,140343
350,1140,69785,72189,141974
350,1150,70600,73030,143630
350,1160,71438,73880,145318
350,1170,72272,74767,147039
350,1180,73071,75639,148710
350,1190,73871,76512,150383
350,1200,74680,77425,152105
350,1210,75545,78288,153833
350,1220,76354,79128,155482
350,1230,77171,79992,157163
350,1240,78029,80825,158854
350,1250,78860,81719,160579
350,1260,79690,82575,162265
350,1270,80545,83512,164057
350,1280,81408,84390,165798
350,1290,82303,85283,167586
350,1300,83188,86173,169361
350,1310,84075,87040,171115
350,1320,84906,87903,172809
350,1330,85737,88781,174518
350,1340,86591,89621,176212
350,1350,87454,90480,177934
350,1360,88257,91360,179617
350,1370,89185,92250,181435
350,1380,90043,93143,183186
350,1390,90921,94040,184961
350,1400,91754,94882,186636
350,1410,92657,95749,188406
350,1420,93544,96635,190179
350,1430,94414,97529,191943
350,1440,95309,98446,193755
350,1450,96164,99237,195401
350,1460,97035,100092,197127
350,1470,97893,100941,198834
350,1480,98811,101785,200596
350,1490,99664,102656,202320
350,1500,100484,103557,204041
350,1510,101351,104406,205757
350,1520,102197,105278,207475
350,1530,103027,106172,209199
350,1540,103813,106984,210797
350,1550,104675,107813,212488
350,1560,105567,108774,214341
350,1570,106411,109669,216080
350,1580,107177,110574,217751
350,1590,108035,111512,219547
350,1600,108859,112394,221253
350,1610,109825,113306,223131
350,1620,110652,114176,224828
350,1630,111512,115031,226543
350,1640,112376,115931,228307
350,1650,113244,116857,230101
350,1660,114114,117753,231867
350,1670,114974,118607,233581
350,1680,115838,119488,235326
350,1690,116693,120358,237051
350,1700,117508,121269,238777
350,1710,118353,122218,240571
350,1720,119196,123108,242304
350,1730,120033,123964,243997
350,1740,120846,124865,245711
350,1750,121708,125735,247443
350,1760,122565,126600,249165
350,1770,123442,127469,250911
350,1780,124307,128333,252640
350,1790,125157,129256,254413
350,1800,126040,130143,256183
350,1810,126896,131004,257900
350,1820,127768,131870,259638
350,1830,128636,132718,261354
350,1840,129458,133570,263028
350,1850,130326,134463,264789
350,1860,131163,135331,266494
350,1870,132012,136191,268203
350,1880,132839,137116,269955
350,1890,133729,138008,271737
350,1900,134540,138924,273464
350,1910,135398,139779,275177
350,1920,136226,140658,276884
350,1930,137117,141540,278657
350,1940,137959,142439,280398
350,1950,138779,143275,282054
350,1960,139567,144150,283717
350,1970,140423,145065,285488
350,1980,141221,145962,287183
350,1990,142039,146920,288959
360,360,86,100,186
360,370,1022,1036,2058
360,380,1936,2052,3988
360,390,2880,2962,5842
360,400,3803,3895,7698
360,410,4691,4817,9508
360,420,5621,5700,11321
360,430,6514,6567,13081
360,440,7340,7496,14836
360,450,8263,8420,16683
360,460,9162,9312,18474
360,470,10029,10324,20353
360,480,10924,11273,22197
360,490,11819,12269,24088
360,500,12772,13201,25973
360,510,13698,14159,27857
360,520,14633,15087,29720
360,530,15581,16067,31648
360,540,16513,17001,33514
360,550,17507,17947,35454
360,560,18440,18934,37374
360,570,19393,19933,39326
360,580,20412,20892,41304
360,590,21376,21834,43210
360,600,22394,22780,45174
360,610,23410,23725,47135
360,620,24406,24720,49126
360,630,25440,25712,51152
360,640,26455,26720,53175
360,650,27390,27620,55010
360,660,28278,28535,56813
360,670,29211,29494,58705
360,680,30100,30422,60522
360,690,31058,31341,62399
360,700,31913,32289,64202
360,710,32756,33279,66035
360,720,33665,34221,67886
360,730,34576,35159,69735
360,740,35442,36046,71488
360,750,36250,36979,73229
360,760,37128,37968,75096
360,770,38006,38913,76919
360,780,38832,39861,78693
360,790,39698,40722,80420
360,800,40582,41582,82164
360,810,41474,42428,83902
360,820,42339,43342,85681
360,830,43199,44191,87390
360,840,44085,45070,89155
360,850,44943,45977,90920
360,860,45773,46862,92635
360,870,46552,47706,94258
360,880,47395,48596,95991
360,890,48213,49501,97714
360,900,49024,50437,99461
360,910,49846,51388,101234
360,920,50667,52236,102903
360,930,51509,53112,104621
360,940,52385,53978,106363
360,950,53200,54825,108025
360,960,54039,55697,109736
360,970,54894,56568,111462
360,980,55733,57429,113162
360,990,56498,58253,114751
360,1000,57286,59118,116404
360,1010,58086,60003,118089
360,1020,58875,60839,119714
360,1030,59694,61703,121397
360,1040,60477,62538,123015
360,1050,61278,63401,124679
360,1060,62076,64265,126341
360,1070,62959,65115,128074
360,1080,63782,66037,129819
360,1090,64583,66912,131495
360,1100,65422,67802,133224
360,1110,66287,68658,134945
360,1120,67126,69509,136635
360,1130,67947,70361,138308
360,1140,68788,71151,139939
360,1150,69603,71992,141595
360,1160,70441,72842,143283
360,1170,71275,73729,145004
360,1180,72074,74601,146675
360,1190,72874,75474,148348
360,1200,73683,76387,150070
360,1210,74548,77250,151798
360,1220,75357,78090,153447
360,1230,76174,78954,155128
360,1240,77032,79787,156819
360,1250,77863,80681,158544
360,1260,78693,81537,160230
360,1270,79548,82474,162022
360,1280,80411,83352,163763
360,1290,81306,84245,165551
360,1300,82191,85135,167326
360,1310,83078,86002,169080
360,1320,83909,86865,170774
360,1330,84740,87743,172483
360,1340,85594,88583,174177
360,1350,86457,89442,175899
360,1360,87260,90322,177582
360,1370,88188,91212,179400
360,1380,89046,92105,181151
360,1390,89924,93002,182926
360,1400,90757,93844,184601
360,1410,91660,94711,186371
360,1420,92547,95597,188144
360,1430,93417,96491,189908
360,1440,94312,97408,191720
360,1450,95167,98199,193366
360,1460,96038,99054,195092
360,1470,96896,99903,196799
360,1480,97814,100747,198561
360,1490,98667,101618,200285
360,1500,99487,102519,202006
360,1510,100354,103368,203722
360,1520,101200,104240,205440
360,1530,102030,105134,207164
360,1540,102816,105946,208762
360,1550,103678,106775,210453
360,1560,104570,107736,212306
360,1570,105414,108631,214045
360,1580,106180,109536,215716
360,1590,107038,110474,217512
360,1600,107862,111356,219218
360,1610,108828,112268,221096
360,1620,109655,113138,222793
360,1630,110515,113993,224508
360,1640,111379,114893,226272
360,1650,112247,115819,228066
360,1660,113117,116715,229832
360,1670,113977,117569,231546
360,1680,114841,118450,233291
360,1690,115696,119320,235016
360,1700,116511,120231,236742
360,1710,117356,121180,238536
360,1720,118199,122070,240269
360,1730,119036,122926,241962
360,1740,119849,123827,243676
360,1750,120711,124697,245408
360,1760,121568,125562,247130
360,1770,122445,126431,248876
360,1780,123310,127295,250605
360,1790,124160,128218,252378
360,1800,125043,129105,254148
360,1810,125899,129966,255865
360,1820,126771,130832,257603
360,1830,127639,131680,259319
360,1840,128461,132532,260993
360,1850,129329,133425,262754
360,1860,130166,134293,264459
360,1870,131015,135153,266168
360,1880,131842,136078,267920
360,1890,132732,136970,269702
360,1900,133543,137886,271429
360,1910,134401,138741,273142
360,1920,135229,139620,274849
360,1930,136120,140502,276622
360,1940,136962,141401,278363
360,1950,137782,142237,280019
360,1960,138570,143112,281682
360,1970,139426,144027,283453
360,1980,140224,144924,285148
360,1990,141042,145882,286924
370,370,93,103,196
370,380,1007,1119,2126
370,390,1951,2029,3980
370,400,2874,2962,5836
370,410,3762,3884,7646
370,420,4692,4767,9459
370,430,5585,5634,11219
370,440,6411,6563,12974
370,450,7334,7487,14821
370,460,8233,8379,16612
370,470,9100,9391,18491
370,480,9995,10340,20335
370,490,10890,11336,22226
370,500,11843,12268,24111
370,510,12769,13226,25995
370,520,13704,14154,27858
370,530,14652,15134,29786
370,540,15584,16068,31652
370,550,16578,17014,33592
370,560,17511,18001,35512
370,570,18464,19000,37464
370,580,19483,19959,39442
370,590,20447,20901,41348
370,600,21465,21847,43312
370,610,22481,22792,45273
370,620,23477,23787,47264
370,630,24511,24779,49290
370,640,25526,25787,51313
370,650,26461,26687,53148
370,660,27349,27602,54951
370,670,28282,28561,56843
370,680,29171,29489,58660
370,690,30129,30408,60537
370,700,30984,31356,62340
370,710,31827,32346,64173
370,720,32736,33288,66024
370,730,33647,34226,67873
370,740,34513,35113,69626
370,750,35321,36046,71367
370,760,36199,37035,73234
370,770,37077,37980,75057
370,780,37903,38928,76831
370,790,38769,39789,78558
370,800,39653,40649,80302
370,810,40545,41495,82040
370,820,41410,42409,83819
370,830,42270,43258,85528
370,840,43156,44137,87293
370,850,44014,45044,89058
370,860,44844,45929,90773
370,870,45623,46773,92396
370,880,46466,47663,94129
370,890,47284,48568,95852
370,900,48095,49504,97599
370,910,48917,50455,99372
370,920,49738,51303,101041
370,930,50580,52179,102759
370,940,51456,53045,104501
370,950,52271,53892,106163
370,960,53110,54764,107874
370,970,53965,55635,109600
370,980,54804,56496,111300
370,990,55569,57320,112889
370,1000,56357,58185,114542
370,1010,57157,59070,116227
370,1020,57946,59906,117852
370,1030,58765,60770,119535
370,1040,59548,61605,121153
370,1050,60349,62468,122817
370,1060,61147,63332,124479
370,1070,62030,64182,126212
370,1080,62853,65104,127957
370,1090,63654,65979,129633
370,1100,64493,66869,131362
370,1110,65358,67725,133083
370,1120,66197,68576,134773
370,1130,67018,69428,136446
370,1140,67859,70218,138077
370,1150,68674,71059,139733
370,1160,69512,71909,141421
370,1170,70346,72796,143142
370,1180,71145,73668,144813
370,1190,71945,74541,146486
370,1200,72754,75454,148208
370,1210,73619,76317,149936
370,1220,74428,77157,151585
370,1230,75245,78021,153266
370,1240,76103,78854,154957
370,1250,76934,79748,156682
370,1260,77764,80604,158368
370,1270,78619,81541,160160
370,1280,79482,82419,161901
370,1290,80377,83312,163689
370,1300,81262,84202,165464
370,1310,82149,85069,167218
370,1320,82980,85932,168912
370,1330,83811,86810,170621
370,1340,84665,87650,172315
370,1350,85528,88509,174037
370,1360,86331,89389,175720
370,1370,87259,90279,177538
370,1380,88117,91172,179289
370,1390,88995,92069,181064
370,1400,89828,92911,182739
370,1410,90731,93778,184509
370,1420,91618,94664,186282
370,1430,92488,95558,188046
370,1440,93383,96475,189858
370,1450,94238,97266,191504
370,1460,95109,98121,193230
370,1470,95967,98970,194937
370,1480,96885,99814,196699
370,1490,97738,100685,198423
370,1500,98558,101586,200144
370,1510,99425,102435,201860
370,1520,100271,103307,203578
370,1530,101101,104201,205302
370,1540,101887,105013,206900
370,1550,102749,105842,208591
370,1560,103641,106803,210444
370,1570,104485,107698,212183
370,1580,105251,108603,213854
370,1590,106109,109541,215650
370,1600,106933,110423,217356
370,1610,107899,111335,219234
370,1620,108726,112205,220931
370,1630,109586,113060,222646
370,1640,110450,113960,224410
370,1650,111318,114886,226204
370,1660,112188,115782,227970
370,1670,113048,116636,229684
370,1680,113912,117517,231429
370,1690,114767,118387,233154
370,1700,115582,119298,234880
370,1710,116427,120247,236674
370,1720,117270,121137,238407
370,1730,118107,121993,240100
370,1740,118920,122894,241814
370,1750,119782,123764,243546
370,1760,120639,124629,245268
370,1770,121516,125498,247014
370,1780,122381,126362,248743
370,1790,123231,127285,250516
370,1800,124114,128172,252286
370,1810,124970,129033,254003
370,1820,125842,129899,255741
370,1830,126710,130747,257457
370,1840,127532,131599,259131
370,1850,128400,132492,260892
370,1860,129237,133360,262597
370,1870,130086,134220,264306
370,1880,130913,135145,266058
370,1890,131803,136037,267840
370,1900,132614,136953,269567
370,1910,133472,137808,271280
370,1920,134300,138687,272987
370,1930,135191,139569,274760
370,1940,136033,140468,276501
370,1950,136853,141304,278157
370,1960,137641,142179,279820
370,1970,138497,143094,281591
370,1980,139295,143991,283286
370,1990,140113,144949,285062
380,380,98,83,181
380,390,1042,993,2035
380,400,1965,1926,3891
380,410,2853,2848,5701
380,420,3783,3731,7514
380,430,4676,4598,9274
380,440,5502,5527,11029
380,450,6425,6451,12876
380,460,7324,7343,14667
380,470,8191,8355,16546
380,480,9086,9304,18390
380,490,9981,10300,20281
380,500,10934,11232,22166
380,510,11860,12190,24050
380,520,12795,13118,25913
380,530,13743,14098,27841
380,540,14675,15032,29707
380,550,15669,15978,31647
380,560,16602,16965,33567
380,570,17555,17964,35519
380,580,18574,18923,37497
380,590,19538,19865,39403
380,600,20556,20811,41367
380,610,21572,21756,43328
380,620,22568,22751,45319
380,630,23602,23743,47345
380,640,24617,24751,49368
380,650,25552,25651,51203
380,660,26440,26566,53006
380,670,27373,27525,54898
380,680,28262,28453,56715
380,690,29220,29372,58592
380,700,30075,30320,60395
380,710,30918,31310,62228
380,720,31827,32252,64079
380,730,32738,33190,65928
380,740,33604,34077,67681
380,750,34412,35010,69422
380,760,35290,35999,71289
380,770,36168,36944,73112
380,780,36994,37892,74886
380,790,37860,38753,76613
380,800,38744,39613,78357
380,810,39636,40459,80095
380,820,40501,41373,81874
380,830,41361,42222,83583
380,840,42247,43101,85348
380,850,43105,44008,87113
380,860,43935,44893,88828
380,870,44714,45737,90451
380,880,45557,46627,92184
380,890,46375,47532,93907
380,900,47186,48468,95654
380,910,48008,49419,97427
380,920,48829,50267,99096
380,930,49671,51143,100814
380,940,50547,52009,102556
380,950,51362,52856,104218
380,960,52201,53728,105929
380,970,53056,54599,107655
380,980,53895,55460,109355
380,990,54660,56284,110944
380,1000,55448,57149,112597
380,1010,56248,58034,114282
380,1020,57037,58870,115907
380,1030,57856,59734,117590
380,1040,58639,60569,119208
380,1050,59440,61432,120872
380,1060,60238,62296,122534
380,1070,61121,63146,124267
380,1080,61944,64068,126012
380,1090,62745,64943,127688
380,1100,63584,65833,129417
380,1110,64449,66689,131138
380,1120,65288,67540,132828
380,1130,66109,68392,134501
380,1140,66950,69182,136132
380,1150,67765,70023,137788
380,1160,68603,70873,139476
380,1170,69437,71760,141197
380,1180,70236,72632,142868
380,1190,71036,73505,144541
380,1200,71845,74418,146263
380,1210,72710,75281,147991
380,1220,73519,76121,149640
380,1230,74336,76985,151321
380,1240,75194,77818,153012
380,1250,76025,78712,154737
380,1260,76855,79568,156423
380,1270,77710,80505,158215
380,1280,78573,81383,159956
380,1290,79468,82276,161744
380,1300,80353,83166,163519
380,1310,81240,84033,165273
380,1320,82071,84896,166967
380,1330,82902,85774,168676
380,1340,83756,86614,170370
380,1350,84619,87473,172092
380,1360,85422,88353,173775
380,1370,86350,89243,175593
380,1380,87208,90136,177344
380,1390,88086,91033,179119
380,1400,88919,91875,180794
380,1410,89822,92742,182564
380,1420,90709,93628,184337
380,1430,91579,94522,186101
380,1440,92474,95439,187913
380,1450,93329,96230,189559
380,1460,94200,97085,191285
380,1470,95058,97934,192992
380,1480,95976,98778,194754
380,1490,96829,99649,196478
380,1500,97649,100550,198199
380,1510,98516,101399,199915
380,1520,99362,102271,201633
380,1530,100192,103165,203357
380,1540,100978,103977,204955
380,1550,101840,104806,206646
380,1560,102732,105767,208499
380,1570,103576,106662,210238
380,1580,104342,107567,211909
380,1590,105200,108505,213705
380,1600,106024,109387,215411
380,1610,106990,110299,217289
380,1620,107817,111169,218986
380,1630,108677,112024,220701
380,1640,109541,112924,222465
380,1650,110409,113850,224259
380,1660,111279,114746,226025
380,1670,112139,115600,227739
380,1680,113003,116481,229484
380,1690,113858,117351,231209
380,1700,114673,118262,232935
380,1710,115518,119211,234729
380,1720,116361,120101,236462
380,1730,117198,120957,238155
380,1740,118011,121858,239869
380,1750,118873,122728,241601
380,1760,119730,123593,243323
380,1770,120607,124462,245069
380,1780,121472,125326,246798
380,1790,122322,126249,248571
380,1800,123205,127136,250341
380,1810,124061,127997,252058
380,1820,124933,128863,253796
380,1830,125801,129711,255512
380,1840,126623,130563,257186
380,1850,127491,131456,258947
380,1860,128328,132324,260652
380,1870,129177,133184,262361
380,1880,130004,134109,264113
380,1890,130894,135001,265895
380,1900,131705,135917,267622
380,1910,132563,136772,269335
380,1920,133391,137651,271042
380,1930,134282,138533,272815
380,1940,135124,139432,274556
380,1950,135944,140268,276212
380,1960,136732,141143,277875
380,1970,137588,142058,279646
380,1980,138386,142955,281341
380,1990,139204,143913,283117
390,390,84,77,161
390,400,1007,1010,2017
390,410,1895,1932,3827
390,420,2825,2815,5640
390,430,3718,3682,7400
390,440,4544,4611,9155
390,450,5467,5535,11002
390,460,6366,6427,12793
390,470,7233,7439,14672
390,480,8128,8388,16516
390,490,9023,9384,18407
390,500,9976,10316,20292
390,510,10902,11274,22176
390,520,11837,12202,24039
390,530,12785,13182,25967
390,540,13717,14116,27833
390,550,14711,15062,29773
390,560,15644,16049,31693
390,570,16597,17048,33645
390,580,17616,18007,35623
390,590,18580,18949,37529
390,600,19598,19895,39493
390,610,20614,20840,41454
390,620,21610,21835,43445
390,630,22644,22827,45471
390,640,23659,23835,47494
390,650,24594,24735,49329
390,660,25482,25650,51132
390,670,26415,26609,53024
390,680,27304,27537,54841
390,690,28262,28456,56718
390,700,29117,29404,58521
390,710,29960,30394,60354
390,720,30869,31336,62205
390,730,31780,32274,64054
390,740,32646,33161,65807
390,750,33454,34094,67548
390,760,34332,35083,69415
390,770,35210,36028,71238
390,780,36036,36976,73012
390,790,36902,37837,74739
390,800,37786,38697,76483
390,810,38678,39543,78221
390,820,39543,40457,80000
390,830,40403,41306,81709
390,840,41289,42185,83474
390,850,42147,43092,85239
390,860,42977,43977,86954
390,870,43756,44821,88577
390,880,44599,45711,90310
390,890,45417,46616,92033
390,900,46228,47552,93780
390,910,47050,48503,95553
390,920,47871,49351,97222
390,930,48713,50227,98940
390,940,49589,51093,100682
390,950,50404,51940,102344
390,960,51243,52812,104055
390,970,52098,53683,105781
390,980,52937,54544,107481
390,990,53702,55368,109070
390,1000,54490,56233,110723
390,1010,55290,57118,112408
390,1020,56079,57954,114033
390,1030,56898,58818,115716
390,1040,57681,59653,117334
390,1050,58482,60516,118998
390,1060,59280,61380,120660
390,1070,60163,62230,122393
390,1080,60986,63152,124138
390,1090,61787,64027,125814
390,1100,62626,64917,127543
390,1110,63491,65773,129264
390,1120,64330,66624,130954
390,1130,65151,67476,132627
390,1140,65992,68266,134258
390,1150,66807,69107,135914
390,1160,67645,69957,137602
390,1170,68479,70844,139323
390,1180,69278,71716,140994
390,1190,70078,72589,142667
390,1200,70887,73502,144389
390,1210,71752,74365,146117
390,1220,72561,75205,147766
390,1230,73378,76069,149447
390,1240,74236,76902,151138
390,1250,75067,77796,152863
390,1260,75897,78652,154549
390,1270,76752,79589,156341
390,1280,77615,80467,158082
390,1290,78510,81360,159870
390,1300,79395,82250,161645
390,1310,80282,83117,163399
390,1320,81113,83980,165093
390,1330,81944,84858,166802
390,1340,82798,85698,168496
390,1350,83661,86557,170218
390,1360,84464,87437,171901
390,1370,85392,88327,173719
390,1380,86250,89220,175470
390,1390,87128,90117,177245
390,1400,87961,90959,178920
390,1410,88864,91826,180690
390,1420,89751,92712,182463
390,1430,90621,93606,184227
390,1440,91516,94523,186039
390,1450,92371,95314,187685
390,1460,93242,96169,189411
390,1470,94100,97018,191118
390,1480,95018,97862,192880
390,1490,95871,98733,194604
390,1500,96691,99634,196325
390,1510,97558,100483,198041
390,1520,98404,101355,199759
390,1530,99234,102249,201483
390,1540,100020,103061,203081
390,1550,100882,103890,204772
390,1560,101774,104851,206625
390,1570,102618,105746,208364
390,1580,103384,106651,210035
390,1590,104242,107589,211831
390,1600,105066,108471,213537
390,1610,106032,109383,215415
390,1620,106859,110253,217112
390,1630,107719,111108,218827
390,1640,108583,112008,220591
390,1650,109451,112934,222385
390,1660,110321,113830,224151
390,1670,111181,114684,225865
390,1680,112045,115565,227610
390,1690,112900,116435,229335
390,1700,113715,117346,231061
390,1710,114560,118295,232855
390,1720,115403,119185,234588
390,1730,116240,120041,236281
390,1740,117053,120942,237995
390,1750,117915,121812,239727
390,1760,118772,122677,241449
390,1770,119649,123546,243195
390,1780,120514,124410,244924
390,1790,121364,125333,246697
390,1800,122247,126220,248467
390,1810,123103,127081,250184
390,1820,123975,127947,251922
390,1830,124843,128795,253638
390,1840,125665,129647,255312
390,1850,126533,130540,257073
390,1860,127370,131408,258778
390,1870,128219,132268,260487
390,1880,129046,133193,262239
390,1890,129936,134085,264021
390,1900,130747,135001,265748
390,1910,131605,135856,267461
390,1920,132433,136735,269168
390,1930,133324,137617,270941
390,1940,134166,138516,272682
390,1950,134986,139352,274338
390,1960,135774,140227,276001
390,1970,136630,141142,277772
390,1980,137428,142039,279467
390,1990,138246,142997,281243
400,400,90,80,170
400,410,978,1002,1980
400,420,1908,1885,3793
400,430,2801,2752,5553
400,440,3627,3681,7308
400,450,4550,4605,9155
400,460,5449,5497,10946
400,470,6316,6509,12825
400,480,7211,7458,14669
400,490,8106,8454,16560
400,500,9059,9386,18445
400,510,9985,10344,20329
400,520,10920,11272,22192
400,530,11868,12252,24120
400,540,12800,13186,25986
400,550,13794,14132,27926
400,560,14727,15119,29846
400,570,15680,16118,31798
400,580,16699,17077,33776
400,590,17663,18019,35682
400,600,18681,18965,37646
400,610,19697,19910,39607
400,620,20693,20905,41598
400,630,21727,21897,43624
400,640,22742,22905,45647
400,650,23677,23805,47482
400,660,24565,24720,49285
400,670,25498,25679,51177
400,680,26387,26607,52994
400,690,27345,27526,54871
400,700,28200,28474,56674
400,710,29043,29464,58507
400,720,29952,30406,60358
400,730,30863,31344,62207
400,740,31729,32231,63960
400,750,32537,33164,65701
400,760,33415,34153,67568
400,770,34293,35098,69391
400,780,35119,36046,71165
400,790,35985,36907,72892
400,800,36869,37767,74636
400,810,37761,38613,76374
400,820,38626,39527,78153
400,830,39486,40376,79862
400,840,40372,41255,81627
400,850,41230,42162,83392
400,860,42060,43047,85107
400,870,42839,43891,86730
400,880,43682,44781,88463
400,890,44500,45686,90186
400,900,45311,46622,91933
400,910,46133,47573,93706
400,920,46954,48421,95375
400,930,47796,49297,97093
400,940,48672,50163,98835
400,950,49487,51010,100497
400,960,50326,51882,102208
400,970,51181,52753,103934
400,980,52020,53614,105634
400,990,52785,54438,107223
400,1000,53573,55303,108876
400,1010,54373,56188,110561
400,1020,55162,57024,112186
400,1030,55981,57888,113869
400,1040,56764,58723,115487
400,1050,57565,59586,117151
400,1060,58363,60450,118813
400,1070,59246,61300,120546
400,1080,60069,62222,122291
400,1090,60870,63097,123967
400,1100,61709,63987,125696
400,1110,62574,64843,127417
400,1120,63413,65694,129107
400,1130,64234,66546,130780
400,1140,65075,67336,132411
400,1150,65890,68177,134067
400,1160,66728,69027,135755
400,1170,67562,69914,137476
400,1180,68361,70786,139147
400,1190,69161,71659,140820
400,1200,69970,72572,142542
400,1210,70835,73435,144270
400,1220,71644,74275,145919
400,1230,72461,75139,147600
400,1240,73319,75972,149291
400,1250,74150,76866,151016
400,1260,74980,77722,152702
400,1270,75835,78659,154494
400,1280,76698,79537,156235
400,1290,77593,80430,158023
400,1300,78478,81320,159798
400,1310,79365,82187,161552
400,1320,80196,83050,163246
400,1330,81027,83928,164955
400,1340,81881,84768,166649
400,1350,82744,85627,168371
400,1360,83547,86507,170054
400,1370,84475,87397,171872
400,1380,85333,88290,173623
400,1390,86211,89187,175398
400,1400,87044,90029,177073
400,1410,87947,90896,178843
400,1420,88834,91782,180616
400,1430,89704,92676,182380
400,1440,90599,93593,184192
400,1450,91454,94384,185838
400,1460,92325,95239,187564
400,1470,93183,96088,189271
400,1480,94101,96932,191033
400,1490,94954,97803,192757
400,1500,95774,98704,194478
400,1510,96641,99553,196194
400,1520,97487,100425,197912
400,1530,98317,101319,199636
400,1540,99103,102131,201234
400,1550,99965,102960,202925
400,1560,100857,103921,204778
400,1570,101701,104816,206517
400,1580,102467,105721,208188
400,1590,103325,106659,209984
400,1600,104149,107541,211690
400,1610,105115,108453,213568
400,1620,105942,109323,215265
400,1630,106802,110178,216980
400,1640,107666,111078,218744
400,1650,108534,112004,220538
400,1660,109404,112900,222304
400,1670,110264,113754,224018
400,1680,111128,114635,225763
400,1690,111983,115505,227488
400,1700,112798,116416,229214
400,1710,113643,117365,231008
400,1720,114486,118255,232741
400,1730,115323,119111,234434
400,1740,116136,120012,236148
400,1750,116998,120882,237880
400,1760,117855,121747,239602
400,1770,118732,122616,241348
400,1780,119597,123480,243077
400,1790,120447,124403,244850
400,1800,121330,125290,246620
400,1810,122186,126151,248337
400,1820,123058,127017,250075
400,1830,123926,127865,251791
400,1840,124748,128717,253465
400,1850,125616,129610,255226
400,1860,126453,130478,256931
400,1870,127302,131338,258640
400,1880,128129,132263,260392
400,1890,129019,133155,262174
400,1900,129830,134071,263901
400,1910,130688,134926,265614
400,1920,131516,135805,267321
400,1930,132407,136687,269094
400,1940,133249,137586,270835
400,1950,134069,138422,272491
400,1960,134857,139297,274154
400,1970,135713,140212,275925
400,1980,136511,141109,277620
400,1990,137329,142067,279396
410,410,101,100,201
410,420,1031,983,2014
410,430,1924,1850,3774
410,440,2750,2779,5529
410,450,3673,3703,7376
410,460,4572,4595,9167
410,470,5439,5607,11046
410,480,6334,6556,12890
410,490,7229,7552,14781
410,500,8182,8484,16666
410,510,9108,9442,18550
410,520,10043,10370,20413
410,530,10991,11350,22341
410,540,11923,12284,24207
410,550,12917,13230,26147
410,560,13850,14217,28067
410,570,14803,15216,30019
410,580,15822,16175,31997
410,590,16786,17117,33903
410,600,17804,18063,35867
410,610,18820,19008,37828
410,620,19816,20003,39819
410,630,20850,20995,41845
410,640,21865,22003,43868
410,650,22800,22903,45703
410,660,23688,23818,47506
410,670,24621,24777,49398
410,680,25510,25705,51215
410,690,26468,26624,53092
410,700,27323,27572,54895
410,710,28166,28562,56728
410,720,29075,29504,58579
410,730,29986,30442,60428
410,740,30852,31329,62181
410,750,31660,32262,63922
410,760,32538,33251,65789
410,770,33416,34196,67612
410,780,34242,35144,69386
410,790,35108,36005,71113
410,800,35992,36865,72857
410,810,36884,37711,74595
410,820,37749,38625,76374
410,830,38609,39474,78083
410,840,39495,40353,79848
410,850,40353,41260,81613
410,860,41183,42145,83328
410,870,41962,42989,84951
410,880,42805,43879,86684
410,890,43623,44784,88407
410,900,44434,45720,90154
410,910,45256,46671,91927
410,920,46077,47519,93596
410,930,46919,48395,95314
410,940,47795,49261,97056
410,950,48610,50108,98718
410,960,49449,50980,100429
410,970,50304,51851,102155
410,980,51143,52712,103855
410,990,51908,53536,105444
410,1000,52696,54401,107097
410,1010,53496,55286,108782
410,1020,54285,56122,110407
410,1030,55104,56986,112090
410,1040,55887,57821,113708
410,1050,56688,58684,115372
410,1060,57486,59548,117034
410,1070,58369,60398,118767
410,1080,59192,61320,120512
410,1090,59993,62195,122188
410,1100,60832,63085,123917
410,1110,61697,63941,125638
410,1120,62536,64792,127328
410,1130,63357,65644,129001
410,1140,64198,66434,130632
410,1150,65013,67275,132288
410,1160,65851,68125,133976
410,1170,66685,69012,135697
410,1180,67484,69884,137368
410,1190,68284,70757,139041
410,1200,69093,71670,140763
410,1210,69958,72533,142491
410,1220,70767,73373,144140
410,1230,71584,74237,145821
410,1240,72442,75070,147512
410,1250,73273,75964,149237
410,1260,74103,76820,150923
410,1270,74958,77757,152715
410,1280,75821,78635,154456
410,1290,76716,79528,156244
410,1300,77601,80418,158019
410,1310,78488,81285,159773
410,1320,79319,82148,161467
410,1330,80150,83026,163176
410,1340,81004,83866,164870
410,1350,81867,84725,166592
410,1360,82670,85605,168275
410,1370,83598,86495,170093
410,1380,84456,87388,171844
410,1390,85334,88285,173619
410,1400,86167,89127,175294
410,1410,87070,89994,177064
410,1420,87957,90880,178837
410,1430,88827,91774,180601
410,1440,89722,92691,182413
410,1450,90577,93482,184059
410,1460,91448,94337,185785
410,1470,92306,95186,187492
410,1480,93224,96030,189254
410,1490,94077,96901,190978
410,1500,94897,97802,192699
410,1510,95764,98651,194415
410,1520,96610,99523,196133
410,1530,97440,100417,197857
410,1540,98226,101229,199455
410,1550,99088,102058,201146
410,1560,99980,103019,202999
410,1570,100824,103914,204738
410,1580,101590,104819,206409
410,1590,102448,105757,208205
410,1600,103272,106639,209911
410,1610,104238,107551,211789
410,1620,105065,108421,213486
410,1630,105925,109276,215201
410,1640,106789,110176,216965
410,1650,107657,111102,218759
410,1660,108527,111998,220525
410,1670,109387,112852,222239
410,1680,110251,113733,223984
410,1690,111106,114603,225709
410,1700,111921,115514,227435
410,1710,112766,116463,229229
410,1720,113609,117353,230962
410,1730,114446,118209,232655
410,1740,115259,119110,234369
410,1750,116121,119980,236101
410,1760,116978,120845,237823
410,1770,117855,121714,239569
410,1780,118720,122578,241298
410,1790,119570,123501,243071
410,1800,120453,124388,244841
410,1810,121309,125249,246558
410,1820,122181,126115,248296
410,1830,123049,126963,250012
410,1840,123871,127815,251686
410,1850,124739,128708,253447
410,1860,125576,129576,255152
410,1870,126425,130436,256861
410,1880,127252,131361,258613
410,1890,128142,132253,260395
410,1900,128953,133169,262122
410,1910,129811,134024,263835
410,1920,130639,134903,265542
410,1930,131530,135785,267315
410,1940,132372,136684,269056
410,1950,133192,137520,270712
410,1960,133980,138395,272375
410,1970,134836,139310,274146
410,1980,135634,140207,275841
410,1990,136452,141165,277617
420,420,97,97,194
420,430,990,964,1954
420,440,1816,1893,3709
420,450,2739,2817,5556
420,460,3638,3709,7347
420,470,4505,4721,9226
420,480,5400,5670,11070
420,490,6295,6666,12961
420,500,7248,7598,14846
420,510,8174,8556,16730
420,520,9109,9484,18593
420,530,10057,10464,20521
420,540,10989,11398,22387
420,550,11983,12344,24327
420,560,12916,13331,26247
420,570,13869,14330,28199
420,580,14888,15289,30177
420,590,15852,16231,32083
420,600,16870,17177,34047
420,610,17886,18122,36008
420,620,18882,19117,37999
420,630,19916,20109,40025
420,640,20931,21117,42048
420,650,21866,22017,43883
420,660,22754,22932,45686
420,670,23687,23891,47578
420,680,24576,24819,49395
420,690,25534,25738,51272
420,700,26389,26686,53075
420,710,27232,27676,54908
420,720,28141,28618,56759
420,730,29052,29556,58608
420,740,29918,30443,60361
420,750,30726,31376,62102
420,760,31604,32365,63969
420,770,32482,33310,65792
420,780,33308,34258,67566
420,790,34174,35119,69293
420,800,35058,35979,71037
420,810,35950,36825,72775
420,820,36815,37739,74554
420,830,37675,38588,76263
420,840,38561,39467,78028
420,850,39419,40374,79793
420,860,40249,41259,81508
420,870,41028,42103,83131
420,880,41871,42993,84864
420,890,42689,43898,86587
420,900,43500,44834,88334
420,910,44322,45785,90107
420,920,45143,46633,91776
420,930,45985,47509,93494
420,940,46861,48375,95236
420,950,47676,49222,96898
420,960,48515,50094,98609
420,970,49370,50965,100335
420,980,50209,51826,102035
420,990,50974,52650,103624
420,1000,51762,53515,105277
420,1010,52562,54400,106962
420,1020,53351,55236,108587
420,1030,54170,56100,110270
420,1040,54953,56935,111888
420,1050,55754,57798,113552
420,1060,56552,58662,115214
420,1070,57435,59512,116947
420,1080,58258,60434,118692
420,1090,59059,61309,120368
420,1100,59898,62199,122097
420,1110,60763,63055,123818
420,1120,61602,63906,125508
420,1130,62423,64758,127181
420,1140,63264,65548,128812
420,1150,64079,66389,130468
420,1160,64917,67239,132156
420,1170,65751,68126,133877
420,1180,66550,68998,135548
420,1190,67350,69871,137221
420,1200,68159,70784,138943
420,1210,69024,71647,140671
420,1220,69833,72487,142320
420,1230,70650,73351,144001
420,1240,71508,74184,145692
420,1250,72339,75078,147417
420,1260,73169,75934,149103
420,1270,74024,76871,150895
420,1280,74887,77749,152636
420,1290,75782,78642,154424
420,1300,76667,79532,156199
420,1310,77554,80399,157953
420,1320,78385,81262,159647
420,1330,79216,82140,161356
420,1340,80070,82980,163050
420,1350,80933,83839,164772
420,1360,81736,84719,166455
420,1370,82664,85609,168273
420,1380,83522,86502,170024
420,1390,84400,87399,171799
420,1400,85233,88241,173474
420,1410,86136,89108,175244
420,1420,87023,89994,177017
420,1430,87893,90888,178781
420,1440,88788,91805,180593
420,1450,89643,92596,182239
420,1460,90514,93451,183965
420,1470,91372,94300,185672
420,1480,92290,95144,187434
420,1490,93143,96015,189158
420,1500,93963,96916,190879
420,1510,94830,97765,192595
420,1520,95676,98637,194313
420,1530,96506,99531,196037
420,1540,97292,100343,197635
420,1550,98154,101172,199326
420,1560,99046,102133,201179
420,1570,99890,103028,202918
420,1580,100656,103933,204589
420,1590,101514,104871,206385
420,1600,102338,105753,208091
420,1610,103304,106665,209969
420,1620,104131,107535,211666
420,1630,104991,108390,213381
420,1640,105855,109290,215145
420,1650,106723,110216,216939
420,1660,107593,111112,218705
420,1670,108453,111966,220419
420,1680,109317,112847,222164
420,1690,110172,113717,223889
420,1700,110987,114628,225615
420,1710,111832,115577,227409
420,1720,112675,116467,229142
420,1730,113512,117323,230835
420,1740,114325,118224,232549
420,1750,115187,119094,234281
420,1760,116044,119959,236003
420,1770,116921,120828,237749
420,1780,117786,121692,239478
420,1790,118636,122615,241251
420,1800,119519,123502,243021
420,1810,120375,124363,244738
420,1820,121247,125229,246476
420,1830,122115,126077,248192
420,1840,122937,126929,249866
420,1850,123805,127822,251627
420,1860,124642,128690,253332
420,1870,125491,129550,255041
420,1880,126318,130475,256793
420,1890,127208,131367,258575
420,1900,128019,132283,260302
420,1910,128877,133138,262015
420,1920,129705,134017,263722
420,1930,130596,134899,265495
420,1940,131438,135798,267236
420,1950,132258,136634,268892
420,1960,133046,137509,270555
420,1970,133902,138424,272326
420,1980,134700,139321,274021
420,1990,135518,140279,275797
430,430,92,84,176
430,440,918,1013,1931
430,450,1841,1937,3778
430,460,2740,2829,5569
430,470,3607,3841,7448
430,480,4502,4790,9292
430,490,5397,5786,11183
430,500,6350,6718,13068
430,510,7276,7676,14952
430,520,8211,8604,16815
430,530,9159,9584,18743
430,540,10091,10518,20609
430,550,11085,11464,22549
430,560,12018,12451,24469
430,570,12971,13450,26421
430,580,13990,14409,28399
430,590,14954,15351,30305
430,600,15972,16297,32269
430,610,16988,17242,34230
430,620,17984,18237,36221
430,630,19018,19229,38247
430,640,20033,20237,40270
430,650,20968,21137,42105
430,660,21856,22052,43908
430,670,22789,23011,45800
430,680,23678,23939,47617
430,690,24636,24858,49494
430,700,25491,25806,51297
430,710,26334,26796,53130
430,720,27243,27738,54981
430,730,28154,28676,56830
430,740,29020,29563,58583
430,750,29828,30496,60324
430,760,30706,31485,62191
430,770,31584,32430,64014
430,780,32410,33378,65788
430,790,33276,34239,67515
430,800,34160,35099,69259
430,810,35052,35945,70997
430,820,35917,36859,72776
430,830,36777,37708,74485
430,840,37663,38587,76250
430,850,38521,39494,78015
430,860,39351,40379,79730
430,870,40130,41223,81353
430,880,40973,42113,83086
430,890,41791,43018,84809
430,900,42602,43954,86556
430,910,43424,44905,88329
430,920,44245,45753,89998
430,930,45087,46629,91716
430,940,45963,47495,93458
430,950,46778,48342,95120
430,960,47617,49214,96831
430,970,48472,50085,98557
430,980,49311,50946,100257
430,990,50076,51770,101846
430,1000,50864,52635,103499
430,1010,51664,53520,105184
430,1020,52453,54356,106809
430,1030,53272,55220,108492
430,1040,54055,56055,110110
430,1050,54856,56918,111774
430,1060,55654,57782,113436
430,1070,56537,58632,115169
430,1080,57360,59554,116914
430,1090,58161,60429,118590
430,1100,59000,61319,120319
430,1110,59865,62175,122040
430,1120,60704,63026,123730
430,1130,61525,63878,125403
430,1140,62366,64668,127034
430,1150,63181,65509,128690
430,1160,64019,66359,130378
430,1170,64853,67246,132099
430,1180,65652,68118,133770
430,1190,66452,68991,135443
430,1200,67261,69904,137165
430,1210,68126,70767,138893
430,1220,68935,71607,140542
430,1230,69752,72471,142223
430,1240,70610,73304,143914
430,1250,71441,74198,145639
430,1260,72271,75054,147325
430,1270,73126,75991,149117
430,1280,73989,76869,150858
430,1290,74884,77762,152646
430,1300,75769,78652,154421
430,1310,76656,79519,156175
430,1320,77487,80382,157869
430,1330,78318,81260,159578
430,1340,79172,82100,161272
430,1350,80035,82959,162994
430,1360,80838,83839,164677
430,1370,81766,84729,166495
430,1380,82624,85622,168246
430,1390,83502,86519,170021
430,1400,84335,87361,171696
430,1410,85238,88228,173466
430,1420,86125,89114,175239
430,1430,86995,90008,177003
430,1440,87890,90925,178815
430,1450,88745,91716,180461
430,1460,89616,92571,182187
430,1470,90474,93420,183894
430,1480,91392,94264,185656
430,1490,92245,95135,187380
430,1500,93065,96036,189101
430,1510,93932,96885,190817
430,1520,94778,97757,192535
430,1530,95608,98651,194259
430,1540,96394,99463,195857
430,1550,97256,100292,197548
430,1560,98148,101253,199401
430,1570,98992,102148,201140
430,1580,99758,103053,202811
430,1590,100616,103991,204607
430,1600,101440,104873,206313
430,1610,102406,105785,208191
430,1620,103233,106655,209888
430,1630,104093,107510,211603
430,1640,104957,108410,213367
430,1650,105825,109336,215161
430,1660,106695,110232,216927
430,1670,107555,111086,218641
430,1680,108419,111967,220386
430,1690,109274,112837,222111
430,1700,110089,113748,223837
430,1710,110934,114697,225631
430,1720,111777,115587,227364
430,1730,112614,116443,229057
430,1740,113427,117344,230771
430,1750,114289,118214,232503
430,1760,115146,119079,234225
430,1770,116023,119948,235971
430,1780,116888,120812,237700
430,1790,117738,121735,239473
430,1800,118621,122622,241243
430,1810,119477,123483,242960
430,1820,120349,124349,244698
430,1830,121217,125197,246414
430,1840,122039,126049,248088
430,1850,122907,126942,249849
430,1860,123744,127810,251554
430,1870,124593,128670,253263
430,1880,125420,129595,255015
430,1890,126310,130487,256797
430,1900,127121,131403,258524
430,1910,127979,132258,260237
430,1920,128807,133137,261944
430,1930,129698,134019,263717
430,1940,130540,134918,265458
430,1950,131360,135754,267114
430,1960,132148,136629,268777
430,1970,133004,137544,270548
430,1980,133802,138441,272243
430,1990,134620,139399,274019
440,440,84,96,180
440,450,1007,1020,2027
440,460,1906,1912,3818
440,470,2773,2924,5697
440,480,3668,3873,7541
440,490,4563,4869,9432
440,500,5516,5801,11317
440,510,6442,6759,13201
440,520,7377,7687,15064
440,530,8325,8667,16992
440,540,9257,9601,18858
440,550,10251,10547,20798
440,560,11184,11534,22718
440,570,12137,12533,24670
440,580,13156,13492,26648
440,590,14120,14434,28554
440,600,15138,15380,30518
440,610,16154,16325,32479
440,620,17150,17320,34470
440,630,18184,18312,36496
440,640,19199,19320,38519
440,650,20134,20220,40354
440,660,21022,21135,42157
440,670,21955,22094,44049
440,680,22844,23022,45866
440,690,23802,23941,47743
440,700,24657,24889,49546
440,710,25500,25879,51379
440,720,26409,26821,53230
440,730,27320,27759,55079
440,740,28186,28646,56832
440,750,28994,29579,58573
440,760,29872,30568,60440
440,770,30750,31513,62263
440,780,31576,32461,64037
440,790,32442,33322,65764
440,800,33326,34182,67508
440,810,34218,35028,69246
440,820,35083,35942,71025
440,830,35943,36791,72734
440,840,36829,37670,74499
440,850,37687,38577,76264
440,860,38517,39462,77979
440,870,39296,40306,79602
440,880,40139,41196,81335
440,890,40957,42101,83058
440,900,41768,43037,84805
440,910,42590,43988,86578
440,920,43411,44836,88247
440,930,44253,45712,89965
440,940,45129,46578,91707
440,950,45944,47425,93369
440,960,46783,48297,95080
440,970,47638,49168,96806
440,980,48477,50029,98506
440,990,49242,50853,100095
440,1000,50030,51718,101748
440,1010,50830,52603,103433
440,1020,51619,53439,105058
440,1030,52438,54303,106741
440,1040,53221,55138,108359
440,1050,54022,56001,110023
440,1060,54820,56865,111685
440,1070,55703,57715,113418
440,1080,56526,58637,115163
440,1090,57327,59512,116839
440,1100,58166,60402,118568
440,1110,59031,61258,120289
440,1120,59870,62109,121979
440,1130,60691,62961,123652
440,1140,61532,63751,125283
440,1150,62347,64592,126939
440,1160,63185,65442,128627
440,1170,64019,66329,130348
440,1180,64818,67201,132019
440,1190,65618,68074,133692
440,1200,66427,68987,135414
440,1210,67292,69850,137142
440,1220,68101,70690,138791
440,1230,68918,71554,140472
440,1240,69776,72387,142163
440,1250,70607,73281,143888
440,1260,71437,74137,145574
440,1270,72292,75074,147366
440,1280,73155,75952,149107
440,1290,74050,76845,150895
440,1300,74935,77735,152670
440,1310,75822,78602,154424
440,1320,76653,79465,156118
440,1330,77484,80343,157827
440,1340,78338,81183,159521
440,1350,79201,82042,161243
440,1360,80004,82922,162926
440,1370,80932,83812,164744
440,1380,81790,84705,166495
440,1390,82668,85602,168270
440,1400,83501,86444,169945
440,1410,84404,87311,171715
440,1420,85291,88197,173488
440,1430,86161,89091,175252
440,1440,87056,90008,177064
440,1450,87911,90799,178710
440,1460,88782,91654,180436
440,1470,89640,92503,182143
440,1480,90558,93347,183905
440,1490,91411,94218,185629
440,1500,92231,95119,187350
440,1510,93098,95968,189066
440,1520,93944,96840,190784
440,1530,94774,97734,192508
440,1540,95560,98546,194106
440,1550,96422,99375,195797
440,1560,97314,100336,197650
440,1570,98158,101231,199389
440,1580,98924,102136,201060
440,1590,99782,103074,202856
440,1600,100606,103956,204562
440,1610,101572,104868,206440
440,1620,102399,105738,208137
440,1630,103259,106593,209852
440,1640,104123,107493,211616
440,1650,104991,108419,213410
440,1660,105861,109315,215176
440,1670,106721,110169,216890
440,1680,107585,111050,218635
440,1690,108440,111920,220360
440,1700,109255,112831,222086
440,1710,110100,113780,223880
440,1720,110943,114670,225613
440,1730,111780,115526,227306
440,1740,112593,116427,229020
440,1750,113455,117297,230752
440,1760,114312,118162,232474
440,1770,115189,119031,234220
440,1780,116054,119895,235949
440,1790,116904,120818,237722
440,1800,117787,121705,239492
440,1810,118643,122566,241209
440,1820,119515,123432,242947
440,1830,120383,124280,244663
440,1840,121205,125132,246337
440,1850,122073,126025,248098
440,1860,122910,126893,249803
440,1870,123759,127753,251512
440,1880,124586,128678,253264
440,1890,125476,129570,255046
440,1900,126287,130486,256773
440,1910,127145,131341,258486
440,1920,127973,132220,260193
440,1930,128864,133102,261966
440,1940,129706,134001,263707
440,1950,130526,134837,265363
440,1960,131314,135712,267026
440,1970,132170,136627,268797
440,1980,132968,137524,270492
440,1990,133786,138482,272268
450,450,94,93,187
450,460,993,985,1978
450,470,1860,1997,3857
450,480,2755,2946,5701
450,490,3650,3942,7592
450,500,4603,4874,9477
450,510,5529,5832,11361
450,520,6464,6760,13224
450,530,7412,7740,15152
450,540,8344,8674,17018
450,550,9338,9620,18958
450,560,10271,10607,20878
450,570,11224,11606,22830
450,580,12243,12565,24808
450,590,13207,13507,26714
450,600,14225,14453,28678
450,610,15241,15398,30639
450,620,16237,16393,32630
450,630,17271,17385,34656
450,640,18286,18393,36679
450,650,19221,19293,38514
450,660,20109,20208,40317
450,670,21042,21167,42209
450,680,21931,22095,44026
450,690,22889,23014,45903
450,700,23744,23962,47706
450,710,24587,24952,49539
450,720,25496,25894,51390
450,730,26407,26832,53239
450,740,27273,27719,54992
450,750,28081,28652,56733
450,760,28959,29641,58600
450,770,29837,30586,60423
450,780,30663,31534,62197
450,790,31529,32395,63924
450,800,32413,33255,65668
450,810,33305,34101,67406
450,820,34170,35015,69185
450,830,35030,35864,70894
450,840,35916,36743,72659
450,850,36774,37650,74424
450,860,37604,38535,76139
450,870,38383,39379,77762
450,880,39226,40269,79495
450,890,40044,41174,81218
450,900,40855,42110,82965
450,910,41677,43061,84738
450,920,42498,43909,86407
450,930,43340,44785,88125
450,940,44216,45651,89867
450,950,45031,46498,91529
450,960,45870,47370,93240
450,970,46725,48241,94966
450,980,47564,49102,96666
450,990,48329,49926,98255
450,1000,49117,50791,99908
450,1010,49917,51676,101593
450,1020,50706,52512,103218
450,1030,51525,53376,104901
450,1040,52308,54211,106519
450,1050,53109,55074,108183
450,1060,53907,55938,109845
450,1070,54790,56788,111578
450,1080,55613,57710,113323
450,1090,56414,58585,114999
450,1100,57253,59475,116728
450,1110,58118,60331,118449
450,1120,58957,61182,120139
450,1130,59778,62034,121812
450,1140,60619,62824,123443
450,1150,61434,63665,125099
450,1160,62272,64515,126787
450,1170,63106,65402,128508
450,1180,63905,66274,130179
450,1190,64705,67147,131852
450,1200,65514,68060,133574
450,1210,66379,68923,135302
450,1220,67188,69763,136951
450,1230,68005,70627,138632
450,1240,68863,71460,140323
450,1250,69694,72354,142048
450,1260,70524,73210,143734
450,1270,71379,74147,145526
450,1280,72242,75025,147267
450,1290,73137,75918,149055
450,1300,74022,76808,150830
450,1310,74909,77675,152584
450,1320,75740,78538,154278
450,1330,76571,79416,155987
450,1340,77425,80256,157681
450,1350,78288,81115,159403
450,1360,79091,81995,161086
450,1370,80019,82885,162904
450,1380,80877,83778,164655
450,1390,81755,84675,166430
450,1400,82588,85517,168105
450,1410,83491,86384,169875
450,1420,84378,87270,171648
450,1430,85248,88164,173412
450,1440,86143,89081,175224
450,1450,86998,89872,176870
450,1460,87869,90727,178596
450,1470,88727,91576,180303
450,1480,89645,92420,182065
450,1490,90498,93291,183789
450,1500,91318,94192,185510
450,1510,92185,95041,187226
450,1520,93031,95913,188944
450,1530,93861,96807,190668
450,1540,94647,97619,192266
450,1550,95509,98448,193957
450,1560,96401,99409,195810
450,1570,97245,100304,197549
450,1580,98011,101209,199220
450,1590,98869,102147,201016
450,1600,99693,103029,202722
450,1610,100659,103941,204600
450,1620,101486,104811,206297
450,1630,102346,105666,208012
450,1640,103210,106566,209776
450,1650,104078,107492,211570
450,1660,104948,108388,213336
450,1670,105808,109242,215050
450,1680,106672,110123,216795
450,1690,107527,110993,218520
450,1700,108342,111904,220246
450,1710,109187,112853,222040
450,1720,110030,113743,223773
450,1730,110867,114599,225466
450,1740,111680,115500,227180
450,1750,112542,116370,228912
450,1760,113399,117235,230634
450,1770,114276,118104,232380
450,1780,115141,118968,234109
450,1790,115991,119891,235882
450,1800,116874,120778,237652
450,1810,117730,121639,239369
450,1820,118602,122505,241107
450,1830,119470,123353,242823
450,1840,120292,124205,244497
450,1850,121160,125098,246258
450,1860,121997,125966,247963
450,1870,122846,126826,249672
450,1880,123673,127751,251424
450,1890,124563,128643,253206
450,1900,125374,129559,254933
450,1910,126232,130414,256646
450,1920,127060,131293,258353
450,1930,127951,132175,260126
450,1940,128793,133074,261867
450,1950,129613,133910,263523
450,1960,130401,134785,265186
450,1970,131257,135700,266957
450,1980,132055,136597,268652
450,1990,132873,137555,270428
460,460,86,98,184
460,470,953,1110,2063
460,480,1848,2059,3907
460,490,2743,3055,5798
460,500,3696,3987,7683
460,510,4622,4945,9567
460,520,5557,5873,11430
460,530,6505,6853,13358
460,540,7437,7787,15224
460,550,8431,8733,17164
460,560,9364,9720,19084
460,570,10317,10719,21036
460,580,11336,11678,23014
460,590,12300,12620,24920
460,600,13318,13566,26884
460,610,14334,14511,28845
460,620,15330,15506,30836
460,630,16364,16498,32862
460,640,17379,17506,34885
460,650,18314,18406,36720
460,660,19202,19321,38523
460,670,20135,20280,40415
460,680,21024,21208,42232
460,690,21982,22127,44109
460,700,22837,23075,45912
460,710,23680,24065,47745
460,720,24589,25007,49596
460,730,25500,25945,51445
460,740,26366,26832,53198
460,750,27174,27765,54939
460,760,28052,28754,56806
460,770,28930,29699,58629
460,780,29756,30647,60403
460,790,30622,31508,62130
460,800,31506,32368,63874
460,810,32398,33214,65612
460,820,33263,34128,67391
460,830,34123,34977,69100
460,840,35009,35856,70865
460,850,35867,36763,72630
460,860,36697,37648,74345
460,870,37476,38492,75968
460,880,38319,39382,77701
460,890,39137,40287,79424
460,900,39948,41223,81171
460,910,40770,42174,82944
460,920,41591,43022,84613
460,930,42433,43898,86331
460,940,43309,44764,88073
460,950,44124,45611,89735
460,960,44963,46483,91446
460,970,45818,47354,93172
460,980,46657,48215,94872
460,990,47422,49039,96461
460,1000,48210,49904,98114
460,1010,49010,50789,99799
460,1020,49799,51625,101424
460,1030,50618,52489,103107
460,1040,51401,53324,104725
460,1050,52202,54187,106389
460,1060,53000,55051,108051
460,1070,53883,55901,109784
460,1080,54706,56823,111529
460,1090,55507,57698,113205
460,1100,56346,58588,114934
460,1110,57211,59444,116655
460,1120,58050,60295,118345
460,1130,58871,61147,120018
460,1140,59712,61937,121649
460,1150,60527,62778,123305
460,1160,61365,63628,124993
460,1170,62199,64515,126714
460,1180,62998,65387,128385
460,1190,63798,66260,130058
460,1200,64607,67173,131780
460,1210,65472,68036,133508
460,1220,66281,68876,135157
460,1230,67098,69740,136838
460,1240,67956,70573,138529
460,1250,68787,71467,140254
460,1260,69617,72323,141940
460,1270,70472,73260,143732
460,1280,71335,74138,145473
460,1290,72230,75031,147261
460,1300,73115,75921,149036
460,1310,74002,76788,150790
460,1320,74833,77651,152484
460,1330,75664,78529,154193
460,1340,76518,79369,155887
460,1350,77381,80228,157609
460,1360,78184,81108,159292
460,1370,79112,81998,161110
460,1380,79970,82891,162861
460,1390,80848,83788,164636
460,1400,81681,84630,166311
460,1410,82584,85497,168081
460,1420,83471,86383,169854
460,1430,84341,87277,171618
460,1440,85236,88194,173430
460,1450,86091,88985,175076
460,1460,86962,89840,176802
460,1470,87820,90689,178509
460,1480,88738,91533,180271
460,1490,89591,92404,181995
460,1500,90411,93305,183716
460,1510,91278,94154,185432
460,1520,92124,95026,187150
460,1530,92954,95920,188874
460,1540,93740,96732,190472
460,1550,94602,97561,192163
460,1560,95494,98522,194016
460,1570,96338,99417,195755
460,1580,97104,100322,197426
460,1590,97962,101260,199222
460,1600,98786,102142,200928
460,1610,99752,103054,202806
460,1620,100579,103924,204503
460,1630,101439,104779,206218
460,1640,102303,105679,207982
460,1650,103171,106605,209776
460,1660,104041,107501,211542
460,1670,104901,108355,213256
460,1680,105765,109236,215001
460,1690,106620,110106,216726
460,1700,107435,111017,218452
460,1710,108280,111966,220246
460,1720,109123,112856,221979
460,1730,109960,113712,223672
460,1740,110773,114613,225386
460,1750,111635,115483,227118
460,1760,112492,116348,228840
460,1770,113369,117217,230586
460,1780,114234,118081,232315
460,1790,115084,119004,234088
460,1800,115967,119891,235858
460,1810,116823,120752,237575
460,1820,117695,121618,239313
460,1830,118563,122466,241029
460,1840,119385,123318,242703
460,1850,120253,124211,244464
460,1860,121090,125079,246169
460,1870,121939,125939,247878
460,1880,122766,126864,249630
460,1890,123656,127756,251412
460,1900,124467,128672,253139
460,1910,125325,129527,254852
460,1920,126153,130406,256559
460,1930,127044,131288,258332
460,1940,127886,132187,260073
460,1950,128706,133023,261729
460,1960,129494,133898,263392
460,1970,130350,134813,265163
460,1980,131148,135710,266858
460,1990,131966,136668,268634
470,470,93,127,220
470,480,988,1076,2064
470,490,1883,2072,3955
470,500,2836,3004,5840
470,510,3762,3962,7724
470,520,4697,4890,9587
470,530,5645,5870,11515
470,540,6577,6804,13381
470,550,7571,7750,15321
470,560,8504,8737,17241
470,570,9457,9736,19193
470,580,10476,10695,21171
470,590,11440,11637,23077
470,600,12458,12583,25041
470,610,13474,13528,27002
470,620,14470,14523,28993
470,630,15504,15515,31019
470,640,16519,16523,33042
470,650,17454,17423,34877
470,660,18342,18338,36680
470,670,19275,19297,38572
470,680,20164,20225,40389
470,690,21122,21144,42266
470,700,21977,22092,44069
470,710,22820,23082,45902
470,720,23729,24024,47753
470,730,24640,24962,49602
470,740,25506,25849,51355
470,750,26314,26782,53096
470,760,27192,27771,54963
470,770,28070,28716,56786
470,780,28896,29664,58560
470,790,29762,30525,60287
470,800,30646,31385,62031
470,810,31538,32231,63769
470,820,32403,33145,65548
470,830,33263,33994,67257
470,840,34149,34873,69022
470,850,35007,35780,70787
470,860,35837,36665,72502
470,870,36616,37509,74125
470,880,37459,38399,75858
470,890,38277,39304,77581
470,900,39088,40240,79328
470,910,39910,41191,81101
470,920,40731,42039,82770
470,930,41573,42915,84488
470,940,42449,43781,86230
470,950,43264,44628,87892
470,960,44103,45500,89603
470,970,44958,46371,91329
470,980,45797,47232,93029
470,990,46562,48056,94618
470,1000,47350,48921,96271
470,1010,48150,49806,97956
470,1020,48939,50642,99581
470,1030,49758,51506,101264
470,1040,50541,52341,102882
470,1050,51342,53204,104546
470,1060,52140,54068,106208
470,1070,53023,54918,107941
470,1080,53846,55840,109686
470,1090,54647,56715,111362
470,1100,55486,57605,113091
470,1110,56351,58461,114812
470,1120,57190,59312,116502
470,1130,58011,60164,118175
470,1140,58852,60954,119806
470,1150,59667,61795,121462
470,1160,60505,62645,123150
470,1170,61339,63532,124871
470,1180,62138,64404,126542
470,1190,62938,65277,128215
470,1200,63747,66190,129937
470,1210,64612,67053,131665
470,1220,65421,67893,133314
470,1230,66238,68757,134995
470,1240,67096,69590,136686
470,1250,67927,70484,138411
470,1260,68757,71340,140097
470,1270,69612,72277,141889
470,1280,70475,73155,143630
470,1290,71370,74048,145418
470,1300,72255,74938,147193
470,1310,73142,75805,148947
470,1320,73973,76668,150641
470,1330,74804,77546,152350
470,1340,75658,78386,154044
470,1350,76521,79245,155766
470,1360,77324,80125,157449
470,1370,78252,81015,159267
470,1380,79110,81908,161018
470,1390,79988,82805,162793
470,1400,80821,83647,164468
470,1410,81724,84514,166238
470,1420,82611,85400,168011
470,1430,83481,86294,169775
470,1440,84376,87211,171587
470,1450,85231,88002,173233
470,1460,86102,88857,174959
470,1470,86960,89706,176666
470,1480,87878,90550,178428
470,1490,88731,91421,180152
470,1500,89551,92322,181873
470,1510,90418,93171,183589
470,1520,91264,94043,185307
470,1530,92094,94937,187031
470,1540,92880,95749,188629
470,1550,93742,96578,190320
470,1560,94634,97539,192173
470,1570,95478,98434,193912
470,1580,96244,99339,195583
470,1590,97102,100277,197379
470,1600,97926,101159,199085
470,1610,98892,102071,200963
470,1620,99719,102941,202660
470,1630,100579,103796,204375
470,1640,101443,104696,206139
470,1650,102311,105622,207933
470,1660,103181,106518,209699
470,1670,104041,107372,211413
470,1680,104905,108253,213158
470,1690,105760,109123,214883
470,1700,106575,110034,216609
470,1710,107420,110983,218403
470,1720,108263,111873,220136
470,1730,109100,112729,221829
470,1740,109913,113630,223543
470,1750,110775,114500,225275
470,1760,111632,115365,226997
470,1770,112509,116234,228743
470,1780,113374,117098,230472
470,1790,114224,118021,232245
470,1800,115107,118908,234015
470,1810,115963,119769,235732
470,1820,116835,120635,237470
470,1830,117703,121483,239186
470,1840,118525,122335,240860
470,1850,119393,123228,242621
470,1860,120230,124096,244326
470,1870,121079,124956,246035
470,1880,121906,125881,247787
470,1890,122796,126773,249569
470,1900,123607,127689,251296
470,1910,124465,128544,253009
470,1920,125293,129423,254716
470,1930,126184,130305,256489
470,1940,127026,131204,258230
470,1950,127846,132040,259886
470,1960,128634,132915,261549
470,1970,129490,133830,263320
470,1980,130288,134727,265015
470,1990,131106,135685,266791
480,480,82,91,173
480,490,977,1087,2064
480,500,1930,2019,3949
480,510,2856,2977,5833
480,520,3791,3905,7696
480,530,4739,4885,9624
480,540,5671,5819,11490
480,550,6665,6765,13430
480,560,7598,7752,15350
480,570,8551,8751,17302
480,580,9570,9710,19280
480,590,10534,10652,21186
480,600,11552,11598,23150
480,610,12568,12543,25111
480,620,13564,13538,27102
480,630,14598,14530,29128
480,640,15613,15538,31151
480,650,16548,16438,32986
480,660,17436,17353,34789
480,670,18369,18312,36681
480,680,19258,19240,38498
480,690,20216,20159,40375
480,700,21071,21107,42178
480,710,21914,22097,44011
480,720,22823,23039,45862
480,730,23734,23977,47711
480,740,24600,24864,49464
480,750,25408,25797,51205
480,760,26286,26786,53072
480,770,27164,27731,54895
480,780,27990,28679,56669
480,790,28856,29540,58396
480,800,29740,30400,60140
480,810,30632,31246,61878
480,820,31497,32160,63657
480,830,32357,33009,65366
480,840,33243,33888,67131
480,850,34101,34795,68896
480,860,34931,35680,70611
480,870,35710,36524,72234
480,880,36553,37414,73967
480,890,37371,38319,75690
480,900,38182,39255,77437
480,910,39004,40206,79210
480,920,39825,41054,80879
480,930,40667,41930,82597
480,940,41543,42796,84339
480,950,42358,43643,86001
480,960,43197,44515,87712
480,970,44052,45386,89438
480,980,44891,46247,91138
480,990,45656,47071,92727
480,1000,46444,47936,94380
480,1010,47244,48821,96065
480,1020,48033,49657,97690
480,1030,48852,50521,99373
480,1040,49635,51356,100991
480,1050,50436,52219,102655
480,1060,51234,53083,104317
480,1070,52117,53933,106050
480,1080,52940,54855,107795
480,1090,53741,55730,109471
480,1100,54580,56620,111200
480,1110,55445,57476,112921
480,1120,56284,58327,114611
480,1130,57105,59179,116284
480,1140,57946,59969,117915
480,1150,58761,60810,119571
480,1160,59599,61660,121259
480,1170,60433,62547,122980
480,1180,61232,63419,124651
480,1190,62032,64292,126324
480,1200,62841,65205,128046
480,1210,63706,66068,129774
480,1220,64515,66908,131423
480,1230,65332,67772,133104
480,1240,66190,68605,134795
480,1250,67021,69499,136520
480,1260,67851,70355,138206
480,1270,68706,71292,139998
480,1280,69569,72170,141739
480,1290,70464,73063,143527
480,1300,71349,73953,145302
480,1310,72236,74820,147056
480,1320,73067,75683,148750
480,1330,73898,76561,150459
480,1340,74752,77401,152153
480,1350,75615,78260,153875
480,1360,76418,79140,155558
480,1370,77346,80030,157376
480,1380,78204,80923,159127
480,1390,79082,81820,160902
480,1400,79915,82662,162577
480,1410,80818,83529,164347
480,1420,81705,84415,166120
480,1430,82575,85309,167884
480,1440,83470,86226,169696
480,1450,84325,87017,171342
480,1460,85196,87872,173068
480,1470,86054,88721,174775
480,1480,86972,89565,176537
480,1490,87825,90436,178261
480,1500,88645,91337,179982
480,1510,89512,92186,181698
480,1520,90358,93058,183416
480,1530,91188,93952,185140
480,1540,91974,94764,186738
480,1550,92836,95593,188429
480,1560,93728,96554,190282
480,1570,94572,97449,192021
480,1580,95338,98354,193692
480,1590,96196,99292,195488
480,1600,97020,100174,197194
480,1610,97986,101086,199072
480,1620,98813,101956,200769
480,1630,99673,102811,202484
480,1640,100537,103711,204248
480,1650,101405,104637,206042
480,1660,102275,105533,207808
480,1670,103135,106387,209522
480,1680,103999,107268,211267
480,1690,104854,108138,212992
480,1700,105669,109049,214718
480,1710,106514,109998,216512
480,1720,107357,110888,218245
480,1730,108194,111744,219938
480,1740,109007,112645,221652
480,1750,109869,113515,223384
480,1760,110726,114380,225106
480,1770,111603,115249,226852
480,1780,112468,116113,228581
480,1790,113318,117036,230354
480,1800,114201,117923,232124
480,1810,115057,118784,233841
480,1820,115929,119650,235579
480,1830,116797,120498,237295
480,1840,117619,121350,238969
480,1850,118487,122243,240730
480,1860,119324,123111,242435
480,1870,120173,123971,244144
480,1880,121000,124896,245896
480,1890,121890,125788,247678
480,1900,122701,126704,249405
480,1910,123559,127559,251118
480,1920,124387,128438,252825
480,1930,125278,129320,254598
480,1940,126120,130219,256339
480,1950,126940,131055,257995
480,1960,127728,131930,259658
480,1970,128584,132845,261429
480,1980,129382,133742,263124
480,1990,130200,134700,264900
490,490,69,98,167
490,500,1022,1030,2052
490,510,1948,1988,3936
490,520,2883,2916,5799
490,530,3831,3896,7727
490,540,4763,4830,9593
490,550,5757,5776,11533
490,560,6690,6763,13453
490,570,7643,7762,15405
490,580,8662,8721,17383
490,590,9626,9663,19289
490,600,10644,10609,21253
490,610,11660,11554,23214
490,620,12656,12549,25205
490,630,13690,13541,27231
490,640,14705,14549,29254
490,650,15640,15449,31089
490,660,16528,16364,32892
490,670,17461,17323,34784
490,680,18350,18251,36601
490,690,19308,19170,38478
490,700,20163,20118,40281
490,710,21006,21108,42114
490,720,21915,22050,43965
490,730,22826,22988,45814
490,740,23692,23875,47567
490,750,24500,24808,49308
490,760,25378,25797,51175
490,770,26256,26742,52998
490,780,27082,27690,54772
490,790,27948,28551,56499
490,800,28832,29411,58243
490,810,29724,30257,59981
490,820,30589,31171,61760
490,830,31449,32020,63469
490,840,32335,32899,65234
490,850,33193,33806,66999
490,860,34023,34691,68714
490,870,34802,35535,70337
490,880,35645,36425,72070
490,890,36463,37330,73793
490,900,37274,38266,75540
490,910,38096,39217,77313
490,920,38917,40065,78982
490,930,39759,40941,80700
490,940,40635,41807,82442
490,950,41450,42654,84104
490,960,42289,43526,85815
490,970,43144,44397,87541
490,980,43983,45258,89241
490,990,44748,46082,90830
490,1000,45536,46947,92483
490,1010,46336,47832,94168
490,1020,47125,48668,95793
490,1030,47944,49532,97476
490,1040,48727,50367,99094
490,1050,49528,51230,100758
490,1060,50326,52094,102420
490,1070,51209,52944,104153
490,1080,52032,53866,105898
490,1090,52833,54741,107574
490,1100,53672,55631,109303
490,1110,54537,56487,111024
490,1120,55376,57338,112714
490,1130,56197,58190,114387
490,1140,57038,58980,116018
490,1150,57853,59821,117674
490,1160,58691,60671,119362
490,1170,59525,61558,121083
490,1180,60324,62430,122754
490,1190,61124,63303,124427
490,1200,61933,64216,126149
490,1210,62798,65079,127877
490,1220,63607,65919,129526
490,1230,64424,66783,131207
490,1240,65282,67616,132898
490,1250,66113,68510,134623
490,1260,66943,69366,136309
490,1270,67798,70303,138101
490,1280,68661,71181,139842
490,1290,69556,72074,141630
490,1300,70441,72964,143405
490,1310,71328,73831,145159
490,1320,72159,74694,146853
490,1330,72990,75572,148562
490,1340,73844,76412,150256
490,1350,74707,77271,151978
490,1360,75510,78151,153661
490,1370,76438,79041,155479
490,1380,77296,79934,157230
490,1390,78174,80831,159005
490,1400,79007,81673,160680
490,1410,79910,82540,162450
490,1420,80797,83426,164223
490,1430,81667,84320,165987
490,1440,82562,85237,167799
490,1450,83417,86028,169445
490,1460,84288,86883,171171
490,1470,85146,87732,172878
490,1480,86064,88576,174640
490,1490,86917,89447,176364
490,1500,87737,90348,178085
490,1510,88604,91197,179801
490,1520,89450,92069,181519
490,1530,90280,92963,183243
490,1540,91066,93775,184841
490,1550,91928,94604,186532
490,1560,92820,95565,188385
490,1570,93664,96460,190124
490,1580,94430,97365,191795
490,1590,95288,98303,193591
490,1600,96112,99185,195297
490,1610,97078,100097,197175
490,1620,97905,100967,198872
490,1630,98765,101822,200587
490,1640,99629,102722,202351
490,1650,100497,103648,204145
490,1660,101367,104544,205911
490,1670,102227,105398,207625
490,1680,103091,106279,209370
490,1690,103946,107149,211095
490,1700,104761,108060,212821
490,1710,105606,109009,214615
490,1720,106449,109899,216348
490,1730,107286,110755,218041
490,1740,108099,111656,219755
490,1750,108961,112526,221487
490,1760,109818,113391,223209
490,1770,110695,114260,224955
490,1780,111560,115124,226684
490,1790,112410,116047,228457
490,1800,113293,116934,230227
490,1810,114149,117795,231944
490,1820,115021,118661,233682
490,1830,115889,119509,235398
490,1840,116711,120361,237072
490,1850,117579,121254,238833
490,1860,118416,122122,240538
490,1870,119265,122982,242247
490,1880,120092,123907,243999
490,1890,120982,124799,245781
490,1900,121793,125715,247508
490,1910,122651,126570,249221
490,1920,123479,127449,250928
490,1930,124370,128331,252701
490,1940,125212,129230,254442
490,1950,126032,130066,256098
490,1960,126820,130941,257761
490,1970,127676,131856,259532
490,1980,128474,132753,261227
490,1990,129292,133711,263003
500,500,108,89,197
500,510,1034,1047,2081
500,520,1969,1975,3944
500,530,2917,2955,5872
500,540,3849,3889,7738
500,550,4843,4835,9678
500,560,5776,5822,11598
500,570,6729,6821,13550
500,580,7748,7780,15528
500,590,8712,8722,17434
500,600,9730,9668,19398
500,610,10746,10613,21359
500,620,11742,11608,23350
500,630,12776,12600,25376
500,640,13791,13608,27399
500,650,14726,14508,29234
500,660,15614,15423,31037
500,670,16547,16382,32929
500,680,17436,17310,34746
500,690,18394,18229,36623
500,700,19249,19177,38426
500,710,20092,20167,40259
500,720,21001,21109,42110
500,730,21912,22047,43959
500,740,22778,22934,45712
500,750,23586,23867,47453
500,760,24464,24856,49320
500,770,25342,25801,51143
500,780,26168,26749,52917
500,790,27034,27610,54644
500,800,27918,28470,56388
500,810,28810,29316,58126
500,820,29675,30230,59905
500,830,30535,31079,61614
500,840,31421,31958,63379
500,850,32279,32865,65144
500,860,33109,33750,66859
500,870,33888,34594,68482
500,880,34731,35484,70215
500,890,35549,36389,71938
500,900,36360,37325,73685
500,910,37182,38276,75458
500,920,38003,39124,77127
500,930,38845,40000,78845
500,940,39721,40866,80587
500,950,40536,41713,82249
500,960,41375,42585,83960
500,970,42230,43456,85686
500,980,43069,44317,87386
500,990,43834,45141,88975
500,1000,44622,46006,90628
500,1010,45422,46891,92313
500,1020,46211,47727,93938
500,1030,47030,48591,95621
500,1040,47813,49426,97239
500,1050,48614,50289,98903
500,1060,49412,51153,100565
500,1070,50295,52003,102298
500,1080,51118,52925,104043
500,1090,51919,53800,105719
500,1100,52758,54690,107448
500,1110,53623,55546,109169
500,1120,54462,56397,110859
500,1130,55283,57249,112532
500,1140,56124,58039,114163
500,1150,56939,58880,115819
500,1160,57777,59730,117507
500,1170,58611,60617,119228
500,1180,59410,61489,120899
500,1190,60210,62362,122572
500,1200,61019,63275,124294
500,1210,61884,64138,126022
500,1220,62693,64978,127671
500,1230,63510,65842,129352
500,1240,64368,66675,131043
500,1250,65199,67569,132768
500,1260,66029,68425,134454
500,1270,66884,69362,136246
500,1280,67747,70240,137987
500,1290,68642,71133,139775
500,1300,69527,72023,141550
500,1310,70414,72890,143304
500,1320,71245,73753,144998
500,1330,72076,74631,146707
500,1340,72930,75471,148401
500,1350,73793,76330,150123
500,1360,74596,77210,151806
500,1370,75524,78100,153624
500,1380,76382,78993,155375
500,1390,77260,79890,157150
500,1400,78093,80732,158825
500,1410,78996,81599,160595
500,1420,79883,82485,162368
500,1430,80753,83379,164132
500,1440,81648,84296,165944
500,1450,82503,85087,167590
500,1460,83374,85942,169316
500,1470,84232,86791,171023
500,1480,85150,87635,172785
500,1490,86003,88506,174509
500,1500,86823,89407,176230
500,1510,87690,90256,177946
500,1520,88536,91128,179664
500,1530,89366,92022,181388
500,1540,90152,92834,182986
500,1550,91014,93663,184677
500,1560,91906,94624,186530
500,1570,92750,95519,188269
500,1580,93516,96424,189940
500,1590,94374,97362,191736
500,1600,95198,98244,193442
500,1610,96164,99156,195320
500,1620,96991,100026,197017
500,1630,97851,100881,198732
500,1640,98715,101781,200496
500,1650,99583,102707,202290
500,1660,100453,103603,204056
500,1670,101313,104457,205770
500,1680,102177,105338,207515
500,1690,103032,106208,209240
500,1700,103847,107119,210966
500,1710,104692,108068,212760
500,1720,105535,108958,214493
500,1730,106372,109814,216186
500,1740,107185,110715,217900
500,1750,108047,111585,219632
500,1760,108904,112450,221354
500,1770,109781,113319,223100
500,1780,110646,114183,224829
500,1790,111496,115106,226602
500,1800,112379,115993,228372
500,1810,113235,116854,230089
500,1820,114107,117720,231827
500,1830,114975,118568,233543
500,1840,115797,119420,235217
500,1850,116665,120313,236978
500,1860,117502,121181,238683
500,1870,118351,122041,240392
500,1880,119178,122966,242144
500,1890,120068,123858,243926
500,1900,120879,124774,245653
500,1910,121737,125629,247366
500,1920,122565,126508,249073
500,1930,123456,127390,250846
500,1940,124298,128289,252587
500,1950,125118,129125,254243
500,1960,125906,130000,255906
500,1970,126762,130915,257677
500,1980,127560,131812,259372
500,1990,128378,132770,261148
510,510,90,99,189
510,520,1025,1027,2052
510,530,1973,2007,3980
510,540,2905,2941,5846
510,550,3899,3887,7786
510,560,4832,4874,9706
510,570,5785,5873,11658
510,580,6804,6832,13636
510,590,7768,7774,15542
510,600,8786,8720,17506
510,610,9802,9665,19467
510,620,10798,10660,21458
510,630,11832,11652,23484
510,640,12847,12660,25507
510,650,13782,13560,27342
510,660,14670,14475,29145
510,670,15603,15434,31037
510,680,16492,16362,32854
510,690,17450,17281,34731
510,700,18305,18229,36534
510,710,19148,19219,38367
510,720,20057,20161,40218
510,730,20968,21099,42067
510,740,21834,21986,43820
510,750,22642,22919,45561
510,760,23520,23908,47428
510,770,24398,24853,49251
510,780,25224,25801,51025
510,790,26090,26662,52752
510,800,26974,27522,54496
510,810,27866,28368,56234
510,820,28731,29282,58013
510,830,29591,30131,59722
510,840,30477,31010,61487
510,850,31335,31917,63252
510,860,32165,32802,64967
510,870,32944,33646,66590
510,880,33787,34536,68323
510,890,34605,35441,70046
510,900,35416,36377,71793
510,910,36238,37328,73566
510,920,37059,38176,75235
510,930,37901,39052,76953
510,940,38777,39918,78695
510,950,39592,40765,80357
510,960,40431,41637,82068
510,970,41286,42508,83794
510,980,42125,43369,85494
510,990,42890,44193,87083
510,1000,43678,45058,88736
510,1010,44478,45943,90421
510,1020,45267,46779,92046
510,1030,46086,47643,93729
510,1040,46869,48478,95347
510,1050,47670,49341,97011
510,1060,48468,50205,98673
510,1070,49351,51055,100406
510,1080,50174,51977,102151
510,1090,50975,52852,103827
510,1100,51814,53742,105556
510,1110,52679,54598,107277
510,1120,53518,55449,108967
510,1130,54339,56301,110640
510,1140,55180,57091,112271
510,1150,55995,57932,113927
510,1160,56833,58782,115615
510,1170,57667,59669,117336
510,1180,58466,60541,119007
510,1190,59266,61414,120680
510,1200,60075,62327,122402
510,1210,60940,63190,124130
510,1220,61749,64030,125779
510,1230,62566,64894,127460
510,1240,63424,65727,129151
510,1250,64255,66621,130876
510,1260,65085,67477,132562
510,1270,65940,68414,134354
510,1280,66803,69292,136095
510,1290,67698,70185,137883
510,1300,68583,71075,139658
510,1310,69470,71942,141412
510,1320,70301,72805,143106
510,1330,71132,73683,144815
510,1340,71986,74523,146509
510,1350,72849,75382,148231
510,1360,73652,76262,149914
510,1370,74580,77152,151732
510,1380,75438,78045,153483
510,1390,76316,78942,155258
510,1400,77149,79784,156933
510,1410,78052,80651,158703
510,1420,78939,81537,160476
510,1430,79809,82431,162240
510,1440,80704,83348,164052
510,1450,81559,84139,165698
510,1460,82430,84994,167424
510,1470,83288,85843,169131
510,1480,84206,86687,170893
510,1490,85059,87558,172617
510,1500,85879,88459,174338
510,1510,86746,89308,176054
510,1520,87592,90180,177772
510,1530,88422,91074,179496
510,1540,89208,91886,181094
510,1550,90070,92715,182785
510,1560,90962,93676,184638
510,1570,91806,94571,186377
510,1580,92572,95476,188048
510,1590,93430,96414,189844
510,1600,94254,97296,191550
510,1610,95220,98208,193428
510,1620,96047,99078,195125
510,1630,96907,99933,196840
510,1640,97771,100833,198604
510,1650,98639,101759,200398
510,1660,99509,102655,202164
510,1670,100369,103509,203878
510,1680,101233,104390,205623
510,1690,102088,105260,207348
510,1700,102903,106171,209074
510,1710,103748,107120,210868
510,1720,104591,108010,212601
510,1730,105428,108866,214294
510,1740,106241,109767,216008
510,1750,107103,110637,217740
510,1760,107960,111502,219462
510,1770,108837,112371,221208
510,1780,109702,113235,222937
510,1790,110552,114158,224710
510,1800,111435,115045,226480
510,1810,112291,115906,228197
510,1820,113163,116772,229935
510,1830,114031,117620,231651
510,1840,114853,118472,233325
510,1850,115721,119365,235086
510,1860,116558,120233,236791
510,1870,117407,121093,238500
510,1880,118234,122018,240252
510,1890,119124,122910,242034
510,1900,119935,123826,243761
510,1910,120793,124681,245474
510,1920,121621,125560,247181
510,1930,122512,126442,248954
510,1940,123354,127341,250695
510,1950,124174,128177,252351
510,1960,124962,129052,254014
510,1970,125818,129967,255785
510,1980,126616,130864,257480
510,1990,127434,131822,259256
520,520,108,101,209
520,530,1056,1081,2137
520,540,1988,2015,4003
520,550,2982,2961,5943
520,560,3915,3948,7863
520,570,4868,4947,9815
520,580,5887,5906,11793
520,590,6851,6848,13699
520,600,7869,7794,15663
520,610,8885,8739,17624
520,620,9881,9734,19615
520,630,10915,10726,21641
520,640,11930,11734,23664
520,650,12865,12634,25499
520,660,13753,13549,27302
520,670,14686,14508,29194
520,680,15575,15436,31011
520,690,16533,16355,32888
520,700,17388,17303,34691
520,710,18231,18293,36524
520,720,19140,19235,38375
520,730,20051,20173,40224
520,740,20917,21060,41977
520,750,21725,21993,43718
520,760,22603,22982,45585
520,770,23481,23927,47408
520,780,24307,24875,49182
520,790,25173,25736,50909
520,800,26057,26596,52653
520,810,26949,27442,54391
520,820,27814,28356,56170
520,830,28674,29205,57879
520,840,29560,30084,59644
520,850,30418,30991,61409
520,860,31248,31876,63124
520,870,32027,32720,64747
520,880,32870,33610,66480
520,890,33688,34515,68203
520,900,34499,35451,69950
520,910,35321,36402,71723
520,920,36142,37250,73392
520,930,36984,38126,75110
520,940,37860,38992,76852
520,950,38675,39839,78514
520,960,39514,40711,80225
520,970,40369,41582,81951
520,980,41208,42443,83651
520,990,41973,43267,85240
520,1000,42761,44132,86893
520,1010,43561,45017,88578
520,1020,44350,45853,90203
520,1030,45169,46717,91886
520,1040,45952,47552,93504
520,1050,46753,48415,95168
520,1060,47551,49279,96830
520,1070,48434,50129,98563
520,1080,49257,51051,100308
520,1090,50058,51926,101984
520,1100,50897,52816,103713
520,1110,51762,53672,105434
520,1120,52601,54523,107124
520,1130,53422,55375,108797
520,1140,54263,56165,110428
520,1150,55078,57006,112084
520,1160,55916,57856,113772
520,1170,56750,58743,115493
520,1180,57549,59615,117164
520,1190,58349,60488,118837
520,1200,59158,61401,120559
520,1210,60023,62264,122287
520,1220,60832,63104,123936
520,1230,61649,63968,125617
520,1240,62507,64801,127308
520,1250,63338,65695,129033
520,1260,64168,66551,130719
520,1270,65023,67488,132511
520,1280,65886,68366,134252
520,1290,66781,69259,136040
520,1300,67666,70149,137815
520,1310,68553,71016,139569
520,1320,69384,71879,141263
520,1330,70215,72757,142972
520,1340,71069,73597,144666
520,1350,71932,74456,146388
520,1360,72735,75336,148071
520,1370,73663,76226,149889
520,1380,74521,77119,151640
520,1390,75399,78016,153415
520,1400,76232,78858,155090
520,1410,77135,79725,156860
520,1420,78022,80611,158633
520,1430,78892,81505,160397
520,1440,79787,82422,162209
520,1450,80642,83213,163855
520,1460,81513,84068,165581
520,1470,82371,84917,167288
520,1480,83289,85761,169050
520,1490,84142,86632,170774
520,1500,84962,87533,172495
520,1510,85829,88382,174211
520,1520,86675,89254,175929
520,1530,87505,90148,177653
520,1540,88291,90960,179251
520,1550,89153,91789,180942
520,1560,90045,92750,182795
520,1570,90889,93645,184534
520,1580,91655,94550,186205
520,1590,92513,95488,188001
520,1600,93337,96370,189707
520,1610,94303,97282,191585
520,1620,95130,98152,193282
520,1630,95990,99007,194997
520,1640,96854,99907,196761
520,1650,97722,100833,198555
520,1660,98592,101729,200321
520,1670,99452,102583,202035
520,1680,100316,103464,203780
520,1690,101171,104334,205505
520,1700,101986,105245,207231
520,1710,102831,106194,209025
520,1720,103674,107084,210758
520,1730,104511,107940,212451
520,1740,105324,108841,214165
520,1750,106186,109711,215897
520,1760,107043,110576,217619
520,1770,107920,111445,219365
520,1780,108785,112309,221094
520,1790,109635,113232,222867
520,1800,110518,114119,224637
520,1810,111374,114980,226354
520,1820,112246,115846,228092
520,1830,113114,116694,229808
520,1840,113936,117546,231482
520,1850,114804,118439,233243
520,1860,115641,119307,234948
520,1870,116490,120167,236657
520,1880,117317,121092,238409
520,1890,118207,121984,240191
520,1900,119018,122900,241918
520,1910,119876,123755,243631
520,1920,120704,124634,245338
520,1930,121595,125516,247111
520,1940,122437,126415,248852
520,1950,123257,127251,250508
520,1960,124045,128126,252171
520,1970,124901,129041,253942
520,1980,125699,129938,255637
520,1990,126517,130896,257413
530,530,87,89,176
530,540,1019,1023,2042
530,550,2013,1969,3982
530,560,2946,2956,5902
530,570,3899,3955,7854
530,580,4918,4914,9832
530,590,5882,5856,11738
530,600,6900,6802,13702
530,610,7916,7747,15663
530,620,8912,8742,17654
530,630,9946,9734,19680
530,640,10961,10742,21703
530,650,11896,11642,23538
530,660,12784,12557,25341
530,670,13717,13516,27233
530,680,14606,14444,29050
530,690,15564,15363,30927
530,700,16419,16311,32730
530,710,17262,17301,34563
530,720,18171,18243,36414
530,730,19082,19181,38263
530,740,19948,20068,40016
530,750,20756,21001,41757
530,760,21634,21990,43624
530,770,22512,22935,45447
530,780,23338,23883,47221
530,790,24204,24744,48948
530,800,25088,25604,50692
530,810,25980,26450,52430
530,820,26845,27364,54209
530,830,27705,28213,55918
530,840,28591,29092,57683
530,850,29449,29999,59448
530,860,30279,30884,61163
530,870,31058,31728,62786
530,880,31901,32618,64519
530,890,32719,33523,66242
530,900,33530,34459,67989
530,910,34352,35410,69762
530,920,35173,36258,71431
530,930,36015,37134,73149
530,940,36891,38000,74891
530,950,37706,38847,76553
530,960,38545,39719,78264
530,970,39400,40590,79990
530,980,40239,41451,81690
530,990,41004,42275,83279
530,1000,41792,43140,84932
530,1010,42592,44025,86617
530,1020,43381,44861,88242
530,1030,44200,45725,89925
530,1040,44983,46560,91543
530,1050,45784,47423,93207
530,1060,46582,48287,94869
530,1070,47465,49137,96602
530,1080,48288,50059,98347
530,1090,49089,50934,100023
530,1100,49928,51824,101752
530,1110,50793,52680,103473
530,1120,51632,53531,105163
530,1130,52453,54383,106836
530,1140,53294,55173,108467
530,1150,54109,56014,110123
530,1160,54947,56864,111811
530,1170,55781,57751,113532
530,1180,56580,58623,115203
530,1190,57380,59496,116876
530,1200,58189,60409,118598
530,1210,59054,61272,120326
530,1220,59863,62112,121975
530,1230,60680,62976,123656
530,1240,61538,63809,125347
530,1250,62369,64703,127072
530,1260,63199,65559,128758
530,1270,64054,66496,130550
530,1280,64917,67374,132291
530,1290,65812,68267,134079
530,1300,66697,69157,135854
530,1310,67584,70024,137608
530,1320,68415,70887,139302
530,1330,69246,71765,141011
530,1340,70100,72605,142705
530,1350,70963,73464,144427
530,1360,71766,74344,146110
530,1370,72694,75234,147928
530,1380,73552,76127,149679
530,1390,74430,77024,151454
530,1400,75263,77866,153129
530,1410,76166,78733,154899
530,1420,77053,79619,156672
530,1430,77923,80513,158436
530,1440,78818,81430,160248
530,1450,79673,82221,161894
530,1460,80544,83076,163620
530,1470,81402,83925,165327
530,1480,82320,84769,167089
530,1490,83173,85640,168813
530,1500,83993,86541,170534
530,1510,84860,87390,172250
530,1520,85706,88262,173968
530,1530,86536,89156,175692
530,1540,87322,89968,177290
530,1550,88184,90797,178981
530,1560,89076,91758,180834
530,1570,89920,92653,182573
530,1580,90686,93558,184244
530,1590,91544,94496,186040
530,1600,92368,95378,187746
530,1610,93334,96290,189624
530,1620,94161,97160,191321
530,1630,95021,98015,193036
530,1640,95885,98915,194800
530,1650,96753,99841,196594
530,1660,97623,100737,198360
530,1670,98483,101591,200074
530,1680,99347,102472,201819
530,1690,100202,103342,203544
530,1700,101017,104253,205270
530,1710,101862,105202,207064
530,1720,102705,106092,208797
530,1730,103542,106948,210490
530,1740,104355,107849,212204
530,1750,105217,108719,213936
530,1760,106074,109584,215658
530,1770,106951,110453,217404
530,1780,107816,111317,219133
530,1790,108666,112240,220906
530,1800,109549,113127,222676
530,1810,110405,113988,224393
530,1820,111277,114854,226131
530,1830,112145,115702,227847
530,1840,112967,116554,229521
530,1850,113835,117447,231282
530,1860,114672,118315,232987
530,1870,115521,119175,234696
530,1880,116348,120100,236448
530,1890,117238,120992,238230
530,1900,118049,121908,239957
530,1910,118907,122763,241670
530,1920,119735,123642,243377
530,1930,120626,124524,245150
530,1940,121468,125423,246891
530,1950,122288,126259,248547
530,1960,123076,127134,250210
530,1970,123932,128049,251981
530,1980,124730,128946,253676
530,1990,125548,129904,255452
540,540,106,106,212
540,550,1100,1052,2152
540,560,2033,2039,4072
540,570,2986,3038,6024
540,580,4005,3997,8002
540,590,4969,4939,9908
540,600,5987,5885,11872
540,610,7003,6830,13833
540,620,7999,7825,15824
540,630,9033,8817,17850
540,640,10048,9825,19873
540,650,10983,10725,21708
540,660,11871,11640,23511
540,670,12804,12599,25403
540,680,13693,13527,27220
540,690,14651,14446,29097
540,700,15506,15394,30900
540,710,16349,16384,32733
540,720,17258,17326,34584
540,730,18169,18264,36433
540,740,19035,19151,38186
540,750,19843,20084,39927
540,760,20721,21073,41794
540,770,21599,22018,43617
540,780,22425,22966,45391
540,790,23291,23827,47118
540,800,24175,24687,48862
540,810,25067,25533,50600
540,820,25932,26447,52379
540,830,26792,27296,54088
540,840,27678,28175,55853
540,850,28536,29082,57618
540,860,29366,29967,59333
540,870,30145,30811,60956
540,880,30988,31701,62689
540,890,31806,32606,64412
540,900,32617,33542,66159
540,910,33439,34493,67932
540,920,34260,35341,69601
540,930,35102,36217,71319
540,940,35978,37083,73061
540,950,36793,37930,74723
540,960,37632,38802,76434
540,970,38487,39673,78160
540,980,39326,40534,79860
540,990,40091,41358,81449
540,1000,40879,42223,83102
540,1010,41679,43108,84787
540,1020,42468,43944,86412
540,1030,43287,44808,88095
540,1040,44070,45643,89713
540,1050,44871,46506,91377
540,1060,45669,47370,93039
540,1070,46552,48220,94772
540,1080,47375,49142,96517
540,1090,48176,50017,98193
540,1100,49015,50907,99922
540,1110,49880,51763,101643
540,1120,50719,52614,103333
540,1130,51540,53466,105006
540,1140,52381,54256,106637
540,1150,53196,55097,108293
540,1160,54034,55947,109981
540,1170,54868,56834,111702
540,1180,55667,57706,113373
540,1190,56467,58579,115046
540,1200,57276,59492,116768
540,1210,58141,60355,118496
540,1220,58950,61195,120145
540,1230,59767,62059,121826
540,1240,60625,62892,123517
540,1250,61456,63786,125242
540,1260,62286,64642,126928
540,1270,63141,65579,128720
540,1280,64004,66457,130461
540,1290,64899,67350,132249
540,1300,65784,68240,134024
540,1310,66671,69107,135778
540,1320,67502,69970,137472
540,1330,68333,70848,139181
540,1340,69187,71688,140875
540,1350,70050,72547,142597
540,1360,70853,73427,144280
540,1370,71781,74317,146098
540,1380,72639,75210,147849
540,1390,73517,76107,149624
540,1400,74350,76949,151299
540,1410,75253,77816,153069
540,1420,76140,78702,154842
540,1430,77010,79596,156606
540,1440,77905,80513,158418
540,1450,78760,81304,160064
540,1460,79631,82159,161790
540,1470,80489,83008,163497
540,1480,81407,83852,165259
540,1490,82260,84723,166983
540,1500,83080,85624,168704
540,1510,83947,86473,170420
540,1520,84793,87345,172138
540,1530,85623,88239,173862
540,1540,86409,89051,175460
540,1550,87271,89880,177151
540,1560,88163,90841,179004
540,1570,89007,91736,180743
540,1580,89773,92641,182414
540,1590,90631,93579,184210
540,1600,91455,94461,185916
540,1610,92421,95373,187794
540,1620,93248,96243,189491
540,1630,94108,97098,191206
540,1640,94972,97998,192970
540,1650,95840,98924,194764
540,1660,96710,99820,196530
540,1670,97570,100674,198244
540,1680,98434,101555,199989
540,1690,99289,102425,201714
540,1700,100104,103336,203440
540,1710,100949,104285,205234
540,1720,101792,105175,206967
540,1730,102629,106031,208660
540,1740,103442,106932,210374
540,1750,104304,107802,212106
540,1760,105161,108667,213828
540,1770,106038,109536,215574
540,1780,106903,110400,217303
540,1790,107753,111323,219076
540,1800,108636,112210,220846
540,1810,109492,113071,222563
540,1820,110364,113937,224301
540,1830,111232,114785,226017
540,1840,112054,115637,227691
540,1850,112922,116530,229452
540,1860,113759,117398,231157
540,1870,114608,118258,232866
540,1880,115435,119183,234618
540,1890,116325,120075,236400
540,1900,117136,120991,238127
540,1910,117994,121846,239840
540,1920,118822,122725,241547
540,1930,119713,123607,243320
540,1940,120555,124506,245061
540,1950,121375,125342,246717
540,1960,122163,126217,248380
540,1970,123019,127132,250151
540,1980,123817,128029,251846
540,1990,124635,128987,253622
550,550,92,88,180
550,560,1025,1075,2100
550,570,1978,2074,4052
550,580,2997,3033,6030
550,590,3961,3975,7936
550,600,4979,4921,9900
550,610,5995,5866,11861
550,620,6991,6861,13852
550,630,8025,7853,15878
550,640,9040,8861,17901
550,650,9975,9761,19736
550,660,10863,10676,21539
550,670,11796,11635,23431
550,680,12685,12563,25248
550,690,13643,13482,27125
550,700,14498,14430,28928
550,710,15341,15420,30761
550,720,16250,16362,32612
550,730,17161,17300,34461
550,740,18027,18187,36214
550,750,18835,19120,37955
550,760,19713,20109,39822
550,770,20591,21054,41645
550,780,21417,22002,43419
550,790,22283,22863,45146
550,800,23167,23723,46890
550,810,24059,24569,48628
550,820,24924,25483,50407
550,830,25784,26332,52116
550,840,26670,27211,53881
550,850,27528,28118,55646
550,860,28358,29003,57361
550,870,29137,29847,58984
550,880,29980,30737,60717
550,890,30798,31642,62440
550,900,31609,32578,64187
550,910,32431,33529,65960
550,920,33252,34377,67629
550,930,34094,35253,69347
550,940,34970,36119,71089
550,950,35785,36966,72751
550,960,36624,37838,74462
550,970,37479,38709,76188
550,980,38318,39570,77888
550,990,39083,40394,79477
550,1000,39871,41259,81130
550,1010,40671,42144,82815
550,1020,41460,42980,84440
550,1030,42279,43844,86123
550,1040,43062,44679,87741
550,1050,43863,45542,89405
550,1060,44661,46406,91067
550,1070,45544,47256,92800
550,1080,46367,48178,94545
550,1090,47168,49053,96221
550,1100,48007,49943,97950
550,1110,48872,50799,99671
550,1120,49711,51650,101361
550,1130,50532,52502,103034
550,1140,51373,53292,104665
550,1150,52188,54133,106321
550,1160,53026,54983,108009
550,1170,53860,55870,109730
550,1180,54659,56742,111401
550,1190,55459,57615,113074
550,1200,56268,58528,114796
550,1210,57133,59391,116524
550,1220,57942,60231,118173
550,1230,58759,61095,119854
550,1240,59617,61928,121545
550,1250,60448,62822,123270
550,1260,61278,63678,124956
550,1270,62133,64615,126748
550,1280,62996,65493,128489
550,1290,63891,66386,130277
550,1300,64776,67276,132052
550,1310,65663,68143,133806
550,1320,66494,69006,135500
550,1330,67325,69884,137209
550,1340,68179,70724,138903
550,1350,69042,71583,140625
550,1360,69845,72463,142308
550,1370,70773,73353,144126
550,1380,71631,74246,145877
550,1390,72509,75143,147652
550,1400,73342,75985,149327
550,1410,74245,76852,151097
550,1420,75132,77738,152870
550,1430,76002,78632,154634
550,1440,76897,79549,156446
550,1450,77752,80340,158092
550,1460,78623,81195,159818
550,1470,79481,82044,161525
550,1480,80399,82888,163287
550,1490,81252,83759,165011
550,1500,82072,84660,166732
550,1510,82939,85509,168448
550,1520,83785,86381,170166
550,1530,84615,87275,171890
550,1540,85401,88087,173488
550,1550,86263,88916,175179
550,1560,87155,89877,177032
550,1570,87999,90772,178771
550,1580,88765,91677,180442
550,1590,89623,92615,182238
550,1600,90447,93497,183944
550,1610,91413,94409,185822
550,1620,92240,95279,187519
550,1630,93100,96134,189234
550,1640,93964,97034,190998
550,1650,94832,97960,192792
550,1660,95702,98856,194558
550,1670,96562,99710,196272
550,1680,97426,100591,198017
550,1690,98281,101461,199742
550,1700,99096,102372,201468
550,1710,99941,103321,203262
550,1720,100784,104211,204995
550,1730,101621,105067,206688
550,1740,102434,105968,208402
550,1750,103296,106838,210134
550,1760,104153,107703,211856
550,1770,105030,108572,213602
550,1780,105895,109436,215331
550,1790,106745,110359,217104
550,1800,107628,111246,218874
550,1810,108484,112107,220591
550,1820,109356,112973,222329
550,1830,110224,113821,224045
550,1840,111046,114673,225719
550,1850,111914,115566,227480
550,1860,112751,116434,229185
550,1870,113600,117294,230894
550,1880,114427,118219,232646
550,1890,115317,119111,234428
550,1900,116128,120027,236155
550,1910,116986,120882,237868
550,1920,117814,121761,239575
550,1930,118705,122643,241348
550,1940,119547,123542,243089
550,1950,120367,124378,244745
550,1960,121155,125253,246408
550,1970,122011,126168,248179
550,1980,122809,127065,249874
550,1990,123627,128023,251650
560,560,93,100,193
560,570,1046,1099,2145
560,580,2065,2058,4123
560,590,3029,3000,6029
560,600,4047,3946,7993
560,610,5063,4891,9954
560,620,6059,5886,11945
560,630,7093,6878,13971
560,640,8108,7886,15994
560,650,9043,8786,17829
560,660,9931,9701,19632
560,670,10864,10660,21524
560,680,11753,11588,23341
560,690,12711,12507,25218
560,700,13566,13455,27021
560,710,14409,14445,28854
560,720,15318,15387,30705
560,730,16229,16325,32554
560,740,17095,17212,34307
560,750,17903,18145,36048
560,760,18781,19134,37915
560,770,19659,20079,39738
560,780,20485,21027,41512
560,790,21351,21888,43239
560,800,22235,22748,44983
560,810,23127,23594,46721
560,820,23992,24508,48500
560,830,24852,25357,50209
560,840,25738,26236,51974
560,850,26596,27143,53739
560,860,27426,28028,55454
560,870,28205,28872,57077
560,880,29048,29762,58810
560,890,29866,30667,60533
560,900,30677,31603,62280
560,910,31499,32554,64053
560,920,32320,33402,65722
560,930,33162,34278,67440
560,940,34038,35144,69182
560,950,34853,35991,70844
560,960,35692,36863,72555
560,970,36547,37734,74281
560,980,37386,38595,75981
560,990,38151,39419,77570
560,1000,38939,40284,79223
560,1010,39739,41169,80908
560,1020,40528,42005,82533
560,1030,41347,42869,84216
560,1040,42130,43704,85834
560,1050,42931,44567,87498
560,1060,43729,45431,89160
560,1070,44612,46281,90893
560,1080,45435,47203,92638
560,1090,46236,48078,94314
560,1100,47075,48968,96043
560,1110,47940,49824,97764
560,1120,48779,50675,99454
560,1130,49600,51527,101127
560,1140,50441,52317,102758
560,1150,51256,53158,104414
560,1160,52094,54008,106102
560,1170,52928,54895,107823
560,1180,53727,55767,109494
560,1190,54527,56640,111167
560,1200,55336,57553,112889
560,1210,56201,58416,114617
560,1220,57010,59256,116266
560,1230,57827,60120,117947
560,1240,58685,60953,119638
560,1250,59516,61847,121363
560,1260,60346,62703,123049
560,1270,61201,63640,124841
560,1280,62064,64518,126582
560,1290,62959,65411,128370
560,1300,63844,66301,130145
560,1310,64731,67168,131899
560,1320,65562,68031,133593
560,1330,66393,68909,135302
560,1340,67247,69749,136996
560,1350,68110,70608,138718
560,1360,68913,71488,140401
560,1370,69841,72378,142219
560,1380,70699,73271,143970
560,1390,71577,74168,145745
560,1400,72410,75010,147420
560,1410,73313,75877,149190
560,1420,74200,76763,150963
560,1430,75070,77657,152727
560,1440,75965,78574,154539
560,1450,76820,79365,156185
560,1460,77691,80220,157911
560,1470,78549,81069,159618
560,1480,79467,81913,161380
560,1490,80320,82784,163104
560,1500,81140,83685,164825
560,1510,82007,84534,166541
560,1520,82853,85406,168259
560,1530,83683,86300,169983
560,1540,84469,87112,171581
560,1550,85331,87941,173272
560,1560,86223,88902,175125
560,1570,87067,89797,176864
560,1580,87833,90702,178535
560,1590,88691,91640,180331
560,1600,89515,92522,182037
560,1610,90481,93434,183915
560,1620,91308,94304,185612
560,1630,92168,95159,187327
560,1640,93032,96059,189091
560,1650,93900,96985,190885
560,1660,94770,97881,192651
560,1670,95630,98735,194365
560,1680,96494,99616,196110
560,1690,97349,100486,197835
560,1700,98164,101397,199561
560,1710,99009,102346,201355
560,1720,99852,103236,203088
560,1730,100689,104092,204781
560,1740,101502,104993,206495
560,1750,102364,105863,208227
560,1760,103221,106728,209949
560,1770,104098,107597,211695
560,1780,104963,108461,213424
560,1790,105813,109384,215197
560,1800,106696,110271,216967
560,1810,107552,111132,218684
560,1820,108424,111998,220422
560,1830,109292,112846,222138
560,1840,110114,113698,223812
560,1850,110982,114591,225573
560,1860,111819,115459,227278
560,1870,112668,116319,228987
560,1880,113495,117244,230739
560,1890,114385,118136,232521
560,1900,115196,119052,234248
560,1910,116054,119907,235961
560,1920,116882,120786,237668
560,1930,117773,121668,239441
560,1940,118615,122567,241182
560,1950,119435,123403,242838
560,1960,120223,124278,244501
560,1970,121079,125193,246272
560,1980,121877,126090,247967
560,1990,122695,127048,249743
570,570,102,120,222
570,580,1121,1079,2200
570,590,2085,2021,4106
570,600,3103,2967,6070
570,610,4119,3912,8031
570,620,5115,4907,10022
570,630,6149,5899,12048
570,640,7164,6907,14071
570,650,8099,7807,15906
570,660,8987,8722,17709
570,670,9920,9681,19601
570,680,10809,10609,21418
570,690,11767,11528,23295
570,700,12622,12476,25098
570,710,13465,13466,26931
570,720,14374,14408,28782
570,730,15285,15346,30631
570,740,16151,16233,32384
570,750,16959,17166,34125
570,760,17837,18155,35992
570,770,18715,19100,37815
570,780,19541,20048,39589
570,790,20407,20909,41316
570,800,21291,21769,43060
570,810,22183,22615,44798
570,820,23048,23529,46577
570,830,23908,24378,48286
570,840,24794,25257,50051
570,850,25652,26164,51816
570,860,26482,27049,53531
570,870,27261,27893,55154
570,880,28104,28783,56887
570,890,28922,29688,58610
570,900,29733,30624,60357
570,910,30555,31575,62130
570,920,31376,32423,63799
570,930,32218,33299,65517
570,940,33094,34165,67259
570,950,33909,35012,68921
570,960,34748,35884,70632
570,970,35603,36755,72358
570,980,36442,37616,74058
570,990,37207,38440,75647
570,1000,37995,39305,77300
570,1010,38795,40190,78985
570,1020,39584,41026,80610
570,1030,40403,41890,82293
570,1040,41186,42725,83911
570,1050,41987,43588,85575
570,1060,42785,44452,87237
570,1070,43668,45302,88970
570,1080,44491,46224,90715
570,1090,45292,47099,92391
570,1100,46131,47989,94120
570,1110,46996,48845,95841
570,1120,47835,49696,97531
570,1130,48656,50548,99204
570,1140,49497,51338,100835
570,1150,50312,52179,102491
570,1160,51150,53029,104179
570,1170,51984,53916,105900
570,1180,52783,54788,107571
570,1190,53583,55661,109244
570,1200,54392,56574,110966
570,1210,55257,57437,112694
570,1220,56066,58277,114343
570,1230,56883,59141,116024
570,1240,57741,59974,117715
570,1250,58572,60868,119440
570,1260,59402,61724,121126
570,1270,60257,62661,122918
570,1280,61120,63539,124659
570,1290,62015,64432,126447
570,1300,62900,65322,128222
570,1310,63787,66189,129976
570,1320,64618,67052,131670
570,1330,65449,67930,133379
570,1340,66303,68770,135073
570,1350,67166,69629,136795
570,1360,67969,70509,138478
570,1370,68897,71399,140296
570,1380,69755,72292,142047
570,1390,70633,73189,143822
570,1400,71466,74031,145497
570,1410,72369,74898,147267
570,1420,73256,75784,149040
570,1430,74126,76678,150804
570,1440,75021,77595,152616
570,1450,75876,78386,154262
570,1460,76747,79241,155988
570,1470,77605,80090,157695
570,1480,78523,80934,159457
570,1490,79376,81805,161181
570,1500,80196,82706,162902
570,1510,81063,83555,164618
570,1520,81909,84427,166336
570,1530,82739,85321,168060
570,1540,83525,86133,169658
570,1550,84387,86962,171349
570,1560,85279,87923,173202
570,1570,86123,88818,174941
570,1580,86889,89723,176612
570,1590,87747,90661,178408
570,1600,88571,91543,180114
570,1610,89537,92455,181992
570,1620,90364,93325,183689
570,1630,91224,94180,185404
570,1640,92088,95080,187168
570,1650,92956,96006,188962
570,1660,93826,96902,190728
570,1670,94686,97756,192442
570,1680,95550,98637,194187
570,1690,96405,99507,195912
570,1700,97220,100418,197638
570,1710,98065,101367,199432
570,1720,98908,102257,201165
570,1730,99745,103113,202858
570,1740,100558,104014,204572
570,1750,101420,104884,206304
570,1760,102277,105749,208026
570,1770,103154,106618,209772
570,1780,104019,107482,211501
570,1790,104869,108405,213274
570,1800,105752,109292,215044
570,1810,106608,110153,216761
570,1820,107480,111019,218499
570,1830,108348,111867,220215
570,1840,109170,112719,221889
570,1850,110038,113612,223650
570,1860,110875,114480,225355
570,1870,111724,115340,227064
570,1880,112551,116265,228816
570,1890,113441,117157,230598
570,1900,114252,118073,232325
570,1910,115110,118928,234038
570,1920,115938,119807,235745
570,1930,116829,120689,237518
570,1940,117671,121588,239259
570,1950,118491,122424,240915
570,1960,119279,123299,242578
570,1970,120135,124214,244349
570,1980,120933,125111,246044
570,1990,121751,126069,247820
580,580,101,102,203
580,590,1065,1044,2109
580,600,2083,1990,4073
580,610,3099,2935,6034
580,620,4095,3930,8025
580,630,5129,4922,10051
580,640,6144,5930,12074
580,650,7079,6830,13909
580,660,7967,7745,15712
580,670,8900,8704,17604
580,680,9789,9632,19421
580,690,10747,10551,21298
580,700,11602,11499,23101
580,710,12445,12489,24934
580,720,13354,13431,26785
580,730,14265,14369,28634
580,740,15131,15256,30387
580,750,15939,16189,32128
580,760,16817,17178,33995
580,770,17695,18123,35818
580,780,18521,19071,37592
580,790,19387,19932,39319
580,800,20271,20792,41063
580,810,21163,21638,42801
580,820,22028,22552,44580
580,830,22888,23401,46289
580,840,23774,24280,48054
580,850,24632,25187,49819
580,860,25462,26072,51534
580,870,26241,26916,53157
580,880,27084,27806,54890
580,890,27902,28711,56613
580,900,28713,29647,58360
580,910,29535,30598,60133
580,920,30356,31446,61802
580,930,31198,32322,63520
580,940,32074,33188,65262
580,950,32889,34035,66924
580,960,33728,34907,68635
580,970,34583,35778,70361
580,980,35422,36639,72061
580,990,36187,37463,73650
580,1000,36975,38328,75303
580,1010,37775,39213,76988
580,1020,38564,40049,78613
580,1030,39383,40913,80296
580,1040,40166,41748,81914
580,1050,40967,42611,83578
580,1060,41765,43475,85240
580,1070,42648,44325,86973
580,1080,43471,45247,88718
580,1090,44272,46122,90394
580,1100,45111,47012,92123
580,1110,45976,47868,93844
580,1120,46815,48719,95534
580,1130,47636,49571,97207
580,1140,48477,50361,98838
580,1150,49292,51202,100494
580,1160,50130,52052,102182
580,1170,50964,52939,103903
580,1180,51763,53811,105574
580,1190,52563,54684,107247
580,1200,53372,55597,108969
580,1210,54237,56460,110697
580,1220,55046,57300,112346
580,1230,55863,58164,114027
580,1240,56721,58997,115718
580,1250,57552,59891,117443
580,1260,58382,60747,119129
580,1270,59237,61684,120921
580,1280,60100,62562,122662
580,1290,60995,63455,124450
580,1300,61880,64345,126225
580,1310,62767,65212,127979
580,1320,63598,66075,129673
580,1330,64429,66953,131382
580,1340,65283,67793,133076
580,1350,66146,68652,134798
580,1360,66949,69532,136481
580,1370,67877,70422,138299
580,1380,68735,71315,140050
580,1390,69613,72212,141825
580,1400,70446,73054,143500
580,1410,71349,73921,145270
580,1420,72236,74807,147043
580,1430,73106,75701,148807
580,1440,74001,76618,150619
580,1450,74856,77409,152265
580,1460,75727,78264,153991
580,1470,76585,79113,155698
580,1480,77503,79957,157460
580,1490,78356,80828,159184
580,1500,79176,81729,160905
580,1510,80043,82578,162621
580,1520,80889,83450,164339
580,1530,81719,84344,166063
580,1540,82505,85156,167661
580,1550,83367,85985,169352
580,1560,84259,86946,171205
580,1570,85103,87841,172944
580,1580,85869,88746,174615
580,1590,86727,89684,176411
580,1600,87551,90566,178117
580,1610,88517,91478,179995
580,1620,89344,92348,181692
580,1630,90204,93203,183407
580,1640,91068,94103,185171
580,1650,91936,95029,186965
580,1660,92806,95925,188731
580,1670,93666,96779,190445
580,1680,94530,97660,192190
580,1690,95385,98530,193915
580,1700,96200,99441,195641
580,1710,97045,100390,197435
580,1720,97888,101280,199168
580,1730,98725,102136,200861
580,1740,99538,103037,202575
580,1750,100400,103907,204307
580,1760,101257,104772,206029
580,1770,102134,105641,207775
580,1780,102999,106505,209504
580,1790,103849,107428,211277
580,1800,104732,108315,213047
580,1810,105588,109176,214764
580,1820,106460,110042,216502
580,1830,107328,110890,218218
580,1840,108150,111742,219892
580,1850,109018,112635,221653
580,1860,109855,113503,223358
580,1870,110704,114363,225067
580,1880,111531,115288,226819
580,1890,112421,116180,228601
580,1900,113232,117096,230328
580,1910,114090,117951,232041
580,1920,114918,118830,233748
580,1930,115809,119712,235521
580,1940,116651,120611,237262
580,1950,117471,121447,238918
580,1960,118259,122322,240581
580,1970,119115,123237,242352
580,1980,119913,124134,244047
580,1990,120731,125092,245823
590,590,111,106,217
590,600,1129,1052,2181
590,610,2145,1997,4142
590,620,3141,2992,6133
590,630,4175,3984,8159
590,640,5190,4992,10182
590,650,6125,5892,12017
590,660,7013,6807,13820
590,670,7946,7766,15712
590,680,8835,8694,17529
590,690,9793,9613,19406
590,700,10648,10561,21209
590,710,11491,11551,23042
590,720,12400,12493,24893
590,730,13311,13431,26742
590,740,14177,14318,28495
590,750,14985,15251,30236
590,760,15863,16240,32103
590,770,16741,17185,33926
590,780,17567,18133,35700
590,790,18433,18994,37427
590,800,19317,19854,39171
590,810,20209,20700,40909
590,820,21074,21614,42688
590,830,21934,22463,44397
590,840,22820,23342,46162
590,850,23678,24249,47927
590,860,24508,25134,49642
590,870,25287,25978,51265
590,880,26130,26868,52998
590,890,26948,27773,54721
590,900,27759,28709,56468
590,910,28581,29660,58241
590,920,29402,30508,59910
590,930,30244,31384,61628
590,940,31120,32250,63370
590,950,31935,33097,65032
590,960,32774,33969,66743
590,970,33629,34840,68469
590,980,34468,35701,70169
590,990,35233,36525,71758
590,1000,36021,37390,73411
590,1010,36821,38275,75096
590,1020,37610,39111,76721
590,1030,38429,39975,78404
590,1040,39212,40810,80022
590,1050,40013,41673,81686
590,1060,40811,42537,83348
590,1070,41694,43387,85081
590,1080,42517,44309,86826
590,1090,43318,45184,88502
590,1100,44157,46074,90231
590,1110,45022,46930,91952
590,1120,45861,47781,93642
590,1130,46682,48633,95315
590,1140,47523,49423,96946
590,1150,48338,50264,98602
590,1160,49176,51114,100290
590,1170,50010,52001,102011
590,1180,50809,52873,103682
590,1190,51609,53746,105355
590,1200,52418,54659,107077
590,1210,53283,55522,108805
590,1220,54092,56362,110454
590,1230,54909,57226,112135
590,1240,55767,58059,113826
590,1250,56598,58953,115551
590,1260,57428,59809,117237
590,1270,58283,60746,119029
590,1280,59146,61624,120770
590,1290,60041,62517,122558
590,1300,60926,63407,124333
590,1310,61813,64274,126087
590,1320,62644,65137,127781
590,1330,63475,66015,129490
590,1340,64329,66855,131184
590,1350,65192,67714,132906
590,1360,65995,68594,134589
590,1370,66923,69484,136407
590,1380,67781,70377,138158
590,1390,68659,71274,139933
590,1400,69492,72116,141608
590,1410,70395,72983,143378
590,1420,71282,73869,145151
590,1430,72152,74763,146915
590,1440,73047,75680,148727
590,1450,73902,76471,150373
590,1460,74773,77326,152099
590,1470,75631,78175,153806
590,1480,76549,79019,155568
590,1490,77402,79890,157292
590,1500,78222,80791,159013
590,1510,79089,81640,160729
590,1520,79935,82512,162447
590,1530,80765,83406,164171
590,1540,81551,84218,165769
590,1550,82413,85047,167460
590,1560,83305,86008,169313
590,1570,84149,86903,171052
590,1580,84915,87808,172723
590,1590,85773,88746,174519
590,1600,86597,89628,176225
590,1610,87563,90540,178103
590,1620,88390,91410,179800
590,1630,89250,92265,181515
590,1640,90114,93165,183279
590,1650,90982,94091,185073
590,1660,91852,94987,186839
590,1670,92712,95841,188553
590,1680,93576,96722,190298
590,1690,94431,97592,192023
590,1700,95246,98503,193749
590,1710,96091,99452,195543
590,1720,96934,100342,197276
590,1730,97771,101198,198969
590,1740,98584,102099,200683
590,1750,99446,102969,202415
590,1760,100303,103834,204137
590,1770,101180,104703,205883
590,1780,102045,105567,207612
590,1790,102895,106490,209385
590,1800,103778,107377,211155
590,1810,104634,108238,212872
590,1820,105506,109104,214610
590,1830,106374,109952,216326
590,1840,107196,110804,218000
590,1850,108064,111697,219761
590,1860,108901,112565,221466
590,1870,109750,113425,223175
590,1880,110577,114350,224927
590,1890,111467,115242,226709
590,1900,112278,116158,228436
590,1910,113136,117013,230149
590,1920,113964,117892,231856
590,1930,114855,118774,233629
590,1940,115697,119673,235370
590,1950,116517,120509,237026
590,1960,117305,121384,238689
590,1970,118161,122299,240460
590,1980,118959,123196,242155
590,1990,119777,124154,243931
600,600,94,113,207
600,610,1110,1058,2168
600,620,2106,2053,4159
600,630,3140,3045,6185
600,640,4155,4053,8208
600,650,5090,4953,10043
600,660,5978,5868,11846
600,670,6911,6827,13738
600,680,7800,7755,15555
600,690,8758,8674,17432
600,700,9613,9622,19235
600,710,10456,10612,21068
600,720,11365,11554,22919
600,730,12276,12492,24768
600,740,13142,13379,26521
600,750,13950,14312,28262
600,760,14828,15301,30129
600,770,15706,16246,31952
600,780,16532,17194,33726
600,790,17398,18055,35453
600,800,18282,18915,37197
600,810,19174,19761,38935
600,820,20039,20675,40714
600,830,20899,21524,42423
600,840,21785,22403,44188
600,850,22643,23310,45953
600,860,23473,24195,47668
600,870,24252,25039,49291
600,880,25095,25929,51024
600,890,25913,26834,52747
600,900,26724,27770,54494
600,910,27546,28721,56267
600,920,28367,29569,57936
600,930,29209,30445,59654
600,940,30085,31311,61396
600,950,30900,32158,63058
600,960,31739,33030,64769
600,970,32594,33901,66495
600,980,33433,34762,68195
600,990,34198,35586,69784
600,1000,34986,36451,71437
600,1010,35786,37336,73122
600,1020,36575,38172,74747
600,1030,37394,39036,76430
600,1040,38177,39871,78048
600,1050,38978,40734,79712
600,1060,39776,41598,81374
600,1070,40659,42448,83107
600,1080,41482,43370,84852
600,1090,42283,44245,86528
600,1100,43122,45135,88257
600,1110,43987,45991,89978
600,1120,44826,46842,91668
600,1130,45647,47694,93341
600,1140,46488,48484,94972
600,1150,47303,49325,96628
600,1160,48141,50175,98316
600,1170,48975,51062,100037
600,1180,49774,51934,101708
600,1190,50574,52807,103381
600,1200,51383,53720,105103
600,1210,52248,54583,106831
600,1220,53057,55423,108480
600,1230,53874,56287,110161
600,1240,54732,57120,111852
600,1250,55563,58014,113577
600,1260,56393,58870,115263
600,1270,57248,59807,117055
600,1280,58111,60685,118796
600,1290,59006,61578,120584
600,1300,59891,62468,122359
600,1310,60778,63335,124113
600,1320,61609,64198,125807
600,1330,62440,65076,127516
600,1340,63294,65916,129210
600,1350,64157,66775,130932
600,1360,64960,67655,132615
600,1370,65888,68545,134433
600,1380,66746,69438,136184
600,1390,67624,70335,137959
600,1400,68457,71177,139634
600,1410,69360,72044,141404
600,1420,70247,72930,143177
600,1430,71117,73824,144941
600,1440,72012,74741,146753
600,1450,72867,75532,148399
600,1460,73738,76387,150125
600,1470,74596,77236,151832
600,1480,75514,78080,153594
600,1490,76367,78951,155318
600,1500,77187,79852,157039
600,1510,78054,80701,158755
600,1520,78900,81573,160473
600,1530,79730,82467,162197
600,1540,80516,83279,163795
600,1550,81378,84108,165486
600,1560,82270,85069,167339
600,1570,83114,85964,169078
600,1580,83880,86869,170749
600,1590,84738,87807,172545
600,1600,85562,88689,174251
600,1610,86528,89601,176129
600,1620,87355,90471,177826
600,1630,88215,91326,179541
600,1640,89079,92226,181305
600,1650,89947,93152,183099
600,1660,90817,94048,184865
600,1670,91677,94902,186579
600,1680,92541,95783,188324
600,1690,93396,96653,190049
600,1700,94211,97564,191775
600,1710,95056,98513,193569
600,1720,95899,99403,195302
600,1730,96736,100259,196995
600,1740,97549,101160,198709
600,1750,98411,102030,200441
600,1760,99268,102895,202163
600,1770,100145,103764,203909
600,1780,101010,104628,205638
600,1790,101860,105551,207411
600,1800,102743,106438,209181
600,1810,103599,107299,210898
600,1820,104471,108165,212636
600,1830,105339,109013,214352
600,1840,106161,109865,216026
600,1850,107029,110758,217787
600,1860,107866,111626,219492
600,1870,108715,112486,221201
600,1880,109542,113411,222953
600,1890,110432,114303,224735
600,1900,111243,115219,226462
600,1910,112101,116074,228175
600,1920,112929,116953,229882
600,1930,113820,117835,231655
600,1940,114662,118734,233396
600,1950,115482,119570,235052
600,1960,116270,120445,236715
600,1970,117126,121360,238486
600,1980,117924,122257,240181
600,1990,118742,123215,241957
610,610,111,88,199
610,620,1107,1083,2190
610,630,2141,2075,4216
610,640,3156,3083,6239
610,650,4091,3983,8074
610,660,4979,4898,9877
610,670,5912,5857,11769
610,680,6801,6785,13586
610,690,7759,7704,15463
610,700,8614,8652,17266
610,710,9457,9642,19099
610,720,10366,10584,20950
610,730,11277,11522,22799
610,740,12143,12409,24552
610,750,12951,13342,26293
610,760,13829,14331,28160
610,770,14707,15276,29983
610,780,15533,16224,31757
610,790,16399,17085,33484
610,800,17283,17945,35228
610,810,18175,18791,36966
610,820,19040,19705,38745
610,830,19900,20554,40454
610,840,20786,21433,42219
610,850,21644,22340,43984
610,860,22474,23225,45699
610,870,23253,24069,47322
610,880,24096,24959,49055
610,890,24914,25864,50778
610,900,25725,26800,52525
610,910,26547,27751,54298
610,920,27368,28599,55967
610,930,28210,29475,57685
610,940,29086,30341,59427
610,950,29901,31188,61089
610,960,30740,32060,62800
610,970,31595,32931,64526
610,980,32434,33792,66226
610,990,33199,34616,67815
610,1000,33987,35481,69468
610,1010,34787,36366,71153
610,1020,35576,37202,72778
610,1030,36395,38066,74461
610,1040,37178,38901,76079
610,1050,37979,39764,77743
610,1060,38777,40628,79405
610,1070,39660,41478,81138
610,1080,40483,42400,82883
610,1090,41284,43275,84559
610,1100,42123,44165,86288
610,1110,42988,45021,88009
610,1120,43827,45872,89699
610,1130,44648,46724,91372
610,1140,45489,47514,93003
610,1150,46304,48355,94659
610,1160,47142,49205,96347
610,1170,47976,50092,98068
610,1180,48775,50964,99739
610,1190,49575,51837,101412
610,1200,50384,52750,103134
610,1210,51249,53613,104862
610,1220,52058,54453,106511
610,1230,52875,55317,108192
610,1240,53733,56150,109883
610,1250,54564,57044,111608
610,1260,55394,57900,113294
610,1270,56249,58837,115086
610,1280,57112,59715,116827
610,1290,58007,60608,118615
610,1300,58892,61498,120390
610,1310,59779,62365,122144
610,1320,60610,63228,123838
610,1330,61441,64106,125547
610,1340,62295,64946,127241
610,1350,63158,65805,128963
610,1360,63961,66685,130646
610,1370,64889,67575,132464
610,1380,65747,68468,134215
610,1390,66625,69365,135990
610,1400,67458,70207,137665
610,1410,68361,71074,139435
610,1420,69248,71960,141208
610,1430,70118,72854,142972
610,1440,71013,73771,144784
610,1450,71868,74562,146430
610,1460,72739,75417,148156
610,1470,73597,76266,149863
610,1480,74515,77110,151625
610,1490,75368,77981,153349
610,1500,76188,78882,155070
610,1510,77055,79731,156786
610,1520,77901,80603,158504
610,1530,78731,81497,160228
610,1540,79517,82309,161826
610,1550,80379,83138,163517
610,1560,81271,84099,165370
610,1570,82115,84994,167109
610,1580,82881,85899,168780
610,1590,83739,86837,170576
610,1600,84563,87719,172282
610,1610,85529,88631,174160
610,1620,86356,89501,175857
610,1630,87216,90356,177572
610,1640,88080,91256,179336
610,1650,88948,92182,181130
610,1660,89818,93078,182896
610,1670,90678,93932,184610
610,1680,91542,94813,186355
610,1690,92397,95683,188080
610,1700,93212,96594,189806
610,1710,94057,97543,191600
610,1720,94900,98433,193333
610,1730,95737,99289,195026
610,1740,96550,100190,196740
610,1750,97412,101060,198472
610,1760,98269,101925,200194
610,1770,99146,102794,201940
610,1780,100011,103658,203669
610,1790,100861,104581,205442
610,1800,101744,105468,207212
610,1810,102600,106329,208929
610,1820,103472,107195,210667
610,1830,104340,108043,212383
610,1840,105162,108895,214057
610,1850,106030,109788,215818
610,1860,106867,110656,217523
610,1870,107716,111516,219232
610,1880,108543,112441,220984
610,1890,109433,113333,222766
610,1900,110244,114249,224493
610,1910,111102,115104,226206
610,1920,111930,115983,227913
610,1930,112821,116865,229686
610,1940,113663,117764,231427
610,1950,114483,118600,233083
610,1960,115271,119475,234746
610,1970,116127,120390,236517
610,1980,116925,121287,238212
610,1990,117743,122245,239988
620,620,102,110,212
620,630,1136,1102,2238
620,640,2151,2110,4261
620,650,3086,3010,6096
620,660,3974,3925,7899
620,670,4907,4884,9791
620,680,5796,5812,11608
620,690,6754,6731,13485
620,700,7609,7679,15288
620,710,8452,8669,17121
620,720,9361,9611,18972
620,730,10272,10549,20821
620,740,11138,11436,22574
620,750,11946,12369,24315
620,760,12824,13358,26182
620,770,13702,14303,28005
620,780,14528,15251,29779
620,790,15394,16112,31506
620,800,16278,16972,33250
620,810,17170,17818,34988
620,820,18035,18732,36767
620,830,18895,19581,38476
620,840,19781,20460,40241
620,850,20639,21367,42006
620,860,21469,22252,43721
620,870,22248,23096,45344
620,880,23091,23986,47077
620,890,23909,24891,48800
620,900,24720,25827,50547
620,910,25542,26778,52320
620,920,26363,27626,53989
620,930,27205,28502,55707
620,940,28081,29368,57449
620,950,28896,30215,59111
620,960,29735,31087,60822
620,970,30590,31958,62548
620,980,31429,32819,64248
620,990,32194,33643,65837
620,1000,32982,34508,67490
620,1010,33782,35393,69175
620,1020,34571,36229,70800
620,1030,35390,37093,72483
620,1040,36173,37928,74101
620,1050,36974,38791,75765
620,1060,37772,39655,77427
620,1070,38655,40505,79160
620,1080,39478,41427,80905
620,1090,40279,42302,82581
620,1100,41118,43192,84310
620,1110,41983,44048,86031
620,1120,42822,44899,87721
620,1130,43643,45751,89394
620,1140,44484,46541,91025
620,1150,45299,47382,92681
620,1160,46137,48232,94369
620,1170,46971,49119,96090
620,1180,47770,49991,97761
620,1190,48570,50864,99434
620,1200,49379,51777,101156
620,1210,50244,52640,102884
620,1220,51053,53480,104533
620,1230,51870,54344,106214
620,1240,52728,55177,107905
620,1250,53559,56071,109630
620,1260,54389,56927,111316
620,1270,55244,57864,113108
620,1280,56107,58742,114849
620,1290,57002,59635,116637
620,1300,57887,60525,118412
620,1310,58774,61392,120166
620,1320,59605,62255,121860
620,1330,60436,63133,123569
620,1340,61290,63973,125263
620,1350,62153,64832,126985
620,1360,62956,65712,128668
620,1370,63884,66602,130486
620,1380,64742,67495,132237
620,1390,65620,68392,134012
620,1400,66453,69234,135687
620,1410,67356,70101,137457
620,1420,68243,70987,139230
620,1430,69113,71881,140994
620,1440,70008,72798,142806
620,1450,70863,73589,144452
620,1460,71734,74444,146178
620,1470,72592,75293,147885
620,1480,73510,76137,149647
620,1490,74363,77008,151371
620,1500,75183,77909,153092
620,1510,76050,78758,154808
620,1520,76896,79630,156526
620,1530,77726,80524,158250
620,1540,78512,81336,159848
620,1550,79374,82165,161539
620,1560,80266,83126,163392
620,1570,81110,84021,165131
620,1580,81876,84926,166802
620,1590,82734,85864,168598
620,1600,83558,86746,170304
620,1610,84524,87658,172182
620,1620,85351,88528,173879
620,1630,86211,89383,175594
620,1640,87075,90283,177358
620,1650,87943,91209,179152
620,1660,88813,92105,180918
620,1670,89673,92959,182632
620,1680,90537,93840,184377
620,1690,91392,94710,186102
620,1700,92207,95621,187828
620,1710,93052,96570,189622
620,1720,93895,97460,191355
620,1730,94732,98316,193048
620,1740,95545,99217,194762
620,1750,96407,100087,196494
620,1760,97264,100952,198216
620,1770,98141,101821,199962
620,1780,99006,102685,201691
620,1790,99856,103608,203464
620,1800,100739,104495,205234
620,1810,101595,105356,206951
620,1820,102467,106222,208689
620,1830,103335,107070,210405
620,1840,104157,107922,212079
620,1850,105025,108815,213840
620,1860,105862,109683,215545
620,1870,106711,110543,217254
620,1880,107538,111468,219006
620,1890,108428,112360,220788
620,1900,109239,113276,222515
620,1910,110097,114131,224228
620,1920,110925,115010,225935
620,1930,111816,115892,227708
620,1940,112658,116791,229449
620,1950,113478,117627,231105
620,1960,114266,118502,232768
620,1970,115122,119417,234539
620,1980,115920,120314,236234
620,1990,116738,121272,238010
630,630,103,97,200
630,640,1118,1105,2223
630,650,2053,2005,4058
630,660,2941,2920,5861
630,670,3874,3879,7753
630,680,4763,4807,9570
630,690,5721,5726,11447
630,700,6576,6674,13250
630,710,7419,7664,15083
630,720,8328,8606,16934
630,730,9239,9544,18783
630,740,10105,10431,20536
630,750,10913,11364,22277
630,760,11791,12353,24144
630,770,12669,13298,25967
630,780,13495,14246,27741
630,790,14361,15107,29468
630,800,15245,15967,31212
630,810,16137,16813,32950
630,820,17002,17727,34729
630,830,17862,18576,36438
630,840,18748,19455,38203
630,850,19606,20362,39968
630,860,20436,21247,41683
630,870,21215,22091,43306
630,880,22058,22981,45039
630,890,22876,23886,46762
630,900,23687,24822,48509
630,910,24509,25773,50282
630,920,25330,26621,51951
630,930,26172,27497,53669
630,940,27048,28363,55411
630,950,27863,29210,57073
630,960,28702,30082,58784
630,970,29557,30953,60510
630,980,30396,31814,62210
630,990,31161,32638,63799
630,1000,31949,33503,65452
630,1010,32749,34388,67137
630,1020,33538,35224,68762
630,1030,34357,36088,70445
630,1040,35140,36923,72063
630,1050,35941,37786,73727
630,1060,36739,38650,75389
630,1070,37622,39500,77122
630,1080,38445,40422,78867
630,1090,39246,41297,80543
630,1100,40085,42187,82272
630,1110,40950,43043,83993
630,1120,41789,43894,85683
630,1130,42610,44746,87356
630,1140,43451,45536,88987
630,1150,44266,46377,90643
630,1160,45104,47227,92331
630,1170,45938,48114,94052
630,1180,46737,48986,95723
630,1190,47537,49859,97396
630,1200,48346,50772,99118
630,1210,49211,51635,100846
630,1220,50020,52475,102495
630,1230,50837,53339,104176
630,1240,51695,54172,105867
630,1250,52526,55066,107592
630,1260,53356,55922,109278
630,1270,54211,56859,111070
630,1280,55074,57737,112811
630,1290,55969,58630,114599
630,1300,56854,59520,116374
630,1310,57741,60387,118128
630,1320,58572,61250,119822
630,1330,59403,62128,121531
630,1340,60257,62968,123225
630,1350,61120,63827,124947
630,1360,61923,64707,126630
630,1370,62851,65597,128448
630,1380,63709,66490,130199
630,1390,64587,67387,131974
630,1400,65420,68229,133649
630,1410,66323,69096,135419
630,1420,67210,69982,137192
630,1430,68080,70876,138956
630,1440,68975,71793,140768
630,1450,69830,72584,142414
630,1460,70701,73439,144140
630,1470,71559,74288,145847
630,1480,72477,75132,147609
630,1490,73330,76003,149333
630,1500,74150,76904,151054
630,1510,75017,77753,152770
630,1520,75863,78625,154488
630,1530,76693,79519,156212
630,1540,77479,80331,157810
630,1550,78341,81160,159501
630,1560,79233,82121,161354
630,1570,80077,83016,163093
630,1580,80843,83921,164764
630,1590,81701,84859,166560
630,1600,82525,85741,168266
630,1610,83491,86653,170144
630,1620,84318,87523,171841
630,1630,85178,88378,173556
630,1640,86042,89278,175320
630,1650,86910,90204,177114
630,1660,87780,91100,178880
630,1670,88640,91954,180594
630,1680,89504,92835,182339
630,1690,90359,93705,184064
630,1700,91174,94616,185790
630,1710,92019,95565,187584
630,1720,92862,96455,189317
630,1730,93699,97311,191010
630,1740,94512,98212,192724
630,1750,95374,99082,194456
630,1760,96231,99947,196178
630,1770,97108,100816,197924
630,1780,97973,101680,199653
630,1790,98823,102603,201426
630,1800,99706,103490,203196
630,1810,100562,104351,204913
630,1820,101434,105217,206651
630,1830,102302,106065,208367
630,1840,103124,106917,210041
630,1850,103992,107810,211802
630,1860,104829,108678,213507
630,1870,105678,109538,215216
630,1880,106505,110463,216968
630,1890,107395,111355,218750
630,1900,108206,112271,220477
630,1910,109064,113126,222190
630,1920,109892,114005,223897
630,1930,110783,114887,225670
630,1940,111625,115786,227411
630,1950,112445,116622,229067
630,1960,113233,117497,230730
630,1970,114089,118412,232501
630,1980,114887,119309,234196
630,1990,115705,120267,235972
640,640,94,85,179
640,650,1029,985,2014
640,660,1917,1900,3817
640,670,2850,2859,5709
640,680,3739,3787,7526
640,690,4697,4706,9403
640,700,5552,5654,11206
640,710,6395,6644,13039
640,720,7304,7586,14890
640,730,8215,8524,16739
640,740,9081,9411,18492
640,750,9889,10344,20233
640,760,10767,11333,22100
640,770,11645,12278,23923
640,780,12471,13226,25697
640,790,13337,14087,27424
640,800,14221,14947,29168
640,810,15113,15793,30906
640,820,15978,16707,32685
640,830,16838,17556,34394
640,840,17724,18435,36159
640,850,18582,19342,37924
640,860,19412,20227,39639
640,870,20191,21071,41262
640,880,21034,21961,42995
640,890,21852,22866,44718
640,900,22663,23802,46465
640,910,23485,24753,48238
640,920,24306,25601,49907
640,930,25148,26477,51625
640,940,26024,27343,53367
640,950,26839,28190,55029
640,960,27678,29062,56740
640,970,28533,29933,58466
640,980,29372,30794,60166
640,990,30137,31618,61755
640,1000,30925,32483,63408
640,1010,31725,33368,65093
640,1020,32514,34204,66718
640,1030,33333,35068,68401
640,1040,34116,35903,70019
640,1050,34917,36766,71683
640,1060,35715,37630,73345
640,1070,36598,38480,75078
640,1080,37421,39402,76823
640,1090,38222,40277,78499
640,1100,39061,41167,80228
640,1110,39926,42023,81949
640,1120,40765,42874,83639
640,1130,41586,43726,85312
640,1140,42427,44516,86943
640,1150,43242,45357,88599
640,1160,44080,46207,90287
640,1170,44914,47094,92008
640,1180,45713,47966,93679
640,1190,46513,48839,95352
640,1200,47322,49752,97074
640,1210,48187,50615,98802
640,1220,48996,51455,100451
640,1230,49813,52319,102132
640,1240,50671,53152,103823
640,1250,51502,54046,105548
640,1260,52332,54902,107234
640,1270,53187,55839,109026
640,1280,54050,56717,110767
640,1290,54945,57610,112555
640,1300,55830,58500,114330
640,1310,56717,59367,116084
640,1320,57548,60230,117778
640,1330,58379,61108,119487
640,1340,59233,61948,121181
640,1350,60096,62807,122903
640,1360,60899,63687,124586
640,1370,61827,64577,126404
640,1380,62685,65470,128155
640,1390,63563,66367,129930
640,1400,64396,67209,131605
640,1410,65299,68076,133375
640,1420,66186,68962,135148
640,1430,67056,69856,136912
640,1440,67951,70773,138724
640,1450,68806,71564,140370
640,1460,69677,72419,142096
640,1470,70535,73268,143803
640,1480,71453,74112,145565
640,1490,72306,74983,147289
640,1500,73126,75884,149010
640,1510,73993,76733,150726
640,1520,74839,77605,152444
640,1530,75669,78499,154168
640,1540,76455,79311,155766
640,1550,77317,80140,157457
640,1560,78209,81101,159310
640,1570,79053,81996,161049
640,1580,79819,82901,162720
640,1590,80677,83839,164516
640,1600,81501,84721,166222
640,1610,82467,85633,168100
640,1620,83294,86503,169797
640,1630,84154,87358,171512
640,1640,85018,88258,173276
640,1650,85886,89184,175070
640,1660,86756,90080,176836
640,1670,87616,90934,178550
640,1680,88480,91815,180295
640,1690,89335,92685,182020
640,1700,90150,93596,183746
640,1710,90995,94545,185540
640,1720,91838,95435,187273
640,1730,92675,96291,188966
640,1740,93488,97192,190680
640,1750,94350,98062,192412
640,1760,95207,98927,194134
640,1770,96084,99796,195880
640,1780,96949,100660,197609
640,1790,97799,101583,199382
640,1800,98682,102470,201152
640,1810,99538,103331,202869
640,1820,100410,104197,204607
640,1830,101278,105045,206323
640,1840,102100,105897,207997
640,1850,102968,106790,209758
640,1860,103805,107658,211463
640,1870,104654,108518,213172
640,1880,105481,109443,214924
640,1890,106371,110335,216706
640,1900,107182,111251,218433
640,1910,108040,112106,220146
640,1920,108868,112985,221853
640,1930,109759,113867,223626
640,1940,110601,114766,225367
640,1950,111421,115602,227023
640,1960,112209,116477,228686
640,1970,113065,117392,230457
640,1980,113863,118289,232152
640,1990,114681,119247,233928
650,650,86,89,175
650,660,974,1004,1978
650,670,1907,1963,3870
650,680,2796,2891,5687
650,690,3754,3810,7564
650,700,4609,4758,9367
650,710,5452,5748,11200
650,720,6361,6690,13051
650,730,7272,7628,14900
650,740,8138,8515,16653
650,750,8946,9448,18394
650,760,9824,10437,20261
650,770,10702,11382,22084
650,780,11528,12330,23858
650,790,12394,13191,25585
650,800,13278,14051,27329
650,810,14170,14897,29067
650,820,15035,15811,30846
650,830,15895,16660,32555
650,840,16781,17539,34320
650,850,17639,18446,36085
650,860,18469,19331,37800
650,870,19248,20175,39423
650,880,20091,21065,41156
650,890,20909,21970,42879
650,900,21720,22906,44626
650,910,22542,23857,46399
650,920,23363,24705,48068
650,930,24205,25581,49786
650,940,25081,26447,51528
650,950,25896,27294,53190
650,960,26735,28166,54901
650,970,27590,29037,56627
650,980,28429,29898,58327
650,990,29194,30722,59916
650,1000,29982,31587,61569
650,1010,30782,32472,63254
650,1020,31571,33308,64879
650,1030,32390,34172,66562
650,1040,33173,35007,68180
650,1050,33974,35870,69844
650,1060,34772,36734,71506
650,1070,35655,37584,73239
650,1080,36478,38506,74984
650,1090,37279,39381,76660
650,1100,38118,40271,78389
650,1110,38983,41127,80110
650,1120,39822,41978,81800
650,1130,40643,42830,83473
650,1140,41484,43620,85104
650,1150,42299,44461,86760
650,1160,43137,45311,88448
650,1170,43971,46198,90169
650,1180,44770,47070,91840
650,1190,45570,47943,93513
650,1200,46379,48856,95235
650,1210,47244,49719,96963
650,1220,48053,50559,98612
650,1230,48870,51423,100293
650,1240,49728,52256,101984
650,1250,50559,53150,103709
650,1260,51389,54006,105395
650,1270,52244,54943,107187
650,1280,53107,55821,108928
650,1290,54002,56714,110716
650,1300,54887,57604,112491
650,1310,55774,58471,114245
650,1320,56605,59334,115939
650,1330,57436,60212,117648
650,1340,58290,61052,119342
650,1350,59153,61911,121064
650,1360,59956,62791,122747
650,1370,60884,63681,124565
650,1380,61742,64574,126316
650,1390,62620,65471,128091
650,1400,63453,66313,129766
650,1410,64356,67180,131536
650,1420,65243,68066,133309
650,1430,66113,68960,135073
650,1440,67008,69877,136885
650,1450,67863,70668,138531
650,1460,68734,71523,140257
650,1470,69592,72372,141964
650,1480,70510,73216,143726
650,1490,71363,74087,145450
650,1500,72183,74988,147171
650,1510,73050,75837,148887
650,1520,73896,76709,150605
650,1530,74726,77603,152329
650,1540,75512,78415,153927
650,1550,76374,79244,155618
650,1560,77266,80205,157471
650,1570,78110,81100,159210
650,1580,78876,82005,160881
650,1590,79734,82943,162677
650,1600,80558,83825,164383
650,1610,81524,84737,166261
650,1620,82351,85607,167958
650,1630,83211,86462,169673
650,1640,84075,87362,171437
650,1650,84943,88288,173231
650,1660,85813,89184,174997
650,1670,86673,90038,176711
650,1680,87537,90919,178456
650,1690,88392,91789,180181
650,1700,89207,92700,181907
650,1710,90052,93649,183701
650,1720,90895,94539,185434
650,1730,91732,95395,187127
650,1740,92545,96296,188841
650,1750,93407,97166,190573
650,1760,94264,98031,192295
650,1770,95141,98900,194041
650,1780,96006,99764,195770
650,1790,96856,100687,197543
650,1800,97739,101574,199313
650,1810,98595,102435,201030
650,1820,99467,103301,202768
650,1830,100335,104149,204484
650,1840,101157,105001,206158
650,1850,102025,105894,207919
650,1860,102862,106762,209624
650,1870,103711,107622,211333
650,1880,104538,108547,213085
650,1890,105428,109439,214867
650,1900,106239,110355,216594
650,1910,107097,111210,218307
650,1920,107925,112089,220014
650,1930,108816,112971,221787
650,1940,109658,113870,223528
650,1950,110478,114706,225184
650,1960,111266,115581,226847
650,1970,112122,116496,228618
650,1980,112920,117393,230313
650,1990,113738,118351,232089
660,660,86,105,191
660,670,1019,1064,2083
660,680,1908,1992,3900
660,690,2866,2911,5777
660,700,3721,3859,7580
660,710,4564,4849,9413
660,720,5473,5791,11264
660,730,6384,6729,13113
660,740,7250,7616,14866
660,750,8058,8549,16607
660,760,8936,9538,18474
660,770,9814,10483,20297
660,780,10640,11431,22071
660,790,11506,12292,23798
660,800,12390,13152,25542
660,810,13282,13998,27280
660,820,14147,14912,29059
660,830,15007,15761,30768
660,840,15893,16640,32533
660,850,16751,17547,34298
660,860,17581,18432,36013
660,870,18360,19276,37636
660,880,19203,20166,39369
660,890,20021,21071,41092
660,900,20832,22007,42839
660,910,21654,22958,44612
660,920,22475,23806,46281
660,930,23317,24682,47999
660,940,24193,25548,49741
660,950,25008,26395,51403
660,960,25847,27267,53114
660,970,26702,28138,54840
660,980,27541,28999,56540
660,990,28306,29823,58129
660,1000,29094,30688,59782
660,1010,29894,31573,61467
660,1020,30683,32409,63092
660,1030,31502,33273,64775
660,1040,32285,34108,66393
660,1050,33086,34971,68057
660,1060,33884,35835,69719
660,1070,34767,36685,71452
660,1080,35590,37607,73197
660,1090,36391,38482,74873
660,1100,37230,39372,76602
660,1110,38095,40228,78323
660,1120,38934,41079,80013
660,1130,39755,41931,81686
660,1140,40596,42721,83317
660,1150,41411,43562,84973
660,1160,42249,44412,86661
660,1170,43083,45299,88382
660,1180,43882,46171,90053
660,1190,44682,47044,91726
660,1200,45491,47957,93448
660,1210,46356,48820,95176
660,1220,47165,49660,96825
660,1230,47982,50524,98506
660,1240,48840,51357,100197
660,1250,49671,52251,101922
660,1260,50501,53107,103608
660,1270,51356,54044,105400
660,1280,52219,54922,107141
660,1290,53114,55815,108929
660,1300,53999,56705,110704
660,1310,54886,57572,112458
660,1320,55717,58435,114152
660,1330,56548,59313,115861
660,1340,57402,60153,117555
660,1350,58265,61012,119277
660,1360,59068,61892,120960
660,1370,59996,62782,122778
660,1380,60854,63675,124529
660,1390,61732,64572,126304
660,1400,62565,65414,127979
660,1410,63468,66281,129749
660,1420,64355,67167,131522
660,1430,65225,68061,133286
660,1440,66120,68978,135098
660,1450,66975,69769,136744
660,1460,67846,70624,138470
660,1470,68704,71473,140177
660,1480,69622,72317,141939
660,1490,70475,73188,143663
660,1500,71295,74089,145384
660,1510,72162,74938,147100
660,1520,73008,75810,148818
660,1530,73838,76704,150542
660,1540,74624,77516,152140
660,1550,75486,78345,153831
660,1560,76378,79306,155684
660,1570,77222,80201,157423
660,1580,77988,81106,159094
660,1590,78846,82044,160890
660,1600,79670,82926,162596
660,1610,80636,83838,164474
660,1620,81463,84708,166171
660,1630,82323,85563,167886
660,1640,83187,86463,169650
660,1650,84055,87389,171444
660,1660,84925,88285,173210
660,1670,85785,89139,174924
660,1680,86649,90020,176669
660,1690,87504,90890,178394
660,1700,88319,91801,180120
660,1710,89164,92750,181914
660,1720,90007,93640,183647
660,1730,90844,94496,185340
660,1740,91657,95397,187054
660,1750,92519,96267,188786
660,1760,93376,97132,190508
660,1770,94253,98001,192254
660,1780,95118,98865,193983
660,1790,95968,99788,195756
660,1800,96851,100675,197526
660,1810,97707,101536,199243
660,1820,98579,102402,200981
660,1830,99447,103250,202697
660,1840,100269,104102,204371
660,1850,101137,104995,206132
660,1860,101974,105863,207837
660,1870,102823,106723,209546
660,1880,103650,107648,211298
660,1890,104540,108540,213080
660,1900,105351,109456,214807
660,1910,106209,110311,216520
660,1920,107037,111190,218227
660,1930,107928,112072,220000
660,1940,108770,112971,221741
660,1950,109590,113807,223397
660,1960,110378,114682,225060
660,1970,111234,115597,226831
660,1980,112032,116494,228526
660,1990,112850,117452,230302
670,670,81,105,186
670,680,970,1033,2003
670,690,1928,1952,3880
670,700,2783,2900,5683
670,710,3626,3890,7516
670,720,4535,4832,9367
670,730,5446,5770,11216
670,740,6312,6657,12969
670,750,7120,7590,14710
670,760,7998,8579,16577
670,770,8876,9524,18400
670,780,9702,10472,20174
670,790,10568,11333,21901
670,800,11452,12193,23645
670,810,12344,13039,25383
670,820,13209,13953,27162
670,830,14069,14802,28871
670,840,14955,15681,30636
670,850,15813,16588,32401
670,860,16643,17473,34116
670,870,17422,18317,35739
670,880,18265,19207,37472
670,890,19083,20112,39195
670,900,19894,21048,40942
670,910,20716,21999,42715
670,920,21537,22847,44384
670,930,22379,23723,46102
670,940,23255,24589,47844
670,950,24070,25436,49506
670,960,24909,26308,51217
670,970,25764,27179,52943
670,980,26603,28040,54643
670,990,27368,28864,56232
670,1000,28156,29729,57885
670,1010,28956,30614,59570
670,1020,29745,31450,61195
670,1030,30564,32314,62878
670,1040,31347,33149,64496
670,1050,32148,34012,66160
670,1060,32946,34876,67822
670,1070,33829,35726,69555
670,1080,34652,36648,71300
670,1090,35453,37523,72976
670,1100,36292,38413,74705
670,1110,37157,39269,76426
670,1120,37996,40120,78116
670,1130,38817,40972,79789
670,1140,39658,41762,81420
670,1150,40473,42603,83076
670,1160,41311,43453,84764
670,1170,42145,44340,86485
670,1180,42944,45212,88156
670,1190,43744,46085,89829
670,1200,44553,46998,91551
670,1210,45418,47861,93279
670,1220,46227,48701,94928
670,1230,47044,49565,96609
670,1240,47902,50398,98300
670,1250,48733,51292,100025
670,1260,49563,52148,101711
670,1270,50418,53085,103503
670,1280,51281,53963,105244
670,1290,52176,54856,107032
670,1300,53061,55746,108807
670,1310,53948,56613,110561
670,1320,54779,57476,112255
670,1330,55610,58354,113964
670,1340,56464,59194,115658
670,1350,57327,60053,117380
670,1360,58130,60933,119063
670,1370,59058,61823,120881
670,1380,59916,62716,122632
670,1390,60794,63613,124407
670,1400,61627,64455,126082
670,1410,62530,65322,127852
670,1420,63417,66208,129625
670,1430,64287,67102,131389
670,1440,65182,68019,133201
670,1450,66037,68810,134847
670,1460,66908,69665,136573
670,1470,67766,70514,138280
670,1480,68684,71358,140042
670,1490,69537,72229,141766
670,1500,70357,73130,143487
670,1510,71224,73979,145203
670,1520,72070,74851,146921
670,1530,72900,75745,148645
670,1540,73686,76557,150243
670,1550,74548,77386,151934
670,1560,75440,78347,153787
670,1570,76284,79242,155526
670,1580,77050,80147,157197
670,1590,77908,81085,158993
670,1600,78732,81967,160699
670,1610,79698,82879,162577
670,1620,80525,83749,164274
670,1630,81385,84604,165989
670,1640,82249,85504,167753
670,1650,83117,86430,169547
670,1660,83987,87326,171313
670,1670,84847,88180,173027
670,1680,85711,89061,174772
670,1690,86566,89931,176497
670,1700,87381,90842,178223
670,1710,88226,91791,180017
670,1720,89069,92681,181750
670,1730,89906,93537,183443
670,1740,90719,94438,185157
670,1750,91581,95308,186889
670,1760,92438,96173,188611
670,1770,93315,97042,190357
670,1780,94180,97906,192086
670,1790,95030,98829,193859
670,1800,95913,99716,195629
670,1810,96769,100577,197346
670,1820,97641,101443,199084
670,1830,98509,102291,200800
670,1840,99331,103143,202474
670,1850,100199,104036,204235
670,1860,101036,104904,205940
670,1870,101885,105764,207649
670,1880,102712,106689,209401
670,1890,103602,107581,211183
670,1900,104413,108497,212910
670,1910,105271,109352,214623
670,1920,106099,110231,216330
670,1930,106990,111113,218103
670,1940,107832,112012,219844
670,1950,108652,112848,221500
670,1960,109440,113723,223163
670,1970,110296,114638,224934
670,1980,111094,115535,226629
670,1990,111912,116493,228405
680,680,80,103,183
680,690,1038,1022,2060
680,700,1893,1970,3863
680,710,2736,2960,5696
680,720,3645,3902,7547
680,730,4556,4840,9396
680,740,5422,5727,11149
680,750,6230,6660,12890
680,760,7108,7649,14757
680,770,7986,8594,16580
680,780,8812,9542,18354
680,790,9678,10403,20081
680,800,10562,11263,21825
680,810,11454,12109,23563
680,820,12319,13023,25342
680,830,13179,13872,27051
680,840,14065,14751,28816
680,850,14923,15658,30581
680,860,15753,16543,32296
680,870,16532,17387,33919
680,880,17375,18277,35652
680,890,18193,19182,37375
680,900,19004,20118,39122
680,910,19826,21069,40895
680,920,20647,21917,42564
680,930,21489,22793,44282
680,940,22365,23659,46024
680,950,23180,24506,47686
680,960,24019,25378,49397
680,970,24874,26249,51123
680,980,25713,27110,52823
680,990,26478,27934,54412
680,1000,27266,28799,56065
680,1010,28066,29684,57750
680,1020,28855,30520,59375
680,1030,29674,31384,61058
680,1040,30457,32219,62676
680,1050,31258,33082,64340
680,1060,32056,33946,66002
680,1070,32939,34796,67735
680,1080,33762,35718,69480
680,1090,34563,36593,71156
680,1100,35402,37483,72885
680,1110,36267,38339,74606
680,1120,37106,39190,76296
680,1130,37927,40042,77969
680,1140,38768,40832,79600
680,1150,39583,41673,81256
680,1160,40421,42523,82944
680,1170,41255,43410,84665
680,1180,42054,44282,86336
680,1190,42854,45155,88009
680,1200,43663,46068,89731
680,1210,44528,46931,91459
680,1220,45337,47771,93108
680,1230,46154,48635,94789
680,1240,47012,49468,96480
680,1250,47843,50362,98205
680,1260,48673,51218,99891
680,1270,49528,52155,101683
680,1280,50391,53033,103424
680,1290,51286,53926,105212
680,1300,52171,54816,106987
680,1310,53058,55683,108741
680,1320,53889,56546,110435
680,1330,54720,57424,112144
680,1340,55574,58264,113838
680,1350,56437,59123,115560
680,1360,57240,60003,117243
680,1370,58168,60893,119061
680,1380,59026,61786,120812
680,1390,59904,62683,122587
680,1400,60737,63525,124262
680,1410,61640,64392,126032
680,1420,62527,65278,127805
680,1430,63397,66172,129569
680,1440,64292,67089,131381
680,1450,65147,67880,133027
680,1460,66018,68735,134753
680,1470,66876,69584,136460
680,1480,67794,70428,138222
680,1490,68647,71299,139946
680,1500,69467,72200,141667
680,1510,70334,73049,143383
680,1520,71180,73921,145101
680,1530,72010,74815,146825
680,1540,72796,75627,148423
680,1550,73658,76456,150114
680,1560,74550,77417,151967
680,1570,75394,78312,153706
680,1580,76160,79217,155377
680,1590,77018,80155,157173
680,1600,77842,81037,158879
680,1610,78808,81949,160757
680,1620,79635,82819,162454
680,1630,80495,83674,164169
680,1640,81359,84574,165933
680,1650,82227,85500,167727
680,1660,83097,86396,169493
680,1670,83957,87250,171207
680,1680,84821,88131,172952
680,1690,85676,89001,174677
680,1700,86491,89912,176403
680,1710,87336,90861,178197
680,1720,88179,91751,179930
680,1730,89016,92607,181623
680,1740,89829,93508,183337
680,1750,90691,94378,185069
680,1760,91548,95243,186791
680,1770,92425,96112,188537
680,1780,93290,96976,190266
680,1790,94140,97899,192039
680,1800,95023,98786,193809
680,1810,95879,99647,195526
680,1820,96751,100513,197264
680,1830,97619,101361,198980
680,1840,98441,102213,200654
680,1850,99309,103106,202415
680,1860,100146,103974,204120
680,1870,100995,104834,205829
680,1880,101822,105759,207581
680,1890,102712,106651,209363
680,1900,103523,107567,211090
680,1910,104381,108422,212803
680,1920,105209,109301,214510
680,1930,106100,110183,216283
680,1940,106942,111082,218024
680,1950,107762,111918,219680
680,1960,108550,112793,221343
680,1970,109406,113708,223114
680,1980,110204,114605,224809
680,1990,111022,115563,226585
690,690,100,82,182
690,700,955,1030,1985
690,710,1798,2020,3818
690,720,2707,2962,5669
690,730,3618,3900,7518
690,740,4484,4787,9271
690,750,5292,5720,11012
690,760,6170,6709,12879
690,770,7048,7654,14702
690,780,7874,8602,16476
690,790,8740,9463,18203
690,800,9624,10323,19947
690,810,10516,11169,21685
690,820,11381,12083,23464
690,830,12241,12932,25173
690,840,13127,13811,26938
690,850,13985,14718,28703
690,860,14815,15603,30418
690,870,15594,16447,32041
690,880,16437,17337,33774
690,890,17255,18242,35497
690,900,18066,19178,37244
690,910,18888,20129,39017
690,920,19709,20977,40686
690,930,20551,21853,42404
690,940,21427,22719,44146
690,950,22242,23566,45808
690,960,23081,24438,47519
690,970,23936,25309,49245
690,980,24775,26170,50945
690,990,25540,26994,52534
690,1000,26328,27859,54187
690,1010,27128,28744,55872
690,1020,27917,29580,57497
690,1030,28736,30444,59180
690,1040,29519,31279,60798
690,1050,30320,32142,62462
690,1060,31118,33006,64124
690,1070,32001,33856,65857
690,1080,32824,34778,67602
690,1090,33625,35653,69278
690,1100,34464,36543,71007
690,1110,35329,37399,72728
690,1120,36168,38250,74418
690,1130,36989,39102,76091
690,1140,37830,39892,77722
690,1150,38645,40733,79378
690,1160,39483,41583,81066
690,1170,40317,42470,82787
690,1180,41116,43342,84458
690,1190,41916,44215,86131
690,1200,42725,45128,87853
690,1210,43590,45991,89581
690,1220,44399,46831,91230
690,1230,45216,47695,92911
690,1240,46074,48528,94602
690,1250,46905,49422,96327
690,1260,47735,50278,98013
690,1270,48590,51215,99805
690,1280,49453,52093,101546
690,1290,50348,52986,103334
690,1300,51233,53876,105109
690,1310,52120,54743,106863
690,1320,52951,55606,108557
690,1330,53782,56484,110266
690,1340,54636,57324,111960
690,1350,55499,58183,113682
690,1360,56302,59063,115365
690,1370,57230,59953,117183
690,1380,58088,60846,118934
690,1390,58966,61743,120709
690,1400,59799,62585,122384
690,1410,60702,63452,124154
690,1420,61589,64338,125927
690,1430,62459,65232,127691
690,1440,63354,66149,129503
690,1450,64209,66940,131149
690,1460,65080,67795,132875
690,1470,65938,68644,134582
690,1480,66856,69488,136344
690,1490,67709,70359,138068
690,1500,68529,71260,139789
690,1510,69396,72109,141505
690,1520,70242,72981,143223
690,1530,71072,73875,144947
690,1540,71858,74687,146545
690,1550,72720,75516,148236
690,1560,73612,76477,150089
690,1570,74456,77372,151828
690,1580,75222,78277,153499
690,1590,76080,79215,155295
690,1600,76904,80097,157001
690,1610,77870,81009,158879
690,1620,78697,81879,160576
690,1630,79557,82734,162291
690,1640,80421,83634,164055
690,1650,81289,84560,165849
690,1660,82159,85456,167615
690,1670,83019,86310,169329
690,1680,83883,87191,171074
690,1690,84738,88061,172799
690,1700,85553,88972,174525
690,1710,86398,89921,176319
690,1720,87241,90811,178052
690,1730,88078,91667,179745
690,1740,88891,92568,181459
690,1750,89753,93438,183191
690,1760,90610,94303,184913
690,1770,91487,95172,186659
690,1780,92352,96036,188388
690,1790,93202,96959,190161
690,1800,94085,97846,191931
690,1810,94941,98707,193648
690,1820,95813,99573,195386
690,1830,96681,100421,197102
690,1840,97503,101273,198776
690,1850,98371,102166,200537
690,1860,99208,103034,202242
690,1870,100057,103894,203951
690,1880,100884,104819,205703
690,1890,101774,105711,207485
690,1900,102585,106627,209212
690,1910,103443,107482,210925
690,1920,104271,108361,212632
690,1930,105162,109243,214405
690,1940,106004,110142,216146
690,1950,106824,110978,217802
690,1960,107612,111853,219465
690,1970,108468,112768,221236
690,1980,109266,113665,222931
690,1990,110084,114623,224707
700,700,86,87,173
700,710,929,1077,2006
700,720,1838,2019,3857
700,730,2749,2957,5706
700,740,3615,3844,7459
700,750,4423,4777,9200
700,760,5301,5766,11067
700,770,6179,6711,12890
700,780,7005,7659,14664
700,790,7871,8520,16391
700,800,8755,9380,18135
700,810,9647,10226,19873
700,820,10512,11140,21652
700,830,11372,11989,23361
700,840,12258,12868,25126
700,850,13116,13775,26891
700,860,13946,14660,28606
700,870,14725,15504,30229
700,880,15568,16394,31962
700,890,16386,17299,33685
700,900,17197,18235,35432
700,910,18019,19186,37205
700,920,18840,20034,38874
700,930,19682,20910,40592
700,940,20558,21776,42334
700,950,21373,22623,43996
700,960,22212,23495,45707
700,970,23067,24366,47433
700,980,23906,25227,49133
700,990,24671,26051,50722
700,1000,25459,26916,52375
700,1010,26259,27801,54060
700,1020,27048,28637,55685
700,1030,27867,29501,57368
700,1040,28650,30336,58986
700,1050,29451,31199,60650
700,1060,30249,32063,62312
700,1070,31132,32913,64045
700,1080,31955,33835,65790
700,1090,32756,34710,67466
700,1100,33595,35600,69195
700,1110,34460,36456,70916
700,1120,35299,37307,72606
700,1130,36120,38159,74279
700,1140,36961,38949,75910
700,1150,37776,39790,77566
700,1160,38614,40640,79254
700,1170,39448,41527,80975
700,1180,40247,42399,82646
700,1190,41047,43272,84319
700,1200,41856,44185,86041
700,1210,42721,45048,87769
700,1220,43530,45888,89418
700,1230,44347,46752,91099
700,1240,45205,47585,92790
700,1250,46036,48479,94515
700,1260,46866,49335,96201
700,1270,47721,50272,97993
700,1280,48584,51150,99734
700,1290,49479,52043,101522
700,1300,50364,52933,103297
700,1310,51251,53800,105051
700,1320,52082,54663,106745
700,1330,52913,55541,108454
700,1340,53767,56381,110148
700,1350,54630,57240,111870
700,1360,55433,58120,113553
700,1370,56361,59010,115371
700,1380,57219,59903,117122
700,1390,58097,60800,118897
700,1400,58930,61642,120572
700,1410,59833,62509,122342
700,1420,60720,63395,124115
700,1430,61590,64289,125879
700,1440,62485,65206,127691
700,1450,63340,65997,129337
700,1460,64211,66852,131063
700,1470,65069,67701,132770
700,1480,65987,68545,134532
700,1490,66840,69416,136256
700,1500,67660,70317,137977
700,1510,68527,71166,139693
700,1520,69373,72038,141411
700,1530,70203,72932,143135
700,1540,70989,73744,144733
700,1550,71851,74573,146424
700,1560,72743,75534,148277
700,1570,73587,76429,150016
700,1580,74353,77334,151687
700,1590,75211,78272,153483
700,1600,76035,79154,155189
700,1610,77001,80066,157067
700,1620,77828,80936,158764
700,1630,78688,81791,160479
700,1640,79552,82691,162243
700,1650,80420,83617,164037
700,1660,81290,84513,165803
700,1670,82150,85367,167517
700,1680,83014,86248,169262
700,1690,83869,87118,170987
700,1700,84684,88029,172713
700,1710,85529,88978,174507
700,1720,86372,89868,176240
700,1730,87209,90724,177933
700,1740,88022,91625,179647
700,1750,88884,92495,181379
700,1760,89741,93360,183101
700,1770,90618,94229,184847
700,1780,91483,95093,186576
700,1790,92333,96016,188349
700,1800,93216,96903,190119
700,1810,94072,97764,191836
700,1820,94944,98630,193574
700,1830,95812,99478,195290
700,1840,96634,100330,196964
700,1850,97502,101223,198725
700,1860,98339,102091,200430
700,1870,99188,102951,202139
700,1880,100015,103876,203891
700,1890,100905,104768,205673
700,1900,101716,105684,207400
700,1910,102574,106539,209113
700,1920,103402,107418,210820
700,1930,104293,108300,212593
700,1940,105135,109199,214334
700,1950,105955,110035,215990
700,1960,106743,110910,217653
700,1970,107599,111825,219424
700,1980,108397,112722,221119
700,1990,109215,113680,222895
710,710,81,103,184
710,720,990,1045,2035
710,730,1901,1983,3884
710,740,2767,2870,5637
710,750,3575,3803,7378
710,760,4453,4792,9245
710,770,5331,5737,11068
710,780,6157,6685,12842
710,790,7023,7546,14569
710,800,7907,8406,16313
710,810,8799,9252,18051
710,820,9664,10166,19830
710,830,10524,11015,21539
710,840,11410,11894,23304
710,850,12268,12801,25069
710,860,13098,13686,26784
710,870,13877,14530,28407
710,880,14720,15420,30140
710,890,15538,16325,31863
710,900,16349,17261,33610
710,910,17171,18212,35383
710,920,17992,19060,37052
710,930,18834,19936,38770
710,940,19710,20802,40512
710,950,20525,21649,42174
710,960,21364,22521,43885
710,970,22219,23392,45611
710,980,23058,24253,47311
710,990,23823,25077,48900
710,1000,24611,25942,50553
710,1010,25411,26827,52238
710,1020,26200,27663,53863
710,1030,27019,28527,55546
710,1040,27802,29362,57164
710,1050,28603,30225,58828
710,1060,29401,31089,60490
710,1070,30284,31939,62223
710,1080,31107,32861,63968
710,1090,31908,33736,65644
710,1100,32747,34626,67373
710,1110,33612,35482,69094
710,1120,34451,36333,70784
710,1130,35272,37185,72457
710,1140,36113,37975,74088
710,1150,36928,38816,75744
710,1160,37766,39666,77432
710,1170,38600,40553,79153
710,1180,39399,41425,80824
710,1190,40199,42298,82497
710,1200,41008,43211,84219
710,1210,41873,44074,85947
710,1220,42682,44914,87596
710,1230,43499,45778,89277
710,1240,44357,46611,90968
710,1250,45188,47505,92693
710,1260,46018,48361,94379
710,1270,46873,49298,96171
710,1280,47736,50176,97912
710,1290,48631,51069,99700
710,1300,49516,51959,101475
710,1310,50403,52826,103229
710,1320,51234,53689,104923
710,1330,52065,54567,106632
710,1340,52919,55407,108326
710,1350,53782,56266,110048
710,1360,54585,57146,111731
710,1370,55513,58036,113549
710,1380,56371,58929,115300
710,1390,57249,59826,117075
710,1400,58082,60668,118750
710,1410,58985,61535,120520
710,1420,59872,62421,122293
710,1430,60742,63315,124057
710,1440,61637,64232,125869
710,1450,62492,65023,127515
710,1460,63363,65878,129241
710,1470,64221,66727,130948
710,1480,65139,67571,132710
710,1490,65992,68442,134434
710,1500,66812,69343,136155
710,1510,67679,70192,137871
710,1520,68525,71064,139589
710,1530,69355,71958,141313
710,1540,70141,72770,142911
710,1550,71003,73599,144602
710,1560,71895,74560,146455
710,1570,72739,75455,148194
710,1580,73505,76360,149865
710,1590,74363,77298,151661
710,1600,75187,78180,153367
710,1610,76153,79092,155245
710,1620,76980,79962,156942
710,1630,77840,80817,158657
710,1640,78704,81717,160421
710,1650,79572,82643,162215
710,1660,80442,83539,163981
710,1670,81302,84393,165695
710,1680,82166,85274,167440
710,1690,83021,86144,169165
710,1700,83836,87055,170891
710,1710,84681,88004,172685
710,1720,85524,88894,174418
710,1730,86361,89750,176111
710,1740,87174,90651,177825
710,1750,88036,91521,179557
710,1760,88893,92386,181279
710,1770,89770,93255,183025
710,1780,90635,94119,184754
710,1790,91485,95042,186527
710,1800,92368,95929,188297
710,1810,93224,96790,190014
710,1820,94096,97656,191752
710,1830,94964,98504,193468
710,1840,95786,99356,195142
710,1850,96654,100249,196903
710,1860,97491,101117,198608
710,1870,98340,101977,200317
710,1880,99167,102902,202069
710,1890,100057,103794,203851
710,1900,100868,104710,205578
710,1910,101726,105565,207291
710,1920,102554,106444,208998
710,1930,103445,107326,210771
710,1940,104287,108225,212512
710,1950,105107,109061,214168
710,1960,105895,109936,215831
710,1970,106751,110851,217602
710,1980,107549,111748,219297
710,1990,108367,112706,221073
720,720,103,88,191
720,730,1014,1026,2040
720,740,1880,1913,3793
720,750,2688,2846,5534
720,760,3566,3835,7401
720,770,4444,4780,9224
720,780,5270,5728,10998
720,790,6136,6589,12725
720,800,7020,7449,14469
720,810,7912,8295,16207
720,820,8777,9209,17986
720,830,9637,10058,19695
720,840,10523,10937,21460
720,850,11381,11844,23225
720,860,12211,12729,24940
720,870,12990,13573,26563
720,880,13833,14463,28296
720,890,14651,15368,30019
720,900,15462,16304,31766
720,910,16284,17255,33539
720,920,17105,18103,35208
720,930,17947,18979,36926
720,940,18823,19845,38668
720,950,19638,20692,40330
720,960,20477,21564,42041
720,970,21332,22435,43767
720,980,22171,23296,45467
720,990,22936,24120,47056
720,1000,23724,24985,48709
720,1010,24524,25870,50394
720,1020,25313,26706,52019
720,1030,26132,27570,53702
720,1040,26915,28405,55320
720,1050,27716,29268,56984
720,1060,28514,30132,58646
720,1070,29397,30982,60379
720,1080,30220,31904,62124
720,1090,31021,32779,63800
720,1100,31860,33669,65529
720,1110,32725,34525,67250
720,1120,33564,35376,68940
720,1130,34385,36228,70613
720,1140,35226,37018,72244
720,1150,36041,37859,73900
720,1160,36879,38709,75588
720,1170,37713,39596,77309
720,1180,38512,40468,78980
720,1190,39312,41341,80653
720,1200,40121,42254,82375
720,1210,40986,43117,84103
720,1220,41795,43957,85752
720,1230,42612,44821,87433
720,1240,43470,45654,89124
720,1250,44301,46548,90849
720,1260,45131,47404,92535
720,1270,45986,48341,94327
720,1280,46849,49219,96068
720,1290,47744,50112,97856
720,1300,48629,51002,99631
720,1310,49516,51869,101385
720,1320,50347,52732,103079
720,1330,51178,53610,104788
720,1340,52032,54450,106482
720,1350,52895,55309,108204
720,1360,53698,56189,109887
720,1370,54626,57079,111705
720,1380,55484,57972,113456
720,1390,56362,58869,115231
720,1400,57195,59711,116906
720,1410,58098,60578,118676
720,1420,58985,61464,120449
720,1430,59855,62358,122213
720,1440,60750,63275,124025
720,1450,61605,64066,125671
720,1460,62476,64921,127397
720,1470,63334,65770,129104
720,1480,64252,66614,130866
720,1490,65105,67485,132590
720,1500,65925,68386,134311
720,1510,66792,69235,136027
720,1520,67638,70107,137745
720,1530,68468,71001,139469
720,1540,69254,71813,141067
720,1550,70116,72642,142758
720,1560,71008,73603,144611
720,1570,71852,74498,146350
720,1580,72618,75403,148021
720,1590,73476,76341,149817
720,1600,74300,77223,151523
720,1610,75266,78135,153401
720,1620,76093,79005,155098
720,1630,76953,79860,156813
720,1640,77817,80760,158577
720,1650,78685,81686,160371
720,1660,79555,82582,162137
720,1670,80415,83436,163851
720,1680,81279,84317,165596
720,1690,82134,85187,167321
720,1700,82949,86098,169047
720,1710,83794,87047,170841
720,1720,84637,87937,172574
720,1730,85474,88793,174267
720,1740,86287,89694,175981
720,1750,87149,90564,177713
720,1760,88006,91429,179435
720,1770,88883,92298,181181
720,1780,89748,93162,182910
720,1790,90598,94085,184683
720,1800,91481,94972,186453
720,1810,92337,95833,188170
720,1820,93209,96699,189908
720,1830,94077,97547,191624
720,1840,94899,98399,193298
720,1850,95767,99292,195059
720,1860,96604,100160,196764
720,1870,97453,101020,198473
720,1880,98280,101945,200225
720,1890,99170,102837,202007
720,1900,99981,103753,203734
720,1910,100839,104608,205447
720,1920,101667,105487,207154
720,1930,102558,106369,208927
720,1940,103400,107268,210668
720,1950,104220,108104,212324
720,1960,105008,108979,213987
720,1970,105864,109894,215758
720,1980,106662,110791,217453
720,1990,107480,111749,219229
730,730,95,92,187
730,740,961,979,1940
730,750,1769,1912,3681
730,760,2647,2901,5548
730,770,3525,3846,7371
730,780,4351,4794,9145
730,790,5217,5655,10872
730,800,6101,6515,12616
730,810,6993,7361,14354
730,820,7858,8275,16133
730,830,8718,9124,17842
730,840,9604,10003,19607
730,850,10462,10910,21372
730,860,11292,11795,23087
730,870,12071,12639,24710
730,880,12914,13529,26443
730,890,13732,14434,28166
730,900,14543,15370,29913
730,910,15365,16321,31686
730,920,16186,17169,33355
730,930,17028,18045,35073
730,940,17904,18911,36815
730,950,18719,19758,38477
730,960,19558,20630,40188
730,970,20413,21501,41914
730,980,21252,22362,43614
730,990,22017,23186,45203
730,1000,22805,24051,46856
730,1010,23605,24936,48541
730,1020,24394,25772,50166
730,1030,25213,26636,51849
730,1040,25996,27471,53467
730,1050,26797,28334,55131
730,1060,27595,29198,56793
730,1070,28478,30048,58526
730,1080,29301,30970,60271
730,1090,30102,31845,61947
730,1100,30941,32735,63676
730,1110,31806,33591,65397
730,1120,32645,34442,67087
730,1130,33466,35294,68760
730,1140,34307,36084,70391
730,1150,35122,36925,72047
730,1160,35960,37775,73735
730,1170,36794,38662,75456
730,1180,37593,39534,77127
730,1190,38393,40407,78800
730,1200,39202,41320,80522
730,1210,40067,42183,82250
730,1220,40876,43023,83899
730,1230,41693,43887,85580
730,1240,42551,44720,87271
730,1250,43382,45614,88996
730,1260,44212,46470,90682
730,1270,45067,47407,92474
730,1280,45930,48285,94215
730,1290,46825,49178,96003
730,1300,47710,50068,97778
730,1310,48597,50935,99532
730,1320,49428,51798,101226
730,1330,50259,52676,102935
730,1340,51113,53516,104629
730,1350,51976,54375,106351
730,1360,52779,55255,108034
730,1370,53707,56145,109852
730,1380,54565,57038,111603
730,1390,55443,57935,113378
730,1400,56276,58777,115053
730,1410,57179,59644,116823
730,1420,58066,60530,118596
730,1430,58936,61424,120360
730,1440,59831,62341,122172
730,1450,60686,63132,123818
730,1460,61557,63987,125544
730,1470,62415,64836,127251
730,1480,63333,65680,129013
730,1490,64186,66551,130737
730,1500,65006,67452,132458
730,1510,65873,68301,134174
730,1520,66719,69173,135892
730,1530,67549,70067,137616
730,1540,68335,70879,139214
730,1550,69197,71708,140905
730,1560,70089,72669,142758
730,1570,70933,73564,144497
730,1580,71699,74469,146168
730,1590,72557,75407,147964
730,1600,73381,76289,149670
730,1610,74347,77201,151548
730,1620,75174,78071,153245
730,1630,76034,78926,154960
730,1640,76898,79826,156724
730,1650,77766,80752,158518
730,1660,78636,81648,160284
730,1670,79496,82502,161998
730,1680,80360,83383,163743
730,1690,81215,84253,165468
730,1700,82030,85164,167194
730,1710,82875,86113,168988
730,1720,83718,87003,170721
730,1730,84555,87859,172414
730,1740,85368,88760,174128
730,1750,86230,89630,175860
730,1760,87087,90495,177582
730,1770,87964,91364,179328
730,1780,88829,92228,181057
730,1790,89679,93151,182830
730,1800,90562,94038,184600
730,1810,91418,94899,186317
730,1820,92290,95765,188055
730,1830,93158,96613,189771
730,1840,93980,97465,191445
730,1850,94848,98358,193206
730,1860,95685,99226,194911
730,1870,96534,100086,196620
730,1880,97361,101011,198372
730,1890,98251,101903,200154
730,1900,99062,102819,201881
730,1910,99920,103674,203594
730,1920,100748,104553,205301
730,1930,101639,105435,207074
730,1940,102481,106334,208815
730,1950,103301,107170,210471
730,1960,104089,108045,212134
730,1970,104945,108960,213905
730,1980,105743,109857,215600
730,1990,106561,110815,217376
740,740,89,92,181
740,750,897,1025,1922
740,760,1775,2014,3789
740,770,2653,2959,5612
740,780,3479,3907,7386
740,790,4345,4768,9113
740,800,5229,5628,10857
740,810,6121,6474,12595
740,820,6986,7388,14374
740,830,7846,8237,16083
740,840,8732,9116,17848
740,850,9590,10023,19613
740,860,10420,10908,21328
740,870,11199,11752,22951
740,880,12042,12642,24684
740,890,12860,13547,26407
740,900,13671,14483,28154
740,910,14493,15434,29927
740,920,15314,16282,31596
740,930,16156,17158,33314
740,940,17032,18024,35056
740,950,17847,18871,36718
740,960,18686,19743,38429
740,970,19541,20614,40155
740,980,20380,21475,41855
740,990,21145,22299,43444
740,1000,21933,23164,45097
740,1010,22733,24049,46782
740,1020,23522,24885,48407
740,1030,24341,25749,50090
740,1040,25124,26584,51708
740,1050,25925,27447,53372
740,1060,26723,28311,55034
740,1070,27606,29161,56767
740,1080,28429,30083,58512
740,1090,29230,30958,60188
740,1100,30069,31848,61917
740,1110,30934,32704,63638
740,1120,31773,33555,65328
740,1130,32594,34407,67001
740,1140,33435,35197,68632
740,1150,34250,36038,70288
740,1160,35088,36888,71976
740,1170,35922,37775,73697
740,1180,36721,38647,75368
740,1190,37521,39520,77041
740,1200,38330,40433,78763
740,1210,39195,41296,80491
740,1220,40004,42136,82140
740,1230,40821,43000,83821
740,1240,41679,43833,85512
740,1250,42510,44727,87237
740,1260,43340,45583,88923
740,1270,44195,46520,90715
740,1280,45058,47398,92456
740,1290,45953,48291,94244
740,1300,46838,49181,96019
740,1310,47725,50048,97773
740,1320,48556,50911,99467
740,1330,49387,51789,101176
740,1340,50241,52629,102870
740,1350,51104,53488,104592
740,1360,51907,54368,106275
740,1370,52835,55258,108093
740,1380,53693,56151,109844
740,1390,54571,57048,111619
740,1400,55404,57890,113294
740,1410,56307,58757,115064
740,1420,57194,59643,116837
740,1430,58064,60537,118601
740,1440,58959,61454,120413
740,1450,59814,62245,122059
740,1460,60685,63100,123785
740,1470,61543,63949,125492
740,1480,62461,64793,127254
740,1490,63314,65664,128978
740,1500,64134,66565,130699
740,1510,65001,67414,132415
740,1520,65847,68286,134133
740,1530,66677,69180,135857
740,1540,67463,69992,137455
740,1550,68325,70821,139146
740,1560,69217,71782,140999
740,1570,70061,72677,142738
740,1580,70827,73582,144409
740,1590,71685,74520,146205
740,1600,72509,75402,147911
740,1610,73475,76314,149789
740,1620,74302,77184,151486
740,1630,75162,78039,153201
740,1640,76026,78939,154965
740,1650,76894,79865,156759
740,1660,77764,80761,158525
740,1670,78624,81615,160239
740,1680,79488,82496,161984
740,1690,80343,83366,163709
740,1700,81158,84277,165435
740,1710,82003,85226,167229
740,1720,82846,86116,168962
740,1730,83683,86972,170655
740,1740,84496,87873,172369
740,1750,85358,88743,174101
740,1760,86215,89608,175823
740,1770,87092,90477,177569
740,1780,87957,91341,179298
740,1790,88807,92264,181071
740,1800,89690,93151,182841
740,1810,90546,94012,184558
740,1820,91418,94878,186296
740,1830,92286,95726,188012
740,1840,93108,96578,189686
740,1850,93976,97471,191447
740,1860,94813,98339,193152
740,1870,95662,99199,194861
740,1880,96489,100124,196613
740,1890,97379,101016,198395
740,1900,98190,101932,200122
740,1910,99048,102787,201835
740,1920,99876,103666,203542
740,1930,100767,104548,205315
740,1940,101609,105447,207056
740,1950,102429,106283,208712
740,1960,103217,107158,210375
740,1970,104073,108073,212146
740,1980,104871,108970,213841
740,1990,105689,109928,215617
750,750,76,99,175
750,760,954,1088,2042
750,770,1832,2033,3865
750,780,2658,2981,5639
750,790,3524,3842,7366
750,800,4408,4702,9110
750,810,5300,5548,10848
750,820,6165,6462,12627
750,830,7025,7311,14336
750,840,7911,8190,16101
750,850,8769,9097,17866
750,860,9599,9982,19581
750,870,10378,10826,21204
750,880,11221,11716,22937
750,890,12039,12621,24660
750,900,12850,13557,26407
750,910,13672,14508,28180
750,920,14493,15356,29849
750,930,15335,16232,31567
750,940,16211,17098,33309
750,950,17026,17945,34971
750,960,17865,18817,36682
750,970,18720,19688,38408
750,980,19559,20549,40108
750,990,20324,21373,41697
750,1000,21112,22238,43350
750,1010,21912,23123,45035
750,1020,22701,23959,46660
750,1030,23520,24823,48343
750,1040,24303,25658,49961
750,1050,25104,26521,51625
750,1060,25902,27385,53287
750,1070,26785,28235,55020
750,1080,27608,29157,56765
750,1090,28409,30032,58441
750,1100,29248,30922,60170
750,1110,30113,31778,61891
750,1120,30952,32629,63581
750,1130,31773,33481,65254
750,1140,32614,34271,66885
750,1150,33429,35112,68541
750,1160,34267,35962,70229
750,1170,35101,36849,71950
750,1180,35900,37721,73621
750,1190,36700,38594,75294
750,1200,37509,39507,77016
750,1210,38374,40370,78744
750,1220,39183,41210,80393
750,1230,40000,42074,82074
750,1240,40858,42907,83765
750,1250,41689,43801,85490
750,1260,42519,44657,87176
750,1270,43374,45594,88968
750,1280,44237,46472,90709
750,1290,45132,47365,92497
750,1300,46017,48255,94272
750,1310,46904,49122,96026
750,1320,47735,49985,97720
750,1330,48566,50863,99429
750,1340,49420,51703,101123
750,1350,50283,52562,102845
750,1360,51086,53442,104528
750,1370,52014,54332,106346
750,1380,52872,55225,108097
750,1390,53750,56122,109872
750,1400,54583,56964,111547
750,1410,55486,57831,113317
750,1420,56373,58717,115090
750,1430,57243,59611,116854
750,1440,58138,60528,118666
750,1450,58993,61319,120312
750,1460,59864,62174,122038
750,1470,60722,63023,123745
750,1480,61640,63867,125507
750,1490,62493,64738,127231
750,1500,63313,65639,128952
750,1510,64180,66488,130668
750,1520,65026,67360,132386
750,1530,65856,68254,134110
750,1540,66642,69066,135708
750,1550,67504,69895,137399
750,1560,68396,70856,139252
750,1570,69240,71751,140991
750,1580,70006,72656,142662
750,1590,70864,73594,144458
750,1600,71688,74476,146164
750,1610,72654,75388,148042
750,1620,73481,76258,149739
750,1630,74341,77113,151454
750,1640,75205,78013,153218
750,1650,76073,78939,155012
750,1660,76943,79835,156778
750,1670,77803,80689,158492
750,1680,78667,81570,160237
750,1690,79522,82440,161962
750,1700,80337,83351,163688
750,1710,81182,84300,165482
750,1720,82025,85190,167215
750,1730,82862,86046,168908
750,1740,83675,86947,170622
750,1750,84537,87817,172354
750,1760,85394,88682,174076
750,1770,86271,89551,175822
750,1780,87136,90415,177551
750,1790,87986,91338,179324
750,1800,88869,92225,181094
750,1810,89725,93086,182811
750,1820,90597,93952,184549
750,1830,91465,94800,186265
750,1840,92287,95652,187939
750,1850,93155,96545,189700
750,1860,93992,97413,191405
750,1870,94841,98273,193114
750,1880,95668,99198,194866
750,1890,96558,100090,196648
750,1900,97369,101006,198375
750,1910,98227,101861,200088
750,1920,99055,102740,201795
750,1930,99946,103622,203568
750,1940,100788,104521,205309
750,1950,101608,105357,206965
750,1960,102396,106232,208628
750,1970,103252,107147,210399
750,1980,104050,108044,212094
750,1990,104868,109002,213870
760,760,91,105,196
760,770,969,1050,2019
760,780,1795,1998,3793
760,790,2661,2859,5520
760,800,3545,3719,7264
760,810,4437,4565,9002
760,820,5302,5479,10781
760,830,6162,6328,12490
760,840,7048,7207,14255
760,850,7906,8114,16020
760,860,8736,8999,17735
760,870,9515,9843,19358
760,880,10358,10733,21091
760,890,11176,11638,22814
760,900,11987,12574,24561
760,910,12809,13525,26334
760,920,13630,14373,28003
760,930,14472,15249,29721
760,940,15348,16115,31463
760,950,16163,16962,33125
760,960,17002,17834,34836
760,970,17857,18705,36562
760,980,18696,19566,38262
760,990,19461,20390,39851
760,1000,20249,21255,41504
760,1010,21049,22140,43189
760,1020,21838,22976,44814
760,1030,22657,23840,46497
760,1040,23440,24675,48115
760,1050,24241,25538,49779
760,1060,25039,26402,51441
760,1070,25922,27252,53174
760,1080,26745,28174,54919
760,1090,27546,29049,56595
760,1100,28385,29939,58324
760,1110,29250,30795,60045
760,1120,30089,31646,61735
760,1130,30910,32498,63408
760,1140,31751,33288,65039
760,1150,32566,34129,66695
760,1160,33404,34979,68383
760,1170,34238,35866,70104
760,1180,35037,36738,71775
760,1190,35837,37611,73448
760,1200,36646,38524,75170
760,1210,37511,39387,76898
760,1220,38320,40227,78547
760,1230,39137,41091,80228
760,1240,39995,41924,81919
760,1250,40826,42818,83644
760,1260,41656,43674,85330
760,1270,42511,44611,87122
760,1280,43374,45489,88863
760,1290,44269,46382,90651
760,1300,45154,47272,92426
760,1310,46041,48139,94180
760,1320,46872,49002,95874
760,1330,47703,49880,97583
760,1340,48557,50720,99277
760,1350,49420,51579,100999
760,1360,50223,52459,102682
760,1370,51151,53349,104500
760,1380,52009,54242,106251
760,1390,52887,55139,108026
760,1400,53720,55981,109701
760,1410,54623,56848,111471
760,1420,55510,57734,113244
760,1430,56380,58628,115008
760,1440,57275,59545,116820
760,1450,58130,60336,118466
760,1460,59001,61191,120192
760,1470,59859,62040,121899
760,1480,60777,62884,123661
760,1490,61630,63755,125385
760,1500,62450,64656,127106
760,1510,63317,65505,128822
760,1520,64163,66377,130540
760,1530,64993,67271,132264
760,1540,65779,68083,133862
760,1550,66641,68912,135553
760,1560,67533,69873,137406
760,1570,68377,70768,139145
760,1580,69143,71673,140816
760,1590,70001,72611,142612
760,1600,70825,73493,144318
760,1610,71791,74405,146196
760,1620,72618,75275,147893
760,1630,73478,76130,149608
760,1640,74342,77030,151372
760,1650,75210,77956,153166
760,1660,76080,78852,154932
760,1670,76940,79706,156646
760,1680,77804,80587,158391
760,1690,78659,81457,160116
760,1700,79474,82368,161842
760,1710,80319,83317,163636
760,1720,81162,84207,165369
760,1730,81999,85063,167062
760,1740,82812,85964,168776
760,1750,83674,86834,170508
760,1760,84531,87699,172230
760,1770,85408,88568,173976
760,1780,86273,89432,175705
760,1790,87123,90355,177478
760,1800,88006,91242,179248
760,1810,88862,92103,180965
760,1820,89734,92969,182703
760,1830,90602,93817,184419
760,1840,91424,94669,186093
760,1850,92292,95562,187854
760,1860,93129,96430,189559
760,1870,93978,97290,191268
760,1880,94805,98215,193020
760,1890,95695,99107,194802
760,1900,96506,100023,196529
760,1910,97364,100878,198242
760,1920,98192,101757,199949
760,1930,99083,102639,201722
760,1940,99925,103538,203463
760,1950,100745,104374,205119
760,1960,101533,105249,206782
760,1970,102389,106164,208553
760,1980,103187,107061,210248
760,1990,104005,108019,212024
770,770,95,97,192
770,780,921,1045,1966
770,790,1787,1906,3693
770,800,2671,2766,5437
770,810,3563,3612,7175
770,820,4428,4526,8954
770,830,5288,5375,10663
770,840,6174,6254,12428
770,850,7032,7161,14193
770,860,7862,8046,15908
770,870,8641,8890,17531
770,880,9484,9780,19264
770,890,10302,10685,20987
770,900,11113,11621,22734
770,910,11935,12572,24507
770,920,12756,13420,26176
770,930,13598,14296,27894
770,940,14474,15162,29636
770,950,15289,16009,31298
770,960,16128,16881,33009
770,970,16983,17752,34735
770,980,17822,18613,36435
770,990,18587,19437,38024
770,1000,19375,20302,39677
770,1010,20175,21187,41362
770,1020,20964,22023,42987
770,1030,21783,22887,44670
770,1040,22566,23722,46288
770,1050,23367,24585,47952
770,1060,24165,25449,49614
770,1070,25048,26299,51347
770,1080,25871,27221,53092
770,1090,26672,28096,54768
770,1100,27511,28986,56497
770,1110,28376,29842,58218
770,1120,29215,30693,59908
770,1130,30036,31545,61581
770,1140,30877,32335,63212
770,1150,31692,33176,64868
770,1160,32530,34026,66556
770,1170,33364,34913,68277
770,1180,34163,35785,69948
770,1190,34963,36658,71621
770,1200,35772,37571,73343
770,1210,36637,38434,75071
770,1220,37446,39274,76720
770,1230,38263,40138,78401
770,1240,39121,40971,80092
770,1250,39952,41865,81817
770,1260,40782,42721,83503
770,1270,41637,43658,85295
770,1280,42500,44536,87036
770,1290,43395,45429,88824
770,1300,44280,46319,90599
770,1310,45167,47186,92353
770,1320,45998,48049,94047
770,1330,46829,48927,95756
770,1340,47683,49767,97450
770,1350,48546,50626,99172
770,1360,49349,51506,100855
770,1370,50277,52396,102673
770,1380,51135,53289,104424
770,1390,52013,54186,106199
770,1400,52846,55028,107874
770,1410,53749,55895,109644
770,1420,54636,56781,111417
770,1430,55506,57675,113181
770,1440,56401,58592,114993
770,1450,57256,59383,116639
770,1460,58127,60238,118365
770,1470,58985,61087,120072
770,1480,59903,61931,121834
770,1490,60756,62802,123558
770,1500,61576,63703,125279
770,1510,62443,64552,126995
770,1520,63289,65424,128713
770,1530,64119,66318,130437
770,1540,64905,67130,132035
770,1550,65767,67959,133726
770,1560,66659,68920,135579
770,1570,67503,69815,137318
770,1580,68269,70720,138989
770,1590,69127,71658,140785
770,1600,69951,72540,142491
770,1610,70917,73452,144369
770,1620,71744,74322,146066
770,1630,72604,75177,147781
770,1640,73468,76077,149545
770,1650,74336,77003,151339
770,1660,75206,77899,153105
770,1670,76066,78753,154819
770,1680,76930,79634,156564
770,1690,77785,80504,158289
770,1700,78600,81415,160015
770,1710,79445,82364,161809
770,1720,80288,83254,163542
770,1730,81125,84110,165235
770,1740,81938,85011,166949
770,1750,82800,85881,168681
770,1760,83657,86746,170403
770,1770,84534,87615,172149
770,1780,85399,88479,173878
770,1790,86249,89402,175651
770,1800,87132,90289,177421
770,1810,87988,91150,179138
770,1820,88860,92016,180876
770,1830,89728,92864,182592
770,1840,90550,93716,184266
770,1850,91418,94609,186027
770,1860,92255,95477,187732
770,1870,93104,96337,189441
770,1880,93931,97262,191193
770,1890,94821,98154,192975
770,1900,95632,99070,194702
770,1910,96490,99925,196415
770,1920,97318,100804,198122
770,1930,98209,101686,199895
770,1940,99051,102585,201636
770,1950,99871,103421,203292
770,1960,100659,104296,204955
770,1970,101515,105211,206726
770,1980,102313,106108,208421
770,1990,103131,107066,210197
780,780,93,83,176
780,790,959,944,1903
780,800,1843,1804,3647
780,810,2735,2650,5385
780,820,3600,3564,7164
780,830,4460,4413,8873
780,840,5346,5292,10638
780,850,6204,6199,12403
780,860,7034,7084,14118
780,870,7813,7928,15741
780,880,8656,8818,17474
780,890,9474,9723,19197
780,900,10285,10659,20944
780,910,11107,11610,22717
780,920,11928,12458,24386
780,930,12770,13334,26104
780,940,13646,14200,27846
780,950,14461,15047,29508
780,960,15300,15919,31219
780,970,16155,16790,32945
780,980,16994,17651,34645
780,990,17759,18475,36234
780,1000,18547,19340,37887
780,1010,19347,20225,39572
780,1020,20136,21061,41197
780,1030,20955,21925,42880
780,1040,21738,22760,44498
780,1050,22539,23623,46162
780,1060,23337,24487,47824
780,1070,24220,25337,49557
780,1080,25043,26259,51302
780,1090,25844,27134,52978
780,1100,26683,28024,54707
780,1110,27548,28880,56428
780,1120,28387,29731,58118
780,1130,29208,30583,59791
780,1140,30049,31373,61422
780,1150,30864,32214,63078
780,1160,31702,33064,64766
780,1170,32536,33951,66487
780,1180,33335,34823,68158
780,1190,34135,35696,69831
780,1200,34944,36609,71553
780,1210,35809,37472,73281
780,1220,36618,38312,74930
780,1230,37435,39176,76611
780,1240,38293,40009,78302
780,1250,39124,40903,80027
780,1260,39954,41759,81713
780,1270,40809,42696,83505
780,1280,41672,43574,85246
780,1290,42567,44467,87034
780,1300,43452,45357,88809
780,1310,44339,46224,90563
780,1320,45170,47087,92257
780,1330,46001,47965,93966
780,1340,46855,48805,95660
780,1350,47718,49664,97382
780,1360,48521,50544,99065
780,1370,49449,51434,100883
780,1380,50307,52327,102634
780,1390,51185,53224,104409
780,1400,52018,54066,106084
780,1410,52921,54933,107854
780,1420,53808,55819,109627
780,1430,54678,56713,111391
780,1440,55573,57630,113203
780,1450,56428,58421,114849
780,1460,57299,59276,116575
780,1470,58157,60125,118282
780,1480,59075,60969,120044
780,1490,59928,61840,121768
780,1500,60748,62741,123489
780,1510,61615,63590,125205
780,1520,62461,64462,126923
780,1530,63291,65356,128647
780,1540,64077,66168,130245
780,1550,64939,66997,131936
780,1560,65831,67958,133789
780,1570,66675,68853,135528
780,1580,67441,69758,137199
780,1590,68299,70696,138995
780,1600,69123,71578,140701
780,1610,70089,72490,142579
780,1620,70916,73360,144276
780,1630,71776,74215,145991
780,1640,72640,75115,147755
780,1650,73508,76041,149549
780,1660,74378,76937,151315
780,1670,75238,77791,153029
780,1680,76102,78672,154774
780,1690,76957,79542,156499
780,1700,77772,80453,158225
780,1710,78617,81402,160019
780,1720,79460,82292,161752
780,1730,80297,83148,163445
780,1740,81110,84049,165159
780,1750,81972,84919,166891
780,1760,82829,85784,168613
780,1770,83706,86653,170359
780,1780,84571,87517,172088
780,1790,85421,88440,173861
780,1800,86304,89327,175631
780,1810,87160,90188,177348
780,1820,88032,91054,179086
780,1830,88900,91902,180802
780,1840,89722,92754,182476
780,1850,90590,93647,184237
780,1860,91427,94515,185942
780,1870,92276,95375,187651
780,1880,93103,96300,189403
780,1890,93993,97192,191185
780,1900,94804,98108,192912
780,1910,95662,98963,194625
780,1920,96490,99842,196332
780,1930,97381,100724,198105
780,1940,98223,101623,199846
780,1950,99043,102459,201502
780,1960,99831,103334,203165
780,1970,100687,104249,204936
780,1980,101485,105146,206631
780,1990,102303,106104,208407
790,790,96,89,185
790,800,980,949,1929
790,810,1872,1795,3667
790,820,2737,2709,5446
790,830,3597,3558,7155
790,840,4483,4437,8920
790,850,5341,5344,10685
790,860,6171,6229,12400
790,870,6950,7073,14023
790,880,7793,7963,15756
790,890,8611,8868,17479
790,900,9422,9804,19226
790,910,10244,10755,20999
790,920,11065,11603,22668
790,930,11907,12479,24386
790,940,12783,13345,26128
790,950,13598,14192,27790
790,960,14437,15064,29501
790,970,15292,15935,31227
790,980,16131,16796,32927
790,990,16896,17620,34516
790,1000,17684,18485,36169
790,1010,18484,19370,37854
790,1020,19273,20206,39479
790,1030,20092,21070,41162
790,1040,20875,21905,42780
790,1050,21676,22768,44444
790,1060,22474,23632,46106
790,1070,23357,24482,47839
790,1080,24180,25404,49584
790,1090,24981,26279,51260
790,1100,25820,27169,52989
790,1110,26685,28025,54710
790,1120,27524,28876,56400
790,1130,28345,29728,58073
790,1140,29186,30518,59704
790,1150,30001,31359,61360
790,1160,30839,32209,63048
790,1170,31673,33096,64769
790,1180,32472,33968,66440
790,1190,33272,34841,68113
790,1200,34081,35754,69835
790,1210,34946,36617,71563
790,1220,35755,37457,73212
790,1230,36572,38321,74893
790,1240,37430,39154,76584
790,1250,38261,40048,78309
790,1260,39091,40904,79995
790,1270,39946,41841,81787
790,1280,40809,42719,83528
790,1290,41704,43612,85316
790,1300,42589,44502,87091
790,1310,43476,45369,88845
790,1320,44307,46232,90539
790,1330,45138,47110,92248
790,1340,45992,47950,93942
790,1350,46855,48809,95664
790,1360,47658,49689,97347
790,1370,48586,50579,99165
790,1380,49444,51472,100916
790,1390,50322,52369,102691
790,1400,51155,53211,104366
790,1410,52058,54078,106136
790,1420,52945,54964,107909
790,1430,53815,55858,109673
790,1440,54710,56775,111485
790,1450,55565,57566,113131
790,1460,56436,58421,114857
790,1470,57294,59270,116564
790,1480,58212,60114,118326
790,1490,59065,60985,120050
790,1500,59885,61886,121771
790,1510,60752,62735,123487
790,1520,61598,63607,125205
790,1530,62428,64501,126929
790,1540,63214,65313,128527
790,1550,64076,66142,130218
790,1560,64968,67103,132071
790,1570,65812,67998,133810
790,1580,66578,68903,135481
790,1590,67436,69841,137277
790,1600,68260,70723,138983
790,1610,69226,71635,140861
790,1620,70053,72505,142558
790,1630,70913,73360,144273
790,1640,71777,74260,146037
790,1650,72645,75186,147831
790,1660,73515,76082,149597
790,1670,74375,76936,151311
790,1680,75239,77817,153056
790,1690,76094,78687,154781
790,1700,76909,79598,156507
790,1710,77754,80547,158301
790,1720,78597,81437,160034
790,1730,79434,82293,161727
790,1740,80247,83194,163441
790,1750,81109,84064,165173
790,1760,81966,84929,166895
790,1770,82843,85798,168641
790,1780,83708,86662,170370
790,1790,84558,87585,172143
790,1800,85441,88472,173913
790,1810,86297,89333,175630
790,1820,87169,90199,177368
790,1830,88037,91047,179084
790,1840,88859,91899,180758
790,1850,89727,92792,182519
790,1860,90564,93660,184224
790,1870,91413,94520,185933
790,1880,92240,95445,187685
790,1890,93130,96337,189467
790,1900,93941,97253,191194
790,1910,94799,98108,192907
790,1920,95627,98987,194614
790,1930,96518,99869,196387
790,1940,97360,100768,198128
790,1950,98180,101604,199784
790,1960,98968,102479,201447
790,1970,99824,103394,203218
790,1980,100622,104291,204913
790,1990,101440,105249,206689
800,800,84,83,167
800,810,976,929,1905
800,820,1841,1843,3684
800,830,2701,2692,5393
800,840,3587,3571,7158
800,850,4445,4478,8923
800,860,5275,5363,10638
800,870,6054,6207,12261
800,880,6897,7097,13994
800,890,7715,8002,15717
800,900,8526,8938,17464
800,910,9348,9889,19237
800,920,10169,10737,20906
800,930,11011,11613,22624
800,940,11887,12479,24366
800,950,12702,13326,26028
800,960,13541,14198,27739
800,970,14396,15069,29465
800,980,15235,15930,31165
800,990,16000,16754,32754
800,1000,16788,17619,34407
800,1010,17588,18504,36092
800,1020,18377,19340,37717
800,1030,19196,20204,39400
800,1040,19979,21039,41018
800,1050,20780,21902,42682
800,1060,21578,22766,44344
800,1070,22461,23616,46077
800,1080,23284,24538,47822
800,1090,24085,25413,49498
800,1100,24924,26303,51227
800,1110,25789,27159,52948
800,1120,26628,28010,54638
800,1130,27449,28862,56311
800,1140,28290,29652,57942
800,1150,29105,30493,59598
800,1160,29943,31343,61286
800,1170,30777,32230,63007
800,1180,31576,33102,64678
800,1190,32376,33975,66351
800,1200,33185,34888,68073
800,1210,34050,35751,69801
800,1220,34859,36591,71450
800,1230,35676,37455,73131
800,1240,36534,38288,74822
800,1250,37365,39182,76547
800,1260,38195,40038,78233
800,1270,39050,40975,80025
800,1280,39913,41853,81766
800,1290,40808,42746,83554
800,1300,41693,43636,85329
800,1310,42580,44503,87083
800,1320,43411,45366,88777
800,1330,44242,46244,90486
800,1340,45096,47084,92180
800,1350,45959,47943,93902
800,1360,46762,48823,95585
800,1370,47690,49713,97403
800,1380,48548,50606,99154
800,1390,49426,51503,100929
800,1400,50259,52345,102604
800,1410,51162,53212,104374
800,1420,52049,54098,106147
800,1430,52919,54992,107911
800,1440,53814,55909,109723
800,1450,54669,56700,111369
800,1460,55540,57555,113095
800,1470,56398,58404,114802
800,1480,57316,59248,116564
800,1490,58169,60119,118288
800,1500,58989,61020,120009
800,1510,59856,61869,121725
800,1520,60702,62741,123443
800,1530,61532,63635,125167
800,1540,62318,64447,126765
800,1550,63180,65276,128456
800,1560,64072,66237,130309
800,1570,64916,67132,132048
800,1580,65682,68037,133719
800,1590,66540,68975,135515
800,1600,67364,69857,137221
800,1610,68330,70769,139099
800,1620,69157,71639,140796
800,1630,70017,72494,142511
800,1640,70881,73394,144275
800,1650,71749,74320,146069
800,1660,72619,75216,147835
800,1670,73479,76070,149549
800,1680,74343,76951,151294
800,1690,75198,77821,153019
800,1700,76013,78732,154745
800,1710,76858,79681,156539
800,1720,77701,80571,158272
800,1730,78538,81427,159965
800,1740,79351,82328,161679
800,1750,80213,83198,163411
800,1760,81070,84063,165133
800,1770,81947,84932,166879
800,1780,82812,85796,168608
800,1790,83662,86719,170381
800,1800,84545,87606,172151
800,1810,85401,88467,173868
800,1820,86273,89333,175606
800,1830,87141,90181,177322
800,1840,87963,91033,178996
800,1850,88831,91926,180757
800,1860,89668,92794,182462
800,1870,90517,93654,184171
800,1880,91344,94579,185923
800,1890,92234,95471,187705
800,1900,93045,96387,189432
800,1910,93903,97242,191145
800,1920,94731,98121,192852
800,1930,95622,99003,194625
800,1940,96464,99902,196366
800,1950,97284,100738,198022
800,1960,98072,101613,199685
800,1970,98928,102528,201456
800,1980,99726,103425,203151
800,1990,100544,104383,204927
810,810,96,86,182
810,820,961,1000,1961
810,830,1821,1849,3670
810,840,2707,2728,5435
810,850,3565,3635,7200
810,860,4395,4520,8915
810,870,5174,5364,10538
810,880,6017,6254,12271
810,890,6835,7159,13994
810,900,7646,8095,15741
810,910,8468,9046,17514
810,920,9289,9894,19183
810,930,10131,10770,20901
810,940,11007,11636,22643
810,950,11822,12483,24305
810,960,12661,13355,26016
810,970,13516,14226,27742
810,980,14355,15087,29442
810,990,15120,15911,31031
810,1000,15908,16776,32684
810,1010,16708,17661,34369
810,1020,17497,18497,35994
810,1030,18316,19361,37677
810,1040,19099,20196,39295
810,1050,19900,21059,40959
810,1060,20698,21923,42621
810,1070,21581,22773,44354
810,1080,22404,23695,46099
810,1090,23205,24570,47775
810,1100,24044,25460,49504
810,1110,24909,26316,51225
810,1120,25748,27167,52915
810,1130,26569,28019,54588
810,1140,27410,28809,56219
810,1150,28225,29650,57875
810,1160,29063,30500,59563
810,1170,29897,31387,61284
810,1180,30696,32259,62955
810,1190,31496,33132,64628
810,1200,32305,34045,66350
810,1210,33170,34908,68078
810,1220,33979,35748,69727
810,1230,34796,36612,71408
810,1240,35654,37445,73099
810,1250,36485,38339,74824
810,1260,37315,39195,76510
810,1270,38170,40132,78302
810,1280,39033,41010,80043
810,1290,39928,41903,81831
810,1300,40813,42793,83606
810,1310,41700,43660,85360
810,1320,42531,44523,87054
810,1330,43362,45401,88763
810,1340,44216,46241,90457
810,1350,45079,47100,92179
810,1360,45882,47980,93862
810,1370,46810,48870,95680
810,1380,47668,49763,97431
810,1390,48546,50660,99206
810,1400,49379,51502,100881
810,1410,50282,52369,102651
810,1420,51169,53255,104424
810,1430,52039,54149,106188
810,1440,52934,55066,108000
810,1450,53789,55857,109646
810,1460,54660,56712,111372
810,1470,55518,57561,113079
810,1480,56436,58405,114841
810,1490,57289,59276,116565
810,1500,58109,60177,118286
810,1510,58976,61026,120002
810,1520,59822,61898,121720
810,1530,60652,62792,123444
810,1540,61438,63604,125042
810,1550,62300,64433,126733
810,1560,63192,65394,128586
810,1570,64036,66289,130325
810,1580,64802,67194,131996
810,1590,65660,68132,133792
810,1600,66484,69014,135498
810,1610,67450,69926,137376
810,1620,68277,70796,139073
810,1630,69137,71651,140788
810,1640,70001,72551,142552
810,1650,70869,73477,144346
810,1660,71739,74373,146112
810,1670,72599,75227,147826
810,1680,73463,76108,149571
810,1690,74318,76978,151296
810,1700,75133,77889,153022
810,1710,75978,78838,154816
810,1720,76821,79728,156549
810,1730,77658,80584,158242
810,1740,78471,81485,159956
810,1750,79333,82355,161688
810,1760,80190,83220,163410
810,1770,81067,84089,165156
810,1780,81932,84953,166885
810,1790,82782,85876,168658
810,1800,83665,86763,170428
810,1810,84521,87624,172145
810,1820,85393,88490,173883
810,1830,86261,89338,175599
810,1840,87083,90190,177273
810,1850,87951,91083,179034
810,1860,88788,91951,180739
810,1870,89637,92811,182448
810,1880,90464,93736,184200
810,1890,91354,94628,185982
810,1900,92165,95544,187709
810,1910,93023,96399,189422
810,1920,93851,97278,191129
810,1930,94742,98160,192902
810,1940,95584,99059,194643
810,1950,96404,99895,196299
810,1960,97192,100770,197962
810,1970,98048,101685,199733
810,1980,98846,102582,201428
810,1990,99664,103540,203204
820,820,77,85,162
820,830,937,934,1871
820,840,1823,1813,3636
820,850,2681,2720,5401
820,860,3511,3605,7116
820,870,4290,4449,8739
820,880,5133,5339,10472
820,890,5951,6244,12195
820,900,6762,7180,13942
820,910,7584,8131,15715
820,920,8405,8979,17384
820,930,9247,9855,19102
820,940,10123,10721,20844
820,950,10938,11568,22506
820,960,11777,12440,24217
820,970,12632,13311,25943
820,980,13471,14172,27643
820,990,14236,14996,29232
820,1000,15024,15861,30885
820,1010,15824,16746,32570
820,1020,16613,17582,34195
820,1030,17432,18446,35878
820,1040,18215,19281,37496
820,1050,19016,20144,39160
820,1060,19814,21008,40822
820,1070,20697,21858,42555
820,1080,21520,22780,44300
820,1090,22321,23655,45976
820,1100,23160,24545,47705
820,1110,24025,25401,49426
820,1120,24864,26252,51116
820,1130,25685,27104,52789
820,1140,26526,27894,54420
820,1150,27341,28735,56076
820,1160,28179,29585,57764
820,1170,29013,30472,59485
820,1180,29812,31344,61156
820,1190,30612,32217,62829
820,1200,31421,33130,64551
820,1210,32286,33993,66279
820,1220,33095,34833,67928
820,1230,33912,35697,69609
820,1240,34770,36530,71300
820,1250,35601,37424,73025
820,1260,36431,38280,74711
820,1270,37286,39217,76503
820,1280,38149,40095,78244
820,1290,39044,40988,80032
820,1300,39929,41878,81807
820,1310,40816,42745,83561
820,1320,41647,43608,85255
820,1330,42478,44486,86964
820,1340,43332,45326,88658
820,1350,44195,46185,90380
820,1360,44998,47065,92063
820,1370,45926,47955,93881
820,1380,46784,48848,95632
820,1390,47662,49745,97407
820,1400,48495,50587,99082
820,1410,49398,51454,100852
820,1420,50285,52340,102625
820,1430,51155,53234,104389
820,1440,52050,54151,106201
820,1450,52905,54942,107847
820,1460,53776,55797,109573
820,1470,54634,56646,111280
820,1480,55552,57490,113042
820,1490,56405,58361,114766
820,1500,57225,59262,116487
820,1510,58092,60111,118203
820,1520,58938,60983,119921
820,1530,59768,61877,121645
820,1540,60554,62689,123243
820,1550,61416,63518,124934
820,1560,62308,64479,126787
820,1570,63152,65374,128526
820,1580,63918,66279,130197
820,1590,64776,67217,131993
820,1600,65600,68099,133699
820,1610,66566,69011,135577
820,1620,67393,69881,137274
820,1630,68253,70736,138989
820,1640,69117,71636,140753
820,1650,69985,72562,142547
820,1660,70855,73458,144313
820,1670,71715,74312,146027
820,1680,72579,75193,147772
820,1690,73434,76063,149497
820,1700,74249,76974,151223
820,1710,75094,77923,153017
820,1720,75937,78813,154750
820,1730,76774,79669,156443
820,1740,77587,80570,158157
820,1750,78449,81440,159889
820,1760,79306,82305,161611
820,1770,80183,83174,163357
820,1780,81048,84038,165086
820,1790,81898,84961,166859
820,1800,82781,85848,168629
820,1810,83637,86709,170346
820,1820,84509,87575,172084
820,1830,85377,88423,173800
820,1840,86199,89275,175474
820,1850,87067,90168,177235
820,1860,87904,91036,178940
820,1870,88753,91896,180649
820,1880,89580,92821,182401
820,1890,90470,93713,184183
820,1900,91281,94629,185910
820,1910,92139,95484,187623
820,1920,92967,96363,189330
820,1930,93858,97245,191103
820,1940,94700,98144,192844
820,1950,95520,98980,194500
820,1960,96308,99855,196163
820,1970,97164,100770,197934
820,1980,97962,101667,199629
820,1990,98780,102625,201405
830,830,85,80,165
830,840,971,959,1930
830,850,1829,1866,3695
830,860,2659,2751,5410
830,870,3438,3595,7033
830,880,4281,4485,8766
830,890,5099,5390,10489
830,900,5910,6326,12236
830,910,6732,7277,14009
830,920,7553,8125,15678
830,930,8395,9001,17396
830,940,9271,9867,19138
830,950,10086,10714,20800
830,960,10925,11586,22511
830,970,11780,12457,24237
830,980,12619,13318,25937
830,990,13384,14142,27526
830,1000,14172,15007,29179
830,1010,14972,15892,30864
830,1020,15761,16728,32489
830,1030,16580,17592,34172
830,1040,17363,18427,35790
830,1050,18164,19290,37454
830,1060,18962,20154,39116
830,1070,19845,21004,40849
830,1080,20668,21926,42594
830,1090,21469,22801,44270
830,1100,22308,23691,45999
830,1110,23173,24547,47720
830,1120,24012,25398,49410
830,1130,24833,26250,51083
830,1140,25674,27040,52714
830,1150,26489,27881,54370
830,1160,27327,28731,56058
830,1170,28161,29618,57779
830,1180,28960,30490,59450
830,1190,29760,31363,61123
830,1200,30569,32276,62845
830,1210,31434,33139,64573
830,1220,32243,33979,66222
830,1230,33060,34843,67903
830,1240,33918,35676,69594
830,1250,34749,36570,71319
830,1260,35579,37426,73005
830,1270,36434,38363,74797
830,1280,37297,39241,76538
830,1290,38192,40134,78326
830,1300,39077,41024,80101
830,1310,39964,41891,81855
830,1320,40795,42754,83549
830,1330,41626,43632,85258
830,1340,42480,44472,86952
830,1350,43343,45331,88674
830,1360,44146,46211,90357
830,1370,45074,47101,92175
830,1380,45932,47994,93926
830,1390,46810,48891,95701
830,1400,47643,49733,97376
830,1410,48546,50600,99146
830,1420,49433,51486,100919
830,1430,50303,52380,102683
830,1440,51198,53297,104495
830,1450,52053,54088,106141
830,1460,52924,54943,107867
830,1470,53782,55792,109574
830,1480,54700,56636,111336
830,1490,55553,57507,113060
830,1500,56373,58408,114781
830,1510,57240,59257,116497
830,1520,58086,60129,118215
830,1530,58916,61023,119939
830,1540,59702,61835,121537
830,1550,60564,62664,123228
830,1560,61456,63625,125081
830,1570,62300,64520,126820
830,1580,63066,65425,128491
830,1590,63924,66363,130287
830,1600,64748,67245,131993
830,1610,65714,68157,133871
830,1620,66541,69027,135568
830,1630,67401,69882,137283
830,1640,68265,70782,139047
830,1650,69133,71708,140841
830,1660,70003,72604,142607
830,1670,70863,73458,144321
830,1680,71727,74339,146066
830,1690,72582,75209,147791
830,1700,73397,76120,149517
830,1710,74242,77069,151311
830,1720,75085,77959,153044
830,1730,75922,78815,154737
830,1740,76735,79716,156451
830,1750,77597,80586,158183
830,1760,78454,81451,159905
830,1770,79331,82320,161651
830,1780,80196,83184,163380
830,1790,81046,84107,165153
830,1800,81929,84994,166923
830,1810,82785,85855,168640
830,1820,83657,86721,170378
830,1830,84525,87569,172094
830,1840,85347,88421,173768
830,1850,86215,89314,175529
830,1860,87052,90182,177234
830,1870,87901,91042,178943
830,1880,88728,91967,180695
830,1890,89618,92859,182477
830,1900,90429,93775,184204
830,1910,91287,94630,185917
830,1920,92115,95509,187624
830,1930,93006,96391,189397
830,1940,93848,97290,191138
830,1950,94668,98126,192794
830,1960,95456,99001,194457
830,1970,96312,99916,196228
830,1980,97110,100813,197923
830,1990,97928,101771,199699
840,840,77,85,162
840,850,935,992,1927
840,860,1765,1877,3642
840,870,2544,2721,5265
840,880,3387,3611,6998
840,890,4205,4516,8721
840,900,5016,5452,10468
840,910,5838,6403,12241
840,920,6659,7251,13910
840,930,7501,8127,15628
840,940,8377,8993,17370
840,950,9192,9840,19032
840,960,10031,10712,20743
840,970,10886,11583,22469
840,980,11725,12444,24169
840,990,12490,13268,25758
840,1000,13278,14133,27411
840,1010,14078,15018,29096
840,1020,14867,15854,30721
840,1030,15686,16718,32404
840,1040,16469,17553,34022
840,1050,17270,18416,35686
840,1060,18068,19280,37348
840,1070,18951,20130,39081
840,1080,19774,21052,40826
840,1090,20575,21927,42502
840,1100,21414,22817,44231
840,1110,22279,23673,45952
840,1120,23118,24524,47642
840,1130,23939,25376,49315
840,1140,24780,26166,50946
840,1150,25595,27007,52602
840,1160,26433,27857,54290
840,1170,27267,28744,56011
840,1180,28066,29616,57682
840,1190,28866,30489,59355
840,1200,29675,31402,61077
840,1210,30540,32265,62805
840,1220,31349,33105,64454
840,1230,32166,33969,66135
840,1240,33024,34802,67826
840,1250,33855,35696,69551
840,1260,34685,36552,71237
840,1270,35540,37489,73029
840,1280,36403,38367,74770
840,1290,37298,39260,76558
840,1300,38183,40150,78333
840,1310,39070,41017,80087
840,1320,39901,41880,81781
840,1330,40732,42758,83490
840,1340,41586,43598,85184
840,1350,42449,44457,86906
840,1360,43252,45337,88589
840,1370,44180,46227,90407
840,1380,45038,47120,92158
840,1390,45916,48017,93933
840,1400,46749,48859,95608
840,1410,47652,49726,97378
840,1420,48539,50612,99151
840,1430,49409,51506,100915
840,1440,50304,52423,102727
840,1450,51159,53214,104373
840,1460,52030,54069,106099
840,1470,52888,54918,107806
840,1480,53806,55762,109568
840,1490,54659,56633,111292
840,1500,55479,57534,113013
840,1510,56346,58383,114729
840,1520,57192,59255,116447
840,1530,58022,60149,118171
840,1540,58808,60961,119769
840,1550,59670,61790,121460
840,1560,60562,62751,123313
840,1570,61406,63646,125052
840,1580,62172,64551,126723
840,1590,63030,65489,128519
840,1600,63854,66371,130225
840,1610,64820,67283,132103
840,1620,65647,68153,133800
840,1630,66507,69008,135515
840,1640,67371,69908,137279
840,1650,68239,70834,139073
840,1660,69109,71730,140839
840,1670,69969,72584,142553
840,1680,70833,73465,144298
840,1690,71688,74335,146023
840,1700,72503,75246,147749
840,1710,73348,76195,149543
840,1720,74191,77085,151276
840,1730,75028,77941,152969
840,1740,75841,78842,154683
840,1750,76703,79712,156415
840,1760,77560,80577,158137
840,1770,78437,81446,159883
840,1780,79302,82310,161612
840,1790,80152,83233,163385
840,1800,81035,84120,165155
840,1810,81891,84981,166872
840,1820,82763,85847,168610
840,1830,83631,86695,170326
840,1840,84453,87547,172000
840,1850,85321,88440,173761
840,1860,86158,89308,175466
840,1870,87007,90168,177175
840,1880,87834,91093,178927
840,1890,88724,91985,180709
840,1900,89535,92901,182436
840,1910,90393,93756,184149
840,1920,91221,94635,185856
840,1930,92112,95517,187629
840,1940,92954,96416,189370
840,1950,93774,97252,191026
840,1960,94562,98127,192689
840,1970,95418,99042,194460
840,1980,96216,99939,196155
840,1990,97034,100897,197931
850,850,104,90,194
850,860,934,975,1909
850,870,1713,1819,3532
850,880,2556,2709,5265
850,890,3374,3614,6988
850,900,4185,4550,8735
850,910,5007,5501,10508
850,920,5828,6349,12177
850,930,6670,7225,13895
850,940,7546,8091,15637
850,950,8361,8938,17299
850,960,9200,9810,19010
850,970,10055,10681,20736
850,980,10894,11542,22436
850,990,11659,12366,24025
850,1000,12447,13231,25678
850,1010,13247,14116,27363
850,1020,14036,14952,28988
850,1030,14855,15816,30671
850,1040,15638,16651,32289
850,1050,16439,17514,33953
850,1060,17237,18378,35615
850,1070,18120,19228,37348
850,1080,18943,20150,39093
850,1090,19744,21025,40769
850,1100,20583,21915,42498
850,1110,21448,22771,44219
850,1120,22287,23622,45909
850,1130,23108,24474,47582
850,1140,23949,25264,49213
850,1150,24764,26105,50869
850,1160,25602,26955,52557
850,1170,26436,27842,54278
850,1180,27235,28714,55949
850,1190,28035,29587,57622
850,1200,28844,30500,59344
850,1210,29709,31363,61072
850,1220,30518,32203,62721
850,1230,31335,33067,64402
850,1240,32193,33900,66093
850,1250,33024,34794,67818
850,1260,33854,35650,69504
850,1270,34709,36587,71296
850,1280,35572,37465,73037
850,1290,36467,38358,74825
850,1300,37352,39248,76600
850,1310,38239,40115,78354
850,1320,39070,40978,80048
850,1330,39901,41856,81757
850,1340,40755,42696,83451
850,1350,41618,43555,85173
850,1360,42421,44435,86856
850,1370,43349,45325,88674
850,1380,44207,46218,90425
850,1390,45085,47115,92200
850,1400,45918,47957,93875
850,1410,46821,48824,95645
850,1420,47708,49710,97418
850,1430,48578,50604,99182
850,1440,49473,51521,100994
850,1450,50328,52312,102640
850,1460,51199,53167,104366
850,1470,52057,54016,106073
850,1480,52975,54860,107835
850,1490,53828,55731,109559
850,1500,54648,56632,111280
850,1510,55515,57481,112996
850,1520,56361,58353,114714
850,1530,57191,59247,116438
850,1540,57977,60059,118036
850,1550,58839,60888,119727
850,1560,59731,61849,121580
850,1570,60575,62744,123319
850,1580,61341,63649,124990
850,1590,62199,64587,126786
850,1600,63023,65469,128492
850,1610,63989,66381,130370
850,1620,64816,67251,132067
850,1630,65676,68106,133782
850,1640,66540,69006,135546
850,1650,67408,69932,137340
850,1660,68278,70828,139106
850,1670,69138,71682,140820
850,1680,70002,72563,142565
850,1690,70857,73433,144290
850,1700,71672,74344,146016
850,1710,72517,75293,147810
850,1720,73360,76183,149543
850,1730,74197,77039,151236
850,1740,75010,77940,152950
850,1750,75872,78810,154682
850,1760,76729,79675,156404
850,1770,77606,80544,158150
850,1780,78471,81408,159879
850,1790,79321,82331,161652
850,1800,80204,83218,163422
850,1810,81060,84079,165139
850,1820,81932,84945,166877
850,1830,82800,85793,168593
850,1840,83622,86645,170267
850,1850,84490,87538,172028
850,1860,85327,88406,173733
850,1870,86176,89266,175442
850,1880,87003,90191,177194
850,1890,87893,91083,178976
850,1900,88704,91999,180703
850,1910,89562,92854,182416
850,1920,90390,93733,184123
850,1930,91281,94615,185896
850,1940,92123,95514,187637
850,1950,92943,96350,189293
850,1960,93731,97225,190956
850,1970,94587,98140,192727
850,1980,95385,99037,194422
850,1990,96203,99995,196198
860,860,79,103,182
860,870,858,947,1805
860,880,1701,1837,3538
860,890,2519,2742,5261
860,900,3330,3678,7008
860,910,4152,4629,8781
860,920,4973,5477,10450
860,930,5815,6353,12168
860,940,6691,7219,13910
860,950,7506,8066,15572
860,960,8345,8938,17283
860,970,9200,9809,19009
860,980,10039,10670,20709
860,990,10804,11494,22298
860,1000,11592,12359,23951
860,1010,12392,13244,25636
860,1020,13181,14080,27261
860,1030,14000,14944,28944
860,1040,14783,15779,30562
860,1050,15584,16642,32226
860,1060,16382,17506,33888
860,1070,17265,18356,35621
860,1080,18088,19278,37366
860,1090,18889,20153,39042
860,1100,19728,21043,40771
860,1110,20593,21899,42492
860,1120,21432,22750,44182
860,1130,22253,23602,45855
860,1140,23094,24392,47486
860,1150,23909,25233,49142
860,1160,24747,26083,50830
860,1170,25581,26970,52551
860,1180,26380,27842,54222
860,1190,27180,28715,55895
860,1200,27989,29628,57617
860,1210,28854,30491,59345
860,1220,29663,31331,60994
860,1230,30480,32195,62675
860,1240,31338,33028,64366
860,1250,32169,33922,66091
860,1260,32999,34778,67777
860,1270,33854,35715,69569
860,1280,34717,36593,71310
860,1290,35612,37486,73098
860,1300,36497,38376,74873
860,1310,37384,39243,76627
860,1320,38215,40106,78321
860,1330,39046,40984,80030
860,1340,39900,41824,81724
860,1350,40763,42683,83446
860,1360,41566,43563,85129
860,1370,42494,44453,86947
860,1380,43352,45346,88698
860,1390,44230,46243,90473
860,1400,45063,47085,92148
860,1410,45966,47952,93918
860,1420,46853,48838,95691
860,1430,47723,49732,97455
860,1440,48618,50649,99267
860,1450,49473,51440,100913
860,1460,50344,52295,102639
860,1470,51202,53144,104346
860,1480,52120,53988,106108
860,1490,52973,54859,107832
860,1500,53793,55760,109553
860,1510,54660,56609,111269
860,1520,55506,57481,112987
860,1530,56336,58375,114711
860,1540,57122,59187,116309
860,1550,57984,60016,118000
860,1560,58876,60977,119853
860,1570,59720,61872,121592
860,1580,60486,62777,123263
860,1590,61344,63715,125059
860,1600,62168,64597,126765
860,1610,63134,65509,128643
860,1620,63961,66379,130340
860,1630,64821,67234,132055
860,1640,65685,68134,133819
860,1650,66553,69060,135613
860,1660,67423,69956,137379
860,1670,68283,70810,139093
860,1680,69147,71691,140838
860,1690,70002,72561,142563
860,1700,70817,73472,144289
860,1710,71662,74421,146083
860,1720,72505,75311,147816
860,1730,73342,76167,149509
860,1740,74155,77068,151223
860,1750,75017,77938,152955
860,1760,75874,78803,154677
860,1770,76751,79672,156423
860,1780,77616,80536,158152
860,1790,78466,81459,159925
860,1800,79349,82346,161695
860,1810,80205,83207,163412
860,1820,81077,84073,165150
860,1830,81945,84921,166866
860,1840,82767,85773,168540
860,1850,83635,86666,170301
860,1860,84472,87534,172006
860,1870,85321,88394,173715
860,1880,86148,89319,175467
860,1890,87038,90211,177249
860,1900,87849,91127,178976
860,1910,88707,91982,180689
860,1920,89535,92861,182396
860,1930,90426,93743,184169
860,1940,91268,94642,185910
860,1950,92088,95478,187566
860,1960,92876,96353,189229
860,1970,93732,97268,191000
860,1980,94530,98165,192695
860,1990,95348,99123,194471
870,870,90,90,180
870,880,933,980,1913
870,890,1751,1885,3636
870,900,2562,2821,5383
870,910,3384,3772,7156
870,920,4205,4620,8825
870,930,5047,5496,10543
870,940,5923,6362,12285
870,950,6738,7209,13947
870,960,7577,8081,15658
870,970,8432,8952,17384
870,980,9271,9813,19084
870,990,10036,10637,20673
870,1000,10824,11502,22326
870,1010,11624,12387,24011
870,1020,12413,13223,25636
870,1030,13232,14087,27319
870,1040,14015,14922,28937
870,1050,14816,15785,30601
870,1060,15614,16649,32263
870,1070,16497,17499,33996
870,1080,17320,18421,35741
870,1090,18121,19296,37417
870,1100,18960,20186,39146
870,1110,19825,21042,40867
870,1120,20664,21893,42557
870,1130,21485,22745,44230
870,1140,22326,23535,45861
870,1150,23141,24376,47517
870,1160,23979,25226,49205
870,1170,24813,26113,50926
870,1180,25612,26985,52597
870,1190,26412,27858,54270
870,1200,27221,28771,55992
870,1210,28086,29634,57720
870,1220,28895,30474,59369
870,1230,29712,31338,61050
870,1240,30570,32171,62741
870,1250,31401,33065,64466
870,1260,32231,33921,66152
870,1270,33086,34858,67944
870,1280,33949,35736,69685
870,1290,34844,36629,71473
870,1300,35729,37519,73248
870,1310,36616,38386,75002
870,1320,37447,39249,76696
870,1330,38278,40127,78405
870,1340,39132,40967,80099
870,1350,39995,41826,81821
870,1360,40798,42706,83504
870,1370,41726,43596,85322
870,1380,42584,44489,87073
870,1390,43462,45386,88848
870,1400,44295,46228,90523
870,1410,45198,47095,92293
870,1420,46085,47981,94066
870,1430,46955,48875,95830
870,1440,47850,49792,97642
870,1450,48705,50583,99288
870,1460,49576,51438,101014
870,1470,50434,52287,102721
870,1480,51352,53131,104483
870,1490,52205,54002,106207
870,1500,53025,54903,107928
870,1510,53892,55752,109644
870,1520,54738,56624,111362
870,1530,55568,57518,113086
870,1540,56354,58330,114684
870,1550,57216,59159,116375
870,1560,58108,60120,118228
870,1570,58952,61015,119967
870,1580,59718,61920,121638
870,1590,60576,62858,123434
870,1600,61400,63740,125140
870,1610,62366,64652,127018
870,1620,63193,65522,128715
870,1630,64053,66377,130430
870,1640,64917,67277,132194
870,1650,65785,68203,133988
870,1660,66655,69099,135754
870,1670,67515,69953,137468
870,1680,68379,70834,139213
870,1690,69234,71704,140938
870,1700,70049,72615,142664
870,1710,70894,73564,144458
870,1720,71737,74454,146191
870,1730,72574,75310,147884
870,1740,73387,76211,149598
870,1750,74249,77081,151330
870,1760,75106,77946,153052
870,1770,75983,78815,154798
870,1780,76848,79679,156527
870,1790,77698,80602,158300
870,1800,78581,81489,160070
870,1810,79437,82350,161787
870,1820,80309,83216,163525
870,1830,81177,84064,165241
870,1840,81999,84916,166915
870,1850,82867,85809,168676
870,1860,83704,86677,170381
870,1870,84553,87537,172090
870,1880,85380,88462,173842
870,1890,86270,89354,175624
870,1900,87081,90270,177351
870,1910,87939,91125,179064
870,1920,88767,92004,180771
870,1930,89658,92886,182544
870,1940,90500,93785,184285
870,1950,91320,94621,185941
870,1960,92108,95496,187604
870,1970,92964,96411,189375
870,1980,93762,97308,191070
870,1990,94580,98266,192846
880,880,100,81,181
880,890,918,986,1904
880,900,1729,1922,3651
880,910,2551,2873,5424
880,920,3372,3721,7093
880,930,4214,4597,8811
880,940,5090,5463,10553
880,950,5905,6310,12215
880,960,6744,7182,13926
880,970,7599,8053,15652
880,980,8438,8914,17352
880,990,9203,9738,18941
880,1000,9991,10603,20594
880,1010,10791,11488,22279
880,1020,11580,12324,23904
880,1030,12399,13188,25587
880,1040,13182,14023,27205
880,1050,13983,14886,28869
880,1060,14781,15750,30531
880,1070,15664,16600,32264
880,1080,16487,17522,34009
880,1090,17288,18397,35685
880,1100,18127,19287,37414
880,1110,18992,20143,39135
880,1120,19831,20994,40825
880,1130,20652,21846,42498
880,1140,21493,22636,44129
880,1150,22308,23477,45785
880,1160,23146,24327,47473
880,1170,23980,25214,49194
880,1180,24779,26086,50865
880,1190,25579,26959,52538
880,1200,26388,27872,54260
880,1210,27253,28735,55988
880,1220,28062,29575,57637
880,1230,28879,30439,59318
880,1240,29737,31272,61009
880,1250,30568,32166,62734
880,1260,31398,33022,64420
880,1270,32253,33959,66212
880,1280,33116,34837,67953
880,1290,34011,35730,69741
880,1300,34896,36620,71516
880,1310,35783,37487,73270
880,1320,36614,38350,74964
880,1330,37445,39228,76673
880,1340,38299,40068,78367
880,1350,39162,40927,80089
880,1360,39965,41807,81772
880,1370,40893,42697,83590
880,1380,41751,43590,85341
880,1390,42629,44487,87116
880,1400,43462,45329,88791
880,1410,44365,46196,90561
880,1420,45252,47082,92334
880,1430,46122,47976,94098
880,1440,47017,48893,95910
880,1450,47872,49684,97556
880,1460,48743,50539,99282
880,1470,49601,51388,100989
880,1480,50519,52232,102751
880,1490,51372,53103,104475
880,1500,52192,54004,106196
880,1510,53059,54853,107912
880,1520,53905,55725,109630
880,1530,54735,56619,111354
880,1540,55521,57431,112952
880,1550,56383,58260,114643
880,1560,57275,59221,116496
880,1570,58119,60116,118235
880,1580,58885,61021,119906
880,1590,59743,61959,121702
880,1600,60567,62841,123408
880,1610,61533,63753,125286
880,1620,62360,64623,126983
880,1630,63220,65478,128698
880,1640,64084,66378,130462
880,1650,64952,67304,132256
880,1660,65822,68200,134022
880,1670,66682,69054,135736
880,1680,67546,69935,137481
880,1690,68401,70805,139206
880,1700,69216,71716,140932
880,1710,70061,72665,142726
880,1720,70904,73555,144459
880,1730,71741,74411,146152
880,1740,72554,75312,147866
880,1750,73416,76182,149598
880,1760,74273,77047,151320
880,1770,75150,77916,153066
880,1780,76015,78780,154795
880,1790,76865,79703,156568
880,1800,77748,80590,158338
880,1810,78604,81451,160055
880,1820,79476,82317,161793
880,1830,80344,83165,163509
880,1840,81166,84017,165183
880,1850,82034,84910,166944
880,1860,82871,85778,168649
880,1870,83720,86638,170358
880,1880,84547,87563,172110
880,1890,85437,88455,173892
880,1900,86248,89371,175619
880,1910,87106,90226,177332
880,1920,87934,91105,179039
880,1930,88825,91987,180812
880,1940,89667,92886,182553
880,1950,90487,93722,184209
880,1960,91275,94597,185872
880,1970,92131,95512,187643
880,1980,92929,96409,189338
880,1990,93747,97367,191114
890,890,79,94,173
890,900,890,1030,1920
890,910,1712,1981,3693
890,920,2533,2829,5362
890,930,3375,3705,7080
890,940,4251,4571,8822
890,950,5066,5418,10484
890,960,5905,6290,12195
890,970,6760,7161,13921
890,980,7599,8022,15621
890,990,8364,8846,17210
890,1000,9152,9711,18863
890,1010,9952,10596,20548
890,1020,10741,11432,22173
890,1030,11560,12296,23856
890,1040,12343,13131,25474
890,1050,13144,13994,27138
890,1060,13942,14858,28800
890,1070,14825,15708,30533
890,1080,15648,16630,32278
890,1090,16449,17505,33954
890,1100,17288,18395,35683
890,1110,18153,19251,37404
890,1120,18992,20102,39094
890,1130,19813,20954,40767
890,1140,20654,21744,42398
890,1150,21469,22585,44054
890,1160,22307,23435,45742
890,1170,23141,24322,47463
890,1180,23940,25194,49134
890,1190,24740,26067,50807
890,1200,25549,26980,52529
890,1210,26414,27843,54257
890,1220,27223,28683,55906
890,1230,28040,29547,57587
890,1240,28898,30380,59278
890,1250,29729,31274,61003
890,1260,30559,32130,62689
890,1270,31414,33067,64481
890,1280,32277,33945,66222
890,1290,33172,34838,68010
890,1300,34057,35728,69785
890,1310,34944,36595,71539
890,1320,35775,37458,73233
890,1330,36606,38336,74942
890,1340,37460,39176,76636
890,1350,38323,40035,78358
890,1360,39126,40915,80041
890,1370,40054,41805,81859
890,1380,40912,42698,83610
890,1390,41790,43595,85385
890,1400,42623,44437,87060
890,1410,43526,45304,88830
890,1420,44413,46190,90603
890,1430,45283,47084,92367
890,1440,46178,48001,94179
890,1450,47033,48792,95825
890,1460,47904,49647,97551
890,1470,48762,50496,99258
890,1480,49680,51340,101020
890,1490,50533,52211,102744
890,1500,51353,53112,104465
890,1510,52220,53961,106181
890,1520,53066,54833,107899
890,1530,53896,55727,109623
890,1540,54682,56539,111221
890,1550,55544,57368,112912
890,1560,56436,58329,114765
890,1570,57280,59224,116504
890,1580,58046,60129,118175
890,1590,58904,61067,119971
890,1600,59728,61949,121677
890,1610,60694,62861,123555
890,1620,61521,63731,125252
890,1630,62381,64586,126967
890,1640,63245,65486,128731
890,1650,64113,66412,130525
890,1660,64983,67308,132291
890,1670,65843,68162,134005
890,1680,66707,69043,135750
890,1690,67562,69913,137475
890,1700,68377,70824,139201
890,1710,69222,71773,140995
890,1720,70065,72663,142728
890,1730,70902,73519,144421
890,1740,71715,74420,146135
890,1750,72577,75290,147867
890,1760,73434,76155,149589
890,1770,74311,77024,151335
890,1780,75176,77888,153064
890,1790,76026,78811,154837
890,1800,76909,79698,156607
890,1810,77765,80559,158324
890,1820,78637,81425,160062
890,1830,79505,82273,161778
890,1840,80327,83125,163452
890,1850,81195,84018,165213
890,1860,82032,84886,166918
890,1870,82881,85746,168627
890,1880,83708,86671,170379
890,1890,84598,87563,172161
890,1900,85409,88479,173888
890,1910,86267,89334,175601
890,1920,87095,90213,177308
890,1930,87986,91095,179081
890,1940,88828,91994,180822
890,1950,89648,92830,182478
890,1960,90436,93705,184141
890,1970,91292,94620,185912
890,1980,92090,95517,187607
890,1990,92908,96475,189383
900,900,87,101,188
900,910,909,1052,1961
900,920,1730,1900,3630
900,930,2572,2776,5348
900,940,3448,3642,7090
900,950,4263,4489,8752
900,960,5102,5361,10463
900,970,5957,6232,12189
900,980,6796,7093,13889
900,990,7561,7917,15478
900,1000,8349,8782,17131
900,1010,9149,9667,18816
900,1020,9938,10503,20441
900,1030,10757,11367,22124
900,1040,11540,12202,23742
900,1050,12341,13065,25406
900,1060,13139,13929,27068
900,1070,14022,14779,28801
900,1080,14845,15701,30546
900,1090,15646,16576,32222
900,1100,16485,17466,33951
900,1110,17350,18322,35672
900,1120,18189,19173,37362
900,1130,19010,20025,39035
900,1140,19851,20815,40666
900,1150,20666,21656,42322
900,1160,21504,22506,44010
900,1170,22338,23393,45731
900,1180,23137,24265,47402
900,1190,23937,25138,49075
900,1200,24746,26051,50797
900,1210,25611,26914,52525
900,1220,26420,27754,54174
900,1230,27237,28618,55855
900,1240,28095,29451,57546
900,1250,28926,30345,59271
900,1260,29756,31201,60957
900,1270,30611,32138,62749
900,1280,31474,33016,64490
900,1290,32369,33909,66278
900,1300,33254,34799,68053
900,1310,34141,35666,69807
900,1320,34972,36529,71501
900,1330,35803,37407,73210
900,1340,36657,38247,74904
900,1350,37520,39106,76626
900,1360,38323,39986,78309
900,1370,39251,40876,80127
900,1380,40109,41769,81878
900,1390,40987,42666,83653
900,1400,41820,43508,85328
900,1410,42723,44375,87098
900,1420,43610,45261,88871
900,1430,44480,46155,90635
900,1440,45375,47072,92447
900,1450,46230,47863,94093
900,1460,47101,48718,95819
900,1470,47959,49567,97526
900,1480,48877,50411,99288
900,1490,49730,51282,101012
900,1500,50550,52183,102733
900,1510,51417,53032,104449
900,1520,52263,53904,106167
900,1530,53093,54798,107891
900,1540,53879,55610,109489
900,1550,54741,56439,111180
900,1560,55633,57400,113033
900,1570,56477,58295,114772
900,1580,57243,59200,116443
900,1590,58101,60138,118239
900,1600,58925,61020,119945
900,1610,59891,61932,121823
900,1620,60718,62802,123520
900,1630,61578,63657,125235
900,1640,62442,64557,126999
900,1650,63310,65483,128793
900,1660,64180,66379,130559
900,1670,65040,67233,132273
900,1680,65904,68114,134018
900,1690,66759,68984,135743
900,1700,67574,69895,137469
900,1710,68419,70844,139263
900,1720,69262,71734,140996
900,1730,70099,72590,142689
900,1740,70912,73491,144403
900,1750,71774,74361,146135
900,1760,72631,75226,147857
900,1770,73508,76095,149603
900,1780,74373,76959,151332
900,1790,75223,77882,153105
900,1800,76106,78769,154875
900,1810,76962,79630,156592
900,1820,77834,80496,158330
900,1830,78702,81344,160046
900,1840,79524,82196,161720
900,1850,80392,83089,163481
900,1860,81229,83957,165186
900,1870,82078,84817,166895
900,1880,82905,85742,168647
900,1890,83795,86634,170429
900,1900,84606,87550,172156
900,1910,85464,88405,173869
900,1920,86292,89284,175576
900,1930,87183,90166,177349
900,1940,88025,91065,179090
900,1950,88845,91901,180746
900,1960,89633,92776,182409
900,1970,90489,93691,184180
900,1980,91287,94588,185875
900,1990,92105,95546,187651
910,910,88,99,187
910,920,909,947,1856
910,930,1751,1823,3574
910,940,2627,2689,5316
910,950,3442,3536,6978
910,960,4281,4408,8689
910,970,5136,5279,10415
910,980,5975,6140,12115
910,990,6740,6964,13704
910,1000,7528,7829,15357
910,1010,8328,8714,17042
910,1020,9117,9550,18667
910,1030,9936,10414,20350
910,1040,10719,11249,21968
910,1050,11520,12112,23632
910,1060,12318,12976,25294
910,1070,13201,13826,27027
910,1080,14024,14748,28772
910,1090,14825,15623,30448
910,1100,15664,16513,32177
910,1110,16529,17369,33898
910,1120,17368,18220,35588
910,1130,18189,19072,37261
910,1140,19030,19862,38892
910,1150,19845,20703,40548
910,1160,20683,21553,42236
910,1170,21517,22440,43957
910,1180,22316,23312,45628
910,1190,23116,24185,47301
910,1200,23925,25098,49023
910,1210,24790,25961,50751
910,1220,25599,26801,52400
910,1230,26416,27665,54081
910,1240,27274,28498,55772
910,1250,28105,29392,57497
910,1260,28935,30248,59183
910,1270,29790,31185,60975
910,1280,30653,32063,62716
910,1290,31548,32956,64504
910,1300,32433,33846,66279
910,1310,33320,34713,68033
910,1320,34151,35576,69727
910,1330,34982,36454,71436
910,1340,35836,37294,73130
910,1350,36699,38153,74852
910,1360,37502,39033,76535
910,1370,38430,39923,78353
910,1380,39288,40816,80104
910,1390,40166,41713,81879
910,1400,40999,42555,83554
910,1410,41902,43422,85324
910,1420,42789,44308,87097
910,1430,43659,45202,88861
910,1440,44554,46119,90673
910,1450,45409,46910,92319
910,1460,46280,47765,94045
910,1470,47138,48614,95752
910,1480,48056,49458,97514
910,1490,48909,50329,99238
910,1500,49729,51230,100959
910,1510,50596,52079,102675
910,1520,51442,52951,104393
910,1530,52272,53845,106117
910,1540,53058,54657,107715
910,1550,53920,55486,109406
910,1560,54812,56447,111259
910,1570,55656,57342,112998
910,1580,56422,58247,114669
910,1590,57280,59185,116465
910,1600,58104,60067,118171
910,1610,59070,60979,120049
910,1620,59897,61849,121746
910,1630,60757,62704,123461
910,1640,61621,63604,125225
910,1650,62489,64530,127019
910,1660,63359,65426,128785
910,1670,64219,66280,130499
910,1680,65083,67161,132244
910,1690,65938,68031,133969
910,1700,66753,68942,135695
910,1710,67598,69891,137489
910,1720,68441,70781,139222
910,1730,69278,71637,140915
910,1740,70091,72538,142629
910,1750,70953,73408,144361
910,1760,71810,74273,146083
910,1770,72687,75142,147829
910,1780,73552,76006,149558
910,1790,74402,76929,151331
910,1800,75285,77816,153101
910,1810,76141,78677,154818
910,1820,77013,79543,156556
910,1830,77881,80391,158272
910,1840,78703,81243,159946
910,1850,79571,82136,161707
910,1860,80408,83004,163412
910,1870,81257,83864,165121
910,1880,82084,84789,166873
910,1890,82974,85681,168655
910,1900,83785,86597,170382
910,1910,84643,87452,172095
910,1920,85471,88331,173802
910,1930,86362,89213,175575
910,1940,87204,90112,177316
910,1950,88024,90948,178972
910,1960,88812,91823,180635
910,1970,89668,92738,182406
910,1980,90466,93635,184101
910,1990,91284,94593,185877
920,920,75,82,157
920,930,917,958,1875
920,940,1793,1824,3617
920,950,2608,2671,5279
920,960,3447,3543,6990
920,970,4302,4414,8716
920,980,5141,5275,10416
920,990,5906,6099,12005
920,1000,6694,6964,13658
920,1010,7494,7849,15343
920,1020,8283,8685,16968
920,1030,9102,9549,18651
920,1040,9885,10384,20269
920,1050,10686,11247,21933
920,1060,11484,12111,23595
920,1070,12367,12961,25328
920,1080,13190,13883,27073
920,1090,13991,14758,28749
920,1100,14830,15648,30478
920,1110,15695,16504,32199
920,1120,16534,17355,33889
920,1130,17355,18207,35562
920,1140,18196,18997,37193
920,1150,19011,19838,38849
920,1160,19849,20688,40537
920,1170,20683,21575,42258
920,1180,21482,22447,43929
920,1190,22282,23320,45602
920,1200,23091,24233,47324
920,1210,23956,25096,49052
920,1220,24765,25936,50701
920,1230,25582,26800,52382
920,1240,26440,27633,54073
920,1250,27271,28527,55798
920,1260,28101,29383,57484
920,1270,28956,30320,59276
920,1280,29819,31198,61017
920,1290,30714,32091,62805
920,1300,31599,32981,64580
920,1310,32486,33848,66334
920,1320,33317,34711,68028
920,1330,34148,35589,69737
920,1340,35002,36429,71431
920,1350,35865,37288,73153
920,1360,36668,38168,74836
920,1370,37596,39058,76654
920,1380,38454,39951,78405
920,1390,39332,40848,80180
920,1400,40165,41690,81855
920,1410,41068,42557,83625
920,1420,41955,43443,85398
920,1430,42825,44337,87162
920,1440,43720,45254,88974
920,1450,44575,46045,90620
920,1460,45446,46900,92346
920,1470,46304,47749,94053
920,1480,47222,48593,95815
920,1490,48075,49464,97539
920,1500,48895,50365,99260
920,1510,49762,51214,100976
920,1520,50608,52086,102694
920,1530,51438,52980,104418
920,1540,52224,53792,106016
920,1550,53086,54621,107707
920,1560,53978,55582,109560
920,1570,54822,56477,111299
920,1580,55588,57382,112970
920,1590,56446,58320,114766
920,1600,57270,59202,116472
920,1610,58236,60114,118350
920,1620,59063,60984,120047
920,1630,59923,61839,121762
920,1640,60787,62739,123526
920,1650,61655,63665,125320
920,1660,62525,64561,127086
920,1670,63385,65415,128800
920,1680,64249,66296,130545
920,1690,65104,67166,132270
920,1700,65919,68077,133996
920,1710,66764,69026,135790
920,1720,67607,69916,137523
920,1730,68444,70772,139216
920,1740,69257,71673,140930
920,1750,70119,72543,142662
920,1760,70976,73408,144384
920,1770,71853,74277,146130
920,1780,72718,75141,147859
920,1790,73568,76064,149632
920,1800,74451,76951,151402
920,1810,75307,77812,153119
920,1820,76179,78678,154857
920,1830,77047,79526,156573
920,1840,77869,80378,158247
920,1850,78737,81271,160008
920,1860,79574,82139,161713
920,1870,80423,82999,163422
920,1880,81250,83924,165174
920,1890,82140,84816,166956
920,1900,82951,85732,168683
920,1910,83809,86587,170396
920,1920,84637,87466,172103
920,1930,85528,88348,173876
920,1940,86370,89247,175617
920,1950,87190,90083,177273
920,1960,87978,90958,178936
920,1970,88834,91873,180707
920,1980,89632,92770,182402
920,1990,90450,93728,184178
930,930,90,89,179
930,940,966,955,1921
930,950,1781,1802,3583
930,960,2620,2674,5294
930,970,3475,3545,7020
930,980,4314,4406,8720
930,990,5079,5230,10309
930,1000,5867,6095,11962
930,1010,6667,6980,13647
930,1020,7456,7816,15272
930,1030,8275,8680,16955
930,1040,9058,9515,18573
930,1050,9859,10378,20237
930,1060,10657,11242,21899
930,1070,11540,12092,23632
930,1080,12363,13014,25377
930,1090,13164,13889,27053
930,1100,14003,14779,28782
930,1110,14868,15635,30503
930,1120,15707,16486,32193
930,1130,16528,17338,33866
930,1140,17369,18128,35497
930,1150,18184,18969,37153
930,1160,19022,19819,38841
930,1170,19856,20706,40562
930,1180,20655,21578,42233
930,1190,21455,22451,43906
930,1200,22264,23364,45628
930,1210,23129,24227,47356
930,1220,23938,25067,49005
930,1230,24755,25931,50686
930,1240,25613,26764,52377
930,1250,26444,27658,54102
930,1260,27274,28514,55788
930,1270,28129,29451,57580
930,1280,28992,30329,59321
930,1290,29887,31222,61109
930,1300,30772,32112,62884
930,1310,31659,32979,64638
930,1320,32490,33842,66332
930,1330,33321,34720,68041
930,1340,34175,35560,69735
930,1350,35038,36419,71457
930,1360,35841,37299,73140
930,1370,36769,38189,74958
930,1380,37627,39082,76709
930,1390,38505,39979,78484
930,1400,39338,40821,80159
930,1410,40241,41688,81929
930,1420,41128,42574,83702
930,1430,41998,43468,85466
930,1440,42893,44385,87278
930,1450,43748,45176,88924
930,1460,44619,46031,90650
930,1470,45477,46880,92357
930,1480,46395,47724,94119
930,1490,47248,48595,95843
930,1500,48068,49496,97564
930,1510,48935,50345,99280
930,1520,49781,51217,100998
930,1530,50611,52111,102722
930,1540,51397,52923,104320
930,1550,52259,53752,106011
930,1560,53151,54713,107864
930,1570,53995,55608,109603
930,1580,54761,56513,111274
930,1590,55619,57451,113070
930,1600,56443,58333,114776
930,1610,57409,59245,116654
930,1620,58236,60115,118351
930,1630,59096,60970,120066
930,1640,59960,61870,121830
930,1650,60828,62796,123624
930,1660,61698,63692,125390
930,1670,62558,64546,127104
930,1680,63422,65427,128849
930,1690,64277,66297,130574
930,1700,65092,67208,132300
930,1710,65937,68157,134094
930,1720,66780,69047,135827
930,1730,67617,69903,137520
930,1740,68430,70804,139234
930,1750,69292,71674,140966
930,1760,70149,72539,142688
930,1770,71026,73408,144434
930,1780,71891,74272,146163
930,1790,72741,75195,147936
930,1800,73624,76082,149706
930,1810,74480,76943,151423
930,1820,75352,77809,153161
930,1830,76220,78657,154877
930,1840,77042,79509,156551
930,1850,77910,80402,158312
930,1860,78747,81270,160017
930,1870,79596,82130,161726
930,1880,80423,83055,163478
930,1890,81313,83947,165260
930,1900,82124,84863,166987
930,1910,82982,85718,168700
930,1920,83810,86597,170407
930,1930,84701,87479,172180
930,1940,85543,88378,173921
930,1950,86363,89214,175577
930,1960,87151,90089,177240
930,1970,88007,91004,179011
930,1980,88805,91901,180706
930,1990,89623,92859,182482
940,940,92,70,162
940,950,907,917,1824
940,960,1746,1789,3535
940,970,2601,2660,5261
940,980,3440,3521,6961
940,990,4205,4345,8550
940,1000,4993,5210,10203
940,1010,5793,6095,11888
940,1020,6582,6931,13513
940,1030,7401,7795,15196
940,1040,8184,8630,16814
940,1050,8985,9493,18478
940,1060,9783,10357,20140
940,1070,10666,11207,21873
940,1080,11489,12129,23618
940,1090,12290,13004,25294
940,1100,13129,13894,27023
940,1110,13994,14750,28744
940,1120,14833,15601,30434
940,1130,15654,16453,32107
940,1140,16495,17243,33738
940,1150,17310,18084,35394
940,1160,18148,18934,37082
940,1170,18982,19821,38803
940,1180,19781,20693,40474
940,1190,20581,21566,42147
940,1200,21390,22479,43869
940,1210,22255,23342,45597
940,1220,23064,24182,47246
940,1230,23881,25046,48927
940,1240,24739,25879,50618
940,1250,25570,26773,52343
940,1260,26400,27629,54029
940,1270,27255,28566,55821
940,1280,28118,29444,57562
940,1290,29013,30337,59350
940,1300,29898,31227,61125
940,1310,30785,32094,62879
940,1320,31616,32957,64573
940,1330,32447,33835,66282
940,1340,33301,34675,67976
940,1350,34164,35534,69698
940,1360,34967,36414,71381
940,1370,35895,37304,73199
940,1380,36753,38197,74950
940,1390,37631,39094,76725
940,1400,38464,39936,78400
940,1410,39367,40803,80170
940,1420,40254,41689,81943
940,1430,41124,42583,83707
940,1440,42019,43500,85519
940,1450,42874,44291,87165
940,1460,43745,45146,88891
940,1470,44603,45995,90598
940,1480,45521,46839,92360
940,1490,46374,47710,94084
940,1500,47194,48611,95805
940,1510,48061,49460,97521
940,1520,48907,50332,99239
940,1530,49737,51226,100963
940,1540,50523,52038,102561
940,1550,51385,52867,104252
940,1560,52277,53828,106105
940,1570,53121,54723,107844
940,1580,53887,55628,109515
940,1590,54745,56566,111311
940,1600,55569,57448,113017
940,1610,56535,58360,114895
940,1620,57362,59230,116592
940,1630,58222,60085,118307
940,1640,59086,60985,120071
940,1650,59954,61911,121865
940,1660,60824,62807,123631
940,1670,61684,63661,125345
940,1680,62548,64542,127090
940,1690,63403,65412,128815
940,1700,64218,66323,130541
940,1710,65063,67272,132335
940,1720,65906,68162,134068
940,1730,66743,69018,135761
940,1740,67556,69919,137475
940,1750,68418,70789,139207
940,1760,69275,71654,140929
940,1770,70152,72523,142675
940,1780,71017,73387,144404
940,1790,71867,74310,146177
940,1800,72750,75197,147947
940,1810,73606,76058,149664
940,1820,74478,76924,151402
940,1830,75346,77772,153118
940,1840,76168,78624,154792
940,1850,77036,79517,156553
940,1860,77873,80385,158258
940,1870,78722,81245,159967
940,1880,79549,82170,161719
940,1890,80439,83062,163501
940,1900,81250,83978,165228
940,1910,82108,84833,166941
940,1920,82936,85712,168648
940,1930,83827,86594,170421
940,1940,84669,87493,172162
940,1950,85489,88329,173818
940,1960,86277,89204,175481
940,1970,87133,90119,177252
940,1980,87931,91016,178947
940,1990,88749,91974,180723
950,950,95,85,180
950,960,934,957,1891
950,970,1789,1828,3617
950,980,2628,2689,5317
950,990,3393,3513,6906
950,1000,4181,4378,8559
950,1010,4981,5263,10244
950,1020,5770,6099,11869
950,1030,6589,6963,13552
950,1040,7372,7798,15170
950,1050,8173,8661,16834
950,1060,8971,9525,18496
950,1070,9854,10375,20229
950,1080,10677,11297,21974
950,1090,11478,12172,23650
950,1100,12317,13062,25379
950,1110,13182,13918,27100
950,1120,14021,14769,28790
950,1130,14842,15621,30463
950,1140,15683,16411,32094
950,1150,16498,17252,33750
950,1160,17336,18102,35438
950,1170,18170,18989,37159
950,1180,18969,19861,38830
950,1190,19769,20734,40503
950,1200,20578,21647,42225
950,1210,21443,22510,43953
950,1220,22252,23350,45602
950,1230,23069,24214,47283
950,1240,23927,25047,48974
950,1250,24758,25941,50699
950,1260,25588,26797,52385
950,1270,26443,27734,54177
950,1280,27306,28612,55918
950,1290,28201,29505,57706
950,1300,29086,30395,59481
950,1310,29973,31262,61235
950,1320,30804,32125,62929
950,1330,31635,33003,64638
950,1340,32489,33843,66332
950,1350,33352,34702,68054
950,1360,34155,35582,69737
950,1370,35083,36472,71555
950,1380,35941,37365,73306
950,1390,36819,38262,75081
950,1400,37652,39104,76756
950,1410,38555,39971,78526
950,1420,39442,40857,80299
950,1430,40312,41751,82063
950,1440,41207,42668,83875
950,1450,42062,43459,85521
950,1460,42933,44314,87247
950,1470,43791,45163,88954
950,1480,44709,46007,90716
950,1490,45562,46878,92440
950,1500,46382,47779,94161
950,1510,47249,48628,95877
950,1520,48095,49500,97595
950,1530,48925,50394,99319
950,1540,49711,51206,100917
950,1550,50573,52035,102608
950,1560,51465,52996,104461
950,1570,52309,53891,106200
950,1580,53075,54796,107871
950,1590,53933,55734,109667
950,1600,54757,56616,111373
950,1610,55723,57528,113251
950,1620,56550,58398,114948
950,1630,57410,59253,116663
950,1640,58274,60153,118427
950,1650,59142,61079,120221
950,1660,60012,61975,121987
950,1670,60872,62829,123701
950,1680,61736,63710,125446
950,1690,62591,64580,127171
950,1700,63406,65491,128897
950,1710,64251,66440,130691
950,1720,65094,67330,132424
950,1730,65931,68186,134117
950,1740,66744,69087,135831
950,1750,67606,69957,137563
950,1760,68463,70822,139285
950,1770,69340,71691,141031
950,1780,70205,72555,142760
950,1790,71055,73478,144533
950,1800,71938,74365,146303
950,1810,72794,75226,148020
950,1820,73666,76092,149758
950,1830,74534,76940,151474
950,1840,75356,77792,153148
950,1850,76224,78685,154909
950,1860,77061,79553,156614
950,1870,77910,80413,158323
950,1880,78737,81338,160075
950,1890,79627,82230,161857
950,1900,80438,83146,163584
950,1910,81296,84001,165297
950,1920,82124,84880,167004
950,1930,83015,85762,168777
950,1940,83857,86661,170518
950,1950,84677,87497,172174
950,1960,85465,88372,173837
950,1970,86321,89287,175608
950,1980,87119,90184,177303
950,1990,87937,91142,179079
960,960,84,96,180
960,970,939,967,1906
960,980,1778,1828,3606
960,990,2543,2652,5195
960,1000,3331,3517,6848
960,1010,4131,4402,8533
960,1020,4920,5238,10158
960,1030,5739,6102,11841
960,1040,6522,6937,13459
960,1050,7323,7800,15123
960,1060,8121,8664,16785
960,1070,9004,9514,18518
960,1080,9827,10436,20263
960,1090,10628,11311,21939
960,1100,11467,12201,23668
960,1110,12332,13057,25389
960,1120,13171,13908,27079
960,1130,13992,14760,28752
960,1140,14833,15550,30383
960,1150,15648,16391,32039
960,1160,16486,17241,33727
960,1170,17320,18128,35448
960,1180,18119,19000,37119
960,1190,18919,19873,38792
960,1200,19728,20786,40514
960,1210,20593,21649,42242
960,1220,21402,22489,43891
960,1230,22219,23353,45572
960,1240,23077,24186,47263
960,1250,23908,25080,48988
960,1260,24738,25936,50674
960,1270,25593,26873,52466
960,1280,26456,27751,54207
960,1290,27351,28644,55995
960,1300,28236,29534,57770
960,1310,29123,30401,59524
960,1320,29954,31264,61218
960,1330,30785,32142,62927
960,1340,31639,32982,64621
960,1350,32502,33841,66343
960,1360,33305,34721,68026
960,1370,34233,35611,69844
960,1380,35091,36504,71595
960,1390,35969,37401,73370
960,1400,36802,38243,75045
960,1410,37705,39110,76815
960,1420,38592,39996,78588
960,1430,39462,40890,80352
960,1440,40357,41807,82164
960,1450,41212,42598,83810
960,1460,42083,43453,85536
960,1470,42941,44302,87243
960,1480,43859,45146,89005
960,1490,44712,46017,90729
960,1500,45532,46918,92450
960,1510,46399,47767,94166
960,1520,47245,48639,95884
960,1530,48075,49533,97608
960,1540,48861,50345,99206
960,1550,49723,51174,100897
960,1560,50615,52135,102750
960,1570,51459,53030,104489
960,1580,52225,53935,106160
960,1590,53083,54873,107956
960,1600,53907,55755,109662
960,1610,54873,56667,111540
960,1620,55700,57537,113237
960,1630,56560,58392,114952
960,1640,57424,59292,116716
960,1650,58292,60218,118510
960,1660,59162,61114,120276
960,1670,60022,61968,121990
960,1680,60886,62849,123735
960,1690,61741,63719,125460
960,1700,62556,64630,127186
960,1710,63401,65579,128980
960,1720,64244,66469,130713
960,1730,65081,67325,132406
960,1740,65894,68226,134120
960,1750,66756,69096,135852
960,1760,67613,69961,137574
960,1770,68490,70830,139320
960,1780,69355,71694,141049
960,1790,70205,72617,142822
960,1800,71088,73504,144592
960,1810,71944,74365,146309
960,1820,72816,75231,148047
960,1830,73684,76079,149763
960,1840,74506,76931,151437
960,1850,75374,77824,153198
960,1860,76211,78692,154903
960,1870,77060,79552,156612
960,1880,77887,80477,158364
960,1890,78777,81369,160146
960,1900,79588,82285,161873
960,1910,80446,83140,163586
960,1920,81274,84019,165293
960,1930,82165,84901,167066
960,1940,83007,85800,168807
960,1950,83827,86636,170463
960,1960,84615,87511,172126
960,1970,85471,88426,173897
960,1980,86269,89323,175592
960,1990,87087,90281,177368
970,970,84,83,167
970,980,923,944,1867
970,990,1688,1768,3456
970,1000,2476,2633,5109
970,1010,3276,3518,6794
970,1020,4065,4354,8419
970,1030,4884,5218,10102
970,1040,5667,6053,11720
970,1050,6468,6916,13384
970,1060,7266,7780,15046
970,1070,8149,8630,16779
970,1080,8972,9552,18524
970,1090,9773,10427,20200
970,1100,10612,11317,21929
970,1110,11477,12173,23650
970,1120,12316,13024,25340
970,1130,13137,13876,27013
970,1140,13978,14666,28644
970,1150,14793,15507,30300
970,1160,15631,16357,31988
970,1170,16465,17244,33709
970,1180,17264,18116,35380
970,1190,18064,18989,37053
970,1200,18873,19902,38775
970,1210,19738,20765,40503
970,1220,20547,21605,42152
970,1230,21364,22469,43833
970,1240,22222,23302,45524
970,1250,23053,24196,47249
970,1260,23883,25052,48935
970,1270,24738,25989,50727
970,1280,25601,26867,52468
970,1290,26496,27760,54256
970,1300,27381,28650,56031
970,1310,28268,29517,57785
970,1320,29099,30380,59479
970,1330,29930,31258,61188
970,1340,30784,32098,62882
970,1350,31647,32957,64604
970,1360,32450,33837,66287
970,1370,33378,34727,68105
970,1380,34236,35620,69856
970,1390,35114,36517,71631
970,1400,35947,37359,73306
970,1410,36850,38226,75076
970,1420,37737,39112,76849
970,1430,38607,40006,78613
970,1440,39502,40923,80425
970,1450,40357,41714,82071
970,1460,41228,42569,83797
970,1470,42086,43418,85504
970,1480,43004,44262,87266
970,1490,43857,45133,88990
970,1500,44677,46034,90711
970,1510,45544,46883,92427
970,1520,46390,47755,94145
970,1530,47220,48649,95869
970,1540,48006,49461,97467
970,1550,48868,50290,99158
970,1560,49760,51251,101011
970,1570,50604,52146,102750
970,1580,51370,53051,104421
970,1590,52228,53989,106217
970,1600,53052,54871,107923
970,1610,54018,55783,109801
970,1620,54845,56653,111498
970,1630,55705,57508,113213
970,1640,56569,58408,114977
970,1650,57437,59334,116771
970,1660,58307,60230,118537
970,1670,59167,61084,120251
970,1680,60031,61965,121996
970,1690,60886,62835,123721
970,1700,61701,63746,125447
970,1710,62546,64695,127241
970,1720,63389,65585,128974
970,1730,64226,66441,130667
970,1740,65039,67342,132381
970,1750,65901,68212,134113
970,1760,66758,69077,135835
970,1770,67635,69946,137581
970,1780,68500,70810,139310
970,1790,69350,71733,141083
970,1800,70233,72620,142853
970,1810,71089,73481,144570
970,1820,71961,74347,146308
970,1830,72829,75195,148024
970,1840,73651,76047,149698
970,1850,74519,76940,151459
970,1860,75356,77808,153164
970,1870,76205,78668,154873
970,1880,77032,79593,156625
970,1890,77922,80485,158407
970,1900,78733,81401,160134
970,1910,79591,82256,161847
970,1920,80419,83135,163554
970,1930,81310,84017,165327
970,1940,82152,84916,167068
970,1950,82972,85752,168724
970,1960,83760,86627,170387
970,1970,84616,87542,172158
970,1980,85414,88439,173853
970,1990,86232,89397,175629
980,980,79,92,171
980,990,844,916,1760
980,1000,1632,1781,3413
980,1010,2432,2666,5098
980,1020,3221,3502,6723
980,1030,4040,4366,8406
980,1040,4823,5201,10024
980,1050,5624,6064,11688
980,1060,6422,6928,13350
980,1070,7305,7778,15083
980,1080,8128,8700,16828
980,1090,8929,9575,18504
980,1100,9768,10465,20233
980,1110,10633,11321,21954
980,1120,11472,12172,23644
980,1130,12293,13024,25317
980,1140,13134,13814,26948
980,1150,13949,14655,28604
980,1160,14787,15505,30292
980,1170,15621,16392,32013
980,1180,16420,17264,33684
980,1190,17220,18137,35357
980,1200,18029,19050,37079
980,1210,18894,19913,38807
980,1220,19703,20753,40456
980,1230,20520,21617,42137
980,1240,21378,22450,43828
980,1250,22209,23344,45553
980,1260,23039,24200,47239
980,1270,23894,25137,49031
980,1280,24757,26015,50772
980,1290,25652,26908,52560
980,1300,26537,27798,54335
980,1310,27424,28665,56089
980,1320,28255,29528,57783
980,1330,29086,30406,59492
980,1340,29940,31246,61186
980,1350,30803,32105,62908
980,1360,31606,32985,64591
980,1370,32534,33875,66409
980,1380,33392,34768,68160
980,1390,34270,35665,69935
980,1400,35103,36507,71610
980,1410,36006,37374,73380
980,1420,36893,38260,75153
980,1430,37763,39154,76917
980,1440,38658,40071,78729
980,1450,39513,40862,80375
980,1460,40384,41717,82101
980,1470,41242,42566,83808
980,1480,42160,43410,85570
980,1490,43013,44281,87294
980,1500,43833,45182,89015
980,1510,44700,46031,90731
980,1520,45546,46903,92449
980,1530,46376,47797,94173
980,1540,47162,48609,95771
980,1550,48024,49438,97462
980,1560,48916,50399,99315
980,1570,49760,51294,101054
980,1580,50526,52199,102725
980,1590,51384,53137,104521
980,1600,52208,54019,106227
980,1610,53174,54931,108105
980,1620,54001,55801,109802
980,1630,54861,56656,111517
980,1640,55725,57556,113281
980,1650,56593,58482,115075
980,1660,57463,59378,116841
980,1670,58323,60232,118555
980,1680,59187,61113,120300
980,1690,60042,61983,122025
980,1700,60857,62894,123751
980,1710,61702,63843,125545
980,1720,62545,64733,127278
980,1730,63382,65589,128971
980,1740,64195,66490,130685
980,1750,65057,67360,132417
980,1760,65914,68225,134139
980,1770,66791,69094,135885
980,1780,67656,69958,137614
980,1790,68506,70881,139387
980,1800,69389,71768,141157
980,1810,70245,72629,142874
980,1820,71117,73495,144612
980,1830,71985,74343,146328
980,1840,72807,75195,148002
980,1850,73675,76088,149763
980,1860,74512,76956,151468
980,1870,75361,77816,153177
980,1880,76188,78741,154929
980,1890,77078,79633,156711
980,1900,77889,80549,158438
980,1910,78747,81404,160151
980,1920,79575,82283,161858
980,1930,80466,83165,163631
980,1940,81308,84064,165372
980,1950,82128,84900,167028
980,1960,82916,85775,168691
980,1970,83772,86690,170462
980,1980,84570,87587,172157
980,1990,85388,88545,173933
990,990,86,89,175
990,1000,874,954,1828
990,1010,1674,1839,3513
990,1020,2463,2675,5138
990,1030,3282,3539,6821
990,1040,4065,4374,8439
990,1050,4866,5237,10103
990,1060,5664,6101,11765
990,1070,6547,6951,13498
990,1080,7370,7873,15243
990,1090,8171,8748,16919
990,1100,9010,9638,18648
990,1110,9875,10494,20369
990,1120,10714,11345,22059
990,1130,11535,12197,23732
990,1140,12376,12987,25363
990,1150,13191,13828,27019
990,1160,14029,14678,28707
990,1170,14863,15565,30428
990,1180,15662,16437,32099
990,1190,16462,17310,33772
990,1200,17271,18223,35494
990,1210,18136,19086,37222
990,1220,18945,19926,38871
990,1230,19762,20790,40552
990,1240,20620,21623,42243
990,1250,21451,22517,43968
990,1260,22281,23373,45654
990,1270,23136,24310,47446
990,1280,23999,25188,49187
990,1290,24894,26081,50975
990,1300,25779,26971,52750
990,1310,26666,27838,54504
990,1320,27497,28701,56198
990,1330,28328,29579,57907
990,1340,29182,30419,59601
990,1350,30045,31278,61323
990,1360,30848,32158,63006
990,1370,31776,33048,64824
990,1380,32634,33941,66575
990,1390,33512,34838,68350
990,1400,34345,35680,70025
990,1410,35248,36547,71795
990,1420,36135,37433,73568
990,1430,37005,38327,75332
990,1440,37900,39244,77144
990,1450,38755,40035,78790
990,1460,39626,40890,80516
990,1470,40484,41739,82223
990,1480,41402,42583,83985
990,1490,42255,43454,85709
990,1500,43075,44355,87430
990,1510,43942,45204,89146
990,1520,44788,46076,90864
990,1530,45618,46970,92588
990,1540,46404,47782,94186
990,1550,47266,48611,95877
990,1560,48158,49572,97730
990,1570,49002,50467,99469
990,1580,49768,51372,101140
990,1590,50626,52310,102936
990,1600,51450,53192,104642
990,1610,52416,54104,106520
990,1620,53243,54974,108217
990,1630,54103,55829,109932
990,1640,54967,56729,111696
990,1650,55835,57655,113490
990,1660,56705,58551,115256
990,1670,57565,59405,116970
990,1680,58429,60286,118715
990,1690,59284,61156,120440
990,1700,60099,62067,122166
990,1710,60944,63016,123960
990,1720,61787,63906,125693
990,1730,62624,64762,127386
990,1740,63437,65663,129100
990,1750,64299,66533,130832
990,1760,65156,67398,132554
990,1770,66033,68267,134300
990,1780,66898,69131,136029
990,1790,67748,70054,137802
990,1800,68631,70941,139572
990,1810,69487,71802,141289
990,1820,70359,72668,143027
990,1830,71227,73516,144743
990,1840,72049,74368,146417
990,1850,72917,75261,148178
990,1860,73754,76129,149883
990,1870,74603,76989,151592
990,1880,75430,77914,153344
990,1890,76320,78806,155126
990,1900,77131,79722,156853
990,1910,77989,80577,158566
990,1920,78817,81456,160273
990,1930,79708,82338,162046
990,1940,80550,83237,163787
990,1950,81370,84073,165443
990,1960,82158,84948,167106
990,1970,83014,85863,168877
990,1980,83812,86760,170572
990,1990,84630,87718,172348
1000,1000,78,83,161
1000,1010,878,968,1846
1000,1020,1667,1804,3471
1000,1030,2486,2668,5154
1000,1040,3269,3503,6772
1000,1050,4070,4366,8436
1000,1060,4868,5230,10098
1000,1070,5751,6080,11831
1000,1080,6574,7002,13576
1000,1090,7375,7877,15252
1000,1100,8214,8767,16981
1000,1110,9079,9623,18702
1000,1120,9918,10474,20392
1000,1130,10739,11326,22065
1000,1140,11580,12116,23696
1000,1150,12395,12957,25352
1000,1160,13233,13807,27040
1000,1170,14067,14694,28761
1000,1180,14866,15566,30432
1000,1190,15666,16439,32105
1000,1200,16475,17352,33827
1000,1210,17340,18215,35555
1000,1220,18149,19055,37204
1000,1230,18966,19919,38885
1000,1240,19824,20752,40576
1000,1250,20655,21646,42301
1000,1260,21485,22502,43987
1000,1270,22340,23439,45779
1000,1280,23203,24317,47520
1000,1290,24098,25210,49308
1000,1300,24983,26100,51083
1000,1310,25870,26967,52837
1000,1320,26701,27830,54531
1000,1330,27532,28708,56240
1000,1340,28386,29548,57934
1000,1350,29249,30407,59656
1000,1360,30052,31287,61339
1000,1370,30980,32177,63157
1000,1380,31838,33070,64908
1000,1390,32716,33967,66683
1000,1400,33549,34809,68358
1000,1410,34452,35676,70128
1000,1420,35339,36562,71901
1000,1430,36209,37456,73665
1000,1440,37104,38373,75477
1000,1450,37959,39164,77123
1000,1460,38830,40019,78849
1000,1470,39688,40868,80556
1000,1480,40606,41712,82318
1000,1490,41459,42583,84042
1000,1500,42279,43484,85763
1000,1510,43146,44333,87479
1000,1520,43992,45205,89197
1000,1530,44822,46099,90921
1000,1540,45608,46911,92519
1000,1550,46470,47740,94210
1000,1560,47362,48701,96063
1000,1570,48206,49596,97802
1000,1580,48972,50501,99473
1000,1590,49830,51439,101269
1000,1600,50654,52321,102975
1000,1610,51620,53233,104853
1000,1620,52447,54103,106550
1000,1630,53307,54958,108265
1000,1640,54171,55858,110029
1000,1650,55039,56784,111823
1000,1660,55909,57680,113589
1000,1670,56769,58534,115303
1000,1680,57633,59415,117048
1000,1690,58488,60285,118773
1000,1700,59303,61196,120499
1000,1710,60148,62145,122293
1000,1720,60991,63035,124026
1000,1730,61828,63891,125719
1000,1740,62641,64792,127433
1000,1750,63503,65662,129165
1000,1760,64360,66527,130887
1000,1770,65237,67396,132633
1000,1780,66102,68260,134362
1000,1790,66952,69183,136135
1000,1800,67835,70070,137905
1000,1810,68691,70931,139622
1000,1820,69563,71797,141360
1000,1830,70431,72645,143076
1000,1840,71253,73497,144750
1000,1850,72121,74390,146511
1000,1860,72958,75258,148216
1000,1870,73807,76118,149925
1000,1880,74634,77043,151677
1000,1890,75524,77935,153459
1000,1900,76335,78851,155186
1000,1910,77193,79706,156899
1000,1920,78021,80585,158606
1000,1930,78912,81467,160379
1000,1940,79754,82366,162120
1000,1950,80574,83202,163776
1000,1960,81362,84077,165439
1000,1970,82218,84992,167210
1000,1980,83016,85889,168905
1000,1990,83834,86847,170681
1010,1010,118,90,208
1010,1020,907,926,1833
1010,1030,1726,1790,3516
1010,1040,2509,2625,5134
1010,1050,3310,3488,6798
1010,1060,4108,4352,8460
1010,1070,4991,5202,10193
1010,1080,5814,6124,11938
1010,1090,6615,6999,13614
1010,1100,7454,7889,15343
1010,1110,8319,8745,17064
1010,1120,9158,9596,18754
1010,1130,9979,10448,20427
1010,1140,10820,11238,22058
1010,1150,11635,12079,23714
1010,1160,12473,12929,25402
1010,1170,13307,13816,27123
1010,1180,14106,14688,28794
1010,1190,14906,15561,30467
1010,1200,15715,16474,32189
1010,1210,16580,17337,33917
1010,1220,17389,18177,35566
1010,1230,18206,19041,37247
1010,1240,19064,19874,38938
1010,1250,19895,20768,40663
1010,1260,20725,21624,42349
1010,1270,21580,22561,44141
1010,1280,22443,23439,45882
1010,1290,23338,24332,47670
1010,1300,24223,25222,49445
1010,1310,25110,26089,51199
1010,1320,25941,26952,52893
1010,1330,26772,27830,54602
1010,1340,27626,28670,56296
1010,1350,28489,29529,58018
1010,1360,29292,30409,59701
1010,1370,30220,31299,61519
1010,1380,31078,32192,63270
1010,1390,31956,33089,65045
1010,1400,32789,33931,66720
1010,1410,33692,34798,68490
1010,1420,34579,35684,70263
1010,1430,35449,36578,72027
1010,1440,36344,37495,73839
1010,1450,37199,38286,75485
1010,1460,38070,39141,77211
1010,1470,38928,39990,78918
1010,1480,39846,40834,80680
1010,1490,40699,41705,82404
1010,1500,41519,42606,84125
1010,1510,42386,43455,85841
1010,1520,43232,44327,87559
1010,1530,44062,45221,89283
1010,1540,44848,46033,90881
1010,1550,45710,46862,92572
1010,1560,46602,47823,94425
1010,1570,47446,48718,96164
1010,1580,48212,49623,97835
1010,1590,49070,50561,99631
1010,1600,49894,51443,101337
1010,1610,50860,52355,103215
1010,1620,51687,53225,104912
1010,1630,52547,54080,106627
1010,1640,53411,54980,108391
1010,1650,54279,55906,110185
1010,1660,55149,56802,111951
1010,1670,56009,57656,113665
1010,1680,56873,58537,115410
1010,1690,57728,59407,117135
1010,1700,58543,60318,118861
1010,1710,59388,61267,120655
1010,1720,60231,62157,122388
1010,1730,61068,63013,124081
1010,1740,61881,63914,125795
1010,1750,62743,64784,127527
1010,1760,63600,65649,129249
1010,1770,64477,66518,130995
1010,1780,65342,67382,132724
1010,1790,66192,68305,134497
1010,1800,67075,69192,136267
1010,1810,67931,70053,137984
1010,1820,68803,70919,139722
1010,1830,69671,71767,141438
1010,1840,70493,72619,143112
1010,1850,71361,73512,144873
1010,1860,72198,74380,146578
1010,1870,73047,75240,148287
1010,1880,73874,76165,150039
1010,1890,74764,77057,151821
1010,1900,75575,77973,153548
1010,1910,76433,78828,155261
1010,1920,77261,79707,156968
1010,1930,78152,80589,158741
1010,1940,78994,81488,160482
1010,1950,79814,82324,162138
1010,1960,80602,83199,163801
1010,1970,81458,84114,165572
1010,1980,82256,85011,167267
1010,1990,83074,85969,169043
1020,1020,82,76,158
1020,1030,901,940,1841
1020,1040,1684,1775,3459
1020,1050,2485,2638,5123
1020,1060,3283,3502,6785
1020,1070,4166,4352,8518
1020,1080,4989,5274,10263
1020,1090,5790,6149,11939
1020,1100,6629,7039,13668
1020,1110,7494,7895,15389
1020,1120,8333,8746,17079
1020,1130,9154,9598,18752
1020,1140,9995,10388,20383
1020,1150,10810,11229,22039
1020,1160,11648,12079,23727
1020,1170,12482,12966,25448
1020,1180,13281,13838,27119
1020,1190,14081,14711,28792
1020,1200,14890,15624,30514
1020,1210,15755,16487,32242
1020,1220,16564,17327,33891
1020,1230,17381,18191,35572
1020,1240,18239,19024,37263
1020,1250,19070,19918,38988
1020,1260,19900,20774,40674
1020,1270,20755,21711,42466
1020,1280,21618,22589,44207
1020,1290,22513,23482,45995
1020,1300,23398,24372,47770
1020,1310,24285,25239,49524
1020,1320,25116,26102,51218
1020,1330,25947,26980,52927
1020,1340,26801,27820,54621
1020,1350,27664,28679,56343
1020,1360,28467,29559,58026
1020,1370,29395,30449,59844
1020,1380,30253,31342,61595
1020,1390,31131,32239,63370
1020,1400,31964,33081,65045
1020,1410,32867,33948,66815
1020,1420,33754,34834,68588
1020,1430,34624,35728,70352
1020,1440,35519,36645,72164
1020,1450,36374,37436,73810
1020,1460,37245,38291,75536
1020,1470,38103,39140,77243
1020,1480,39021,39984,79005
1020,1490,39874,40855,80729
1020,1500,40694,41756,82450
1020,1510,41561,42605,84166
1020,1520,42407,43477,85884
1020,1530,43237,44371,87608
1020,1540,44023,45183,89206
1020,1550,44885,46012,90897
1020,1560,45777,46973,92750
1020,1570,46621,47868,94489
1020,1580,47387,48773,96160
1020,1590,48245,49711,97956
1020,1600,49069,50593,99662
1020,1610,50035,51505,101540
1020,1620,50862,52375,103237
1020,1630,51722,53230,104952
1020,1640,52586,54130,106716
1020,1650,53454,55056,108510
1020,1660,54324,55952,110276
1020,1670,55184,56806,111990
1020,1680,56048,57687,113735
1020,1690,56903,58557,115460
1020,1700,57718,59468,117186
1020,1710,58563,60417,118980
1020,1720,59406,61307,120713
1020,1730,60243,62163,122406
1020,1740,61056,63064,124120
1020,1750,61918,63934,125852
1020,1760,62775,64799,127574
1020,1770,63652,65668,129320
1020,1780,64517,66532,131049
1020,1790,65367,67455,132822
1020,1800,66250,68342,134592
1020,1810,67106,69203,136309
1020,1820,67978,70069,138047
1020,1830,68846,70917,139763
1020,1840,69668,71769,141437
1020,1850,70536,72662,143198
1020,1860,71373,73530,144903
1020,1870,72222,74390,146612
1020,1880,73049,75315,148364
1020,1890,73939,76207,150146
1020,1900,74750,77123,151873
1020,1910,75608,77978,153586
1020,1920,76436,78857,155293
1020,1930,77327,79739,157066
1020,1940,78169,80638,158807
1020,1950,78989,81474,160463
1020,1960,79777,82349,162126
1020,1970,80633,83264,163897
1020,1980,81431,84161,165592
1020,1990,82249,85119,167368
1030,1030,70,66,136
1030,1040,853,901,1754
1030,1050,1654,1764,3418
1030,1060,2452,2628,5080
1030,1070,3335,3478,6813
1030,1080,4158,4400,8558
1030,1090,4959,5275,10234
1030,1100,5798,6165,11963
1030,1110,6663,7021,13684
1030,1120,7502,7872,15374
1030,1130,8323,8724,17047
1030,1140,9164,9514,18678
1030,1150,9979,10355,20334
1030,1160,10817,11205,22022
1030,1170,11651,12092,23743
1030,1180,12450,12964,25414
1030,1190,13250,13837,27087
1030,1200,14059,14750,28809
1030,1210,14924,15613,30537
1030,1220,15733,16453,32186
1030,1230,16550,17317,33867
1030,1240,17408,18150,35558
1030,1250,18239,19044,37283
1030,1260,19069,19900,38969
1030,1270,19924,20837,40761
1030,1280,20787,21715,42502
1030,1290,21682,22608,44290
1030,1300,22567,23498,46065
1030,1310,23454,24365,47819
1030,1320,24285,25228,49513
1030,1330,25116,26106,51222
1030,1340,25970,26946,52916
1030,1350,26833,27805,54638
1030,1360,27636,28685,56321
1030,1370,28564,29575,58139
1030,1380,29422,30468,59890
1030,1390,30300,31365,61665
1030,1400,31133,32207,63340
1030,1410,32036,33074,65110
1030,1420,32923,33960,66883
1030,1430,33793,34854,68647
1030,1440,34688,35771,70459
1030,1450,35543,36562,72105
1030,1460,36414,37417,73831
1030,1470,37272,38266,75538
1030,1480,38190,39110,77300
1030,1490,39043,39981,79024
1030,1500,39863,40882,80745
1030,1510,40730,41731,82461
1030,1520,41576,42603,84179
1030,1530,42406,43497,85903
1030,1540,43192,44309,87501
1030,1550,44054,45138,89192
1030,1560,44946,46099,91045
1030,1570,45790,46994,92784
1030,1580,46556,47899,94455
1030,1590,47414,48837,96251
1030,1600,48238,49719,97957
1030,1610,49204,50631,99835
1030,1620,50031,51501,101532
1030,1630,50891,52356,103247
1030,1640,51755,53256,105011
1030,1650,52623,54182,106805
1030,1660,53493,55078,108571
1030,1670,54353,55932,110285
1030,1680,55217,56813,112030
1030,1690,56072,57683,113755
1030,1700,56887,58594,115481
1030,1710,57732,59543,117275
1030,1720,58575,60433,119008
1030,1730,59412,61289,120701
1030,1740,60225,62190,122415
1030,1750,61087,63060,124147
1030,1760,61944,63925,125869
1030,1770,62821,64794,127615
1030,1780,63686,65658,129344
1030,1790,64536,66581,131117
1030,1800,65419,67468,132887
1030,1810,66275,68329,134604
1030,1820,67147,69195,136342
1030,1830,68015,70043,138058
1030,1840,68837,70895,139732
1030,1850,69705,71788,141493
1030,1860,70542,72656,143198
1030,1870,71391,73516,144907
1030,1880,72218,74441,146659
1030,1890,73108,75333,148441
1030,1900,73919,76249,150168
1030,1910,74777,77104,151881
1030,1920,75605,77983,153588
1030,1930,76496,78865,155361
1030,1940,77338,79764,157102
1030,1950,78158,80600,158758
1030,1960,78946,81475,160421
1030,1970,79802,82390,162192
1030,1980,80600,83287,163887
1030,1990,81418,84245,165663
1040,1040,72,75,147
1040,1050,873,938,1811
1040,1060,1671,1802,3473
1040,1070,2554,2652,5206
1040,1080,3377,3574,6951
1040,1090,4178,4449,8627
1040,1100,5017,5339,10356
1040,1110,5882,6195,12077
1040,1120,6721,7046,13767
1040,1130,7542,7898,15440
1040,1140,8383,8688,17071
1040,1150,9198,9529,18727
1040,1160,10036,10379,20415
1040,1170,10870,11266,22136
1040,1180,11669,12138,23807
1040,1190,12469,13011,25480
1040,1200,13278,13924,27202
1040,1210,14143,14787,28930
1040,1220,14952,15627,30579
1040,1230,15769,16491,32260
1040,1240,16627,17324,33951
1040,1250,17458,18218,35676
1040,1260,18288,19074,37362
1040,1270,19143,20011,39154
1040,1280,20006,20889,40895
1040,1290,20901,21782,42683
1040,1300,21786,22672,44458
1040,1310,22673,23539,46212
1040,1320,23504,24402,47906
1040,1330,24335,25280,49615
1040,1340,25189,26120,51309
1040,1350,26052,26979,53031
1040,1360,26855,27859,54714
1040,1370,27783,28749,56532
1040,1380,28641,29642,58283
1040,1390,29519,30539,60058
1040,1400,30352,31381,61733
1040,1410,31255,32248,63503
1040,1420,32142,33134,65276
1040,1430,33012,34028,67040
1040,1440,33907,34945,68852
1040,1450,34762,35736,70498
1040,1460,35633,36591,72224
1040,1470,36491,37440,73931
1040,1480,37409,38284,75693
1040,1490,38262,39155,77417
1040,1500,39082,40056,79138
1040,1510,39949,40905,80854
1040,1520,40795,41777,82572
1040,1530,41625,42671,84296
1040,1540,42411,43483,85894
1040,1550,43273,44312,87585
1040,1560,44165,45273,89438
1040,1570,45009,46168,91177
1040,1580,45775,47073,92848
1040,1590,46633,48011,94644
1040,1600,47457,48893,96350
1040,1610,48423,49805,98228
1040,1620,49250,50675,99925
1040,1630,50110,51530,101640
1040,1640,50974,52430,103404
1040,1650,51842,53356,105198
1040,1660,52712,54252,106964
1040,1670,53572,55106,108678
1040,1680,54436,55987,110423
1040,1690,55291,56857,112148
1040,1700,56106,57768,113874
1040,1710,56951,58717,115668
1040,1720,57794,59607,117401
1040,1730,58631,60463,119094
1040,1740,59444,61364,120808
1040,1750,60306,62234,122540
1040,1760,61163,63099,124262
1040,1770,62040,63968,126008
1040,1780,62905,64832,127737
1040,1790,63755,65755,129510
1040,1800,64638,66642,131280
1040,1810,65494,67503,132997
1040,1820,66366,68369,134735
1040,1830,67234,69217,136451
1040,1840,68056,70069,138125
1040,1850,68924,70962,139886
1040,1860,69761,71830,141591
1040,1870,70610,72690,143300
1040,1880,71437,73615,145052
1040,1890,72327,74507,146834
1040,1900,73138,75423,148561
1040,1910,73996,76278,150274
1040,1920,74824,77157,151981
1040,1930,75715,78039,153754
1040,1940,76557,78938,155495
1040,1950,77377,79774,157151
1040,1960,78165,80649,158814
1040,1970,79021,81564,160585
1040,1980,79819,82461,162280
1040,1990,80637,83419,164056
1050,1050,93,83,176
1050,1060,891,947,1838
1050,1070,1774,1797,3571
1050,1080,2597,2719,5316
1050,1090,3398,3594,6992
1050,1100,4237,4484,8721
1050,1110,5102,5340,10442
1050,1120,5941,6191,12132
1050,1130,6762,7043,13805
1050,1140,7603,7833,15436
1050,1150,8418,8674,17092
1050,1160,9256,9524,18780
1050,1170,10090,10411,20501
1050,1180,10889,11283,22172
1050,1190,11689,12156,23845
1050,1200,12498,13069,25567
1050,1210,13363,13932,27295
1050,1220,14172,14772,28944
1050,1230,14989,15636,30625
1050,1240,15847,16469,32316
1050,1250,16678,17363,34041
1050,1260,17508,18219,35727
1050,1270,18363,19156,37519
1050,1280,19226,20034,39260
1050,1290,20121,20927,41048
1050,1300,21006,21817,42823
1050,1310,21893,22684,44577
1050,1320,22724,23547,46271
1050,1330,23555,24425,47980
1050,1340,24409,25265,49674
1050,1350,25272,26124,51396
1050,1360,26075,27004,53079
1050,1370,27003,27894,54897
1050,1380,27861,28787,56648
1050,1390,28739,29684,58423
1050,1400,29572,30526,60098
1050,1410,30475,31393,61868
1050,1420,31362,32279,63641
1050,1430,32232,33173,65405
1050,1440,33127,34090,67217
1050,1450,33982,34881,68863
1050,1460,34853,35736,70589
1050,1470,35711,36585,72296
1050,1480,36629,37429,74058
1050,1490,37482,38300,75782
1050,1500,38302,39201,77503
1050,1510,39169,40050,79219
1050,1520,40015,40922,80937
1050,1530,40845,41816,82661
1050,1540,41631,42628,84259
1050,1550,42493,43457,85950
1050,1560,43385,44418,87803
1050,1570,44229,45313,89542
1050,1580,44995,46218,91213
1050,1590,45853,47156,93009
1050,1600,46677,48038,94715
1050,1610,47643,48950,96593
1050,1620,48470,49820,98290
1050,1630,49330,50675,100005
1050,1640,50194,51575,101769
1050,1650,51062,52501,103563
1050,1660,51932,53397,105329
1050,1670,52792,54251,107043
1050,1680,53656,55132,108788
1050,1690,54511,56002,110513
1050,1700,55326,56913,112239
1050,1710,56171,57862,114033
1050,1720,57014,58752,115766
1050,1730,57851,59608,117459
1050,1740,58664,60509,119173
1050,1750,59526,61379,120905
1050,1760,60383,62244,122627
1050,1770,61260,63113,124373
1050,1780,62125,63977,126102
1050,1790,62975,64900,127875
1050,1800,63858,65787,129645
1050,1810,64714,66648,131362
1050,1820,65586,67514,133100
1050,1830,66454,68362,134816
1050,1840,67276,69214,136490
1050,1850,68144,70107,138251
1050,1860,68981,70975,139956
1050,1870,69830,71835,141665
1050,1880,70657,72760,143417
1050,1890,71547,73652,145199
1050,1900,72358,74568,146926
1050,1910,73216,75423,148639
1050,1920,74044,76302,150346
1050,1930,74935,77184,152119
1050,1940,75777,78083,153860
1050,1950,76597,78919,155516
1050,1960,77385,79794,157179
1050,1970,78241,80709,158950
1050,1980,79039,81606,160645
1050,1990,79857,82564,162421
1060,1060,81,86,167
1060,1070,964,936,1900
1060,1080,1787,1858,3645
1060,1090,2588,2733,5321
1060,1100,3427,3623,7050
1060,1110,4292,4479,8771
1060,1120,5131,5330,10461
1060,1130,5952,6182,12134
1060,1140,6793,6972,13765
1060,1150,7608,7813,15421
1060,1160,8446,8663,17109
1060,1170,9280,9550,18830
1060,1180,10079,10422,20501
1060,1190,10879,11295,22174
1060,1200,11688,12208,23896
1060,1210,12553,13071,25624
1060,1220,13362,13911,27273
1060,1230,14179,14775,28954
1060,1240,15037,15608,30645
1060,1250,15868,16502,32370
1060,1260,16698,17358,34056
1060,1270,17553,18295,35848
1060,1280,18416,19173,37589
1060,1290,19311,20066,39377
1060,1300,20196,20956,41152
1060,1310,21083,21823,42906
1060,1320,21914,22686,44600
1060,1330,22745,23564,46309
1060,1340,23599,24404,48003
1060,1350,24462,25263,49725
1060,1360,25265,26143,51408
1060,1370,26193,27033,53226
1060,1380,27051,27926,54977
1060,1390,27929,28823,56752
1060,1400,28762,29665,58427
1060,1410,29665,30532,60197
1060,1420,30552,31418,61970
1060,1430,31422,32312,63734
1060,1440,32317,33229,65546
1060,1450,33172,34020,67192
1060,1460,34043,34875,68918
1060,1470,34901,35724,70625
1060,1480,35819,36568,72387
1060,1490,36672,37439,74111
1060,1500,37492,38340,75832
1060,1510,38359,39189,77548
1060,1520,39205,40061,79266
1060,1530,40035,40955,80990
1060,1540,40821,41767,82588
1060,1550,41683,42596,84279
1060,1560,42575,43557,86132
1060,1570,43419,44452,87871
1060,1580,44185,45357,89542
1060,1590,45043,46295,91338
1060,1600,45867,47177,93044
1060,1610,46833,48089,94922
1060,1620,47660,48959,96619
1060,1630,48520,49814,98334
1060,1640,49384,50714,100098
1060,1650,50252,51640,101892
1060,1660,51122,52536,103658
1060,1670,51982,53390,105372
1060,1680,52846,54271,107117
1060,1690,53701,55141,108842
1060,1700,54516,56052,110568
1060,1710,55361,57001,112362
1060,1720,56204,57891,114095
1060,1730,57041,58747,115788
1060,1740,57854,59648,117502
1060,1750,58716,60518,119234
1060,1760,59573,61383,120956
1060,1770,60450,62252,122702
1060,1780,61315,63116,124431
1060,1790,62165,64039,126204
1060,1800,63048,64926,127974
1060,1810,63904,65787,129691
1060,1820,64776,66653,131429
1060,1830,65644,67501,133145
1060,1840,66466,68353,134819
1060,1850,67334,69246,136580
1060,1860,68171,70114,138285
1060,1870,69020,70974,139994
1060,1880,69847,71899,141746
1060,1890,70737,72791,143528
1060,1900,71548,73707,145255
1060,1910,72406,74562,146968
1060,1920,73234,75441,148675
1060,1930,74125,76323,150448
1060,1940,74967,77222,152189
1060,1950,75787,78058,153845
1060,1960,76575,78933,155508
1060,1970,77431,79848,157279
1060,1980,78229,80745,158974
1060,1990,79047,81703,160750
1070,1070,88,78,166
1070,1080,911,1000,1911
1070,1090,1712,1875,3587
1070,1100,2551,2765,5316
1070,1110,3416,3621,7037
1070,1120,4255,4472,8727
1070,1130,5076,5324,10400
1070,1140,5917,6114,12031
1070,1150,6732,6955,13687
1070,1160,7570,7805,15375
1070,1170,8404,8692,17096
1070,1180,9203,9564,18767
1070,1190,10003,10437,20440
1070,1200,10812,11350,22162
1070,1210,11677,12213,23890
1070,1220,12486,13053,25539
1070,1230,13303,13917,27220
1070,1240,14161,14750,28911
1070,1250,14992,15644,30636
1070,1260,15822,16500,32322
1070,1270,16677,17437,34114
1070,1280,17540,18315,35855
1070,1290,18435,19208,37643
1070,1300,19320,20098,39418
1070,1310,20207,20965,41172
1070,1320,21038,21828,42866
1070,1330,21869,22706,44575
1070,1340,22723,23546,46269
1070,1350,23586,24405,47991
1070,1360,24389,25285,49674
1070,1370,25317,26175,51492
1070,1380,26175,27068,53243
1070,1390,27053,27965,55018
1070,1400,27886,28807,56693
1070,1410,28789,29674,58463
1070,1420,29676,30560,60236
1070,1430,30546,31454,62000
1070,1440,31441,32371,63812
1070,1450,32296,33162,65458
1070,1460,33167,34017,67184
1070,1470,34025,34866,68891
1070,1480,34943,35710,70653
1070,1490,35796,36581,72377
1070,1500,36616,37482,74098
1070,1510,37483,38331,75814
1070,1520,38329,39203,77532
1070,1530,39159,40097,79256
1070,1540,39945,40909,80854
1070,1550,40807,41738,82545
1070,1560,41699,42699,84398
1070,1570,42543,43594,86137
1070,1580,43309,44499,87808
1070,1590,44167,45437,89604
1070,1600,44991,46319,91310
1070,1610,45957,47231,93188
1070,1620,46784,48101,94885
1070,1630,47644,48956,96600
1070,1640,48508,49856,98364
1070,1650,49376,50782,100158
1070,1660,50246,51678,101924
1070,1670,51106,52532,103638
1070,1680,51970,53413,105383
1070,1690,52825,54283,107108
1070,1700,53640,55194,108834
1070,1710,54485,56143,110628
1070,1720,55328,57033,112361
1070,1730,56165,57889,114054
1070,1740,56978,58790,115768
1070,1750,57840,59660,117500
1070,1760,58697,60525,119222
1070,1770,59574,61394,120968
1070,1780,60439,62258,122697
1070,1790,61289,63181,124470
1070,1800,62172,64068,126240
1070,1810,63028,64929,127957
1070,1820,63900,65795,129695
1070,1830,64768,66643,131411
1070,1840,65590,67495,133085
1070,1850,66458,68388,134846
1070,1860,67295,69256,136551
1070,1870,68144,70116,138260
1070,1880,68971,71041,140012
1070,1890,69861,71933,141794
1070,1900,70672,72849,143521
1070,1910,71530,73704,145234
1070,1920,72358,74583,146941
1070,1930,73249,75465,148714
1070,1940,74091,76364,150455
1070,1950,74911,77200,152111
1070,1960,75699,78075,153774
1070,1970,76555,78990,155545
1070,1980,77353,79887,157240
1070,1990,78171,80845,159016
1080,1080,67,87,154
1080,1090,868,962,1830
1080,1100,1707,1852,3559
1080,1110,2572,2708,5280
1080,1120,3411,3559,6970
1080,1130,4232,4411,8643
1080,1140,5073,5201,10274
1080,1150,5888,6042,11930
1080,1160,6726,6892,13618
1080,1170,7560,7779,15339
1080,1180,8359,8651,17010
1080,1190,9159,9524,18683
1080,1200,9968,10437,20405
1080,1210,10833,11300,22133
1080,1220,11642,12140,23782
1080,1230,12459,13004,25463
1080,1240,13317,13837,27154
1080,1250,14148,14731,28879
1080,1260,14978,15587,30565
1080,1270,15833,16524,32357
1080,1280,16696,17402,34098
1080,1290,17591,18295,35886
1080,1300,18476,19185,37661
1080,1310,19363,20052,39415
1080,1320,20194,20915,41109
1080,1330,21025,21793,42818
1080,1340,21879,22633,44512
1080,1350,22742,23492,46234
1080,1360,23545,24372,47917
1080,1370,24473,25262,49735
1080,1380,25331,26155,51486
1080,1390,26209,27052,53261
1080,1400,27042,27894,54936
1080,1410,27945,28761,56706
1080,1420,28832,29647,58479
1080,1430,29702,30541,60243
1080,1440,30597,31458,62055
1080,1450,31452,32249,63701
1080,1460,32323,33104,65427
1080,1470,33181,33953,67134
1080,1480,34099,34797,68896
1080,1490,34952,35668,70620
1080,1500,35772,36569,72341
1080,1510,36639,37418,74057
1080,1520,37485,38290,75775
1080,1530,38315,39184,77499
1080,1540,39101,39996,79097
1080,1550,39963,40825,80788
1080,1560,40855,41786,82641
1080,1570,41699,42681,84380
1080,1580,42465,43586,86051
1080,1590,43323,44524,87847
1080,1600,44147,45406,89553
1080,1610,45113,46318,91431
1080,1620,45940,47188,93128
1080,1630,46800,48043,94843
1080,1640,47664,48943,96607
1080,1650,48532,49869,98401
1080,1660,49402,50765,100167
1080,1670,50262,51619,101881
1080,1680,51126,52500,103626
1080,1690,51981,53370,105351
1080,1700,52796,54281,107077
1080,1710,53641,55230,108871
1080,1720,54484,56120,110604
1080,1730,55321,56976,112297
1080,1740,56134,57877,114011
1080,1750,56996,58747,115743
1080,1760,57853,59612,117465
1080,1770,58730,60481,119211
1080,1780,59595,61345,120940
1080,1790,60445,62268,122713
1080,1800,61328,63155,124483
1080,1810,62184,64016,126200
1080,1820,63056,64882,127938
1080,1830,63924,65730,129654
1080,1840,64746,66582,131328
1080,1850,65614,67475,133089
1080,1860,66451,68343,134794
1080,1870,67300,69203,136503
1080,1880,68127,70128,138255
1080,1890,69017,71020,140037
1080,1900,69828,71936,141764
1080,1910,70686,72791,143477
1080,1920,71514,73670,145184
1080,1930,72405,74552,146957
1080,1940,73247,75451,148698
1080,1950,74067,76287,150354
1080,1960,74855,77162,152017
1080,1970,75711,78077,153788
1080,1980,76509,78974,155483
1080,1990,77327,79932,157259
1090,1090,89,79,168
1090,1100,928,969,1897
1090,1110,1793,1825,3618
1090,1120,2632,2676,5308
1090,1130,3453,3528,6981
1090,1140,4294,4318,8612
1090,1150,5109,5159,10268
1090,1160,5947,6009,11956
1090,1170,6781,6896,13677
1090,1180,7580,7768,15348
1090,1190,8380,8641,17021
1090,1200,9189,9554,18743
1090,1210,10054,10417,20471
1090,1220,10863,11257,22120
1090,1230,11680,12121,23801
1090,1240,12538,12954,25492
1090,1250,13369,13848,27217
1090,1260,14199,14704,28903
1090,1270,15054,15641,30695
1090,1280,15917,16519,32436
1090,1290,16812,17412,34224
1090,1300,17697,18302,35999
1090,1310,18584,19169,37753
1090,1320,19415,20032,39447
1090,1330,20246,20910,41156
1090,1340,21100,21750,42850
1090,1350,21963,22609,44572
1090,1360,22766,23489,46255
1090,1370,23694,24379,48073
1090,1380,24552,25272,49824
1090,1390,25430,26169,51599
1090,1400,26263,27011,53274
1090,1410,27166,27878,55044
1090,1420,28053,28764,56817
1090,1430,28923,29658,58581
1090,1440,29818,30575,60393
1090,1450,30673,31366,62039
1090,1460,31544,32221,63765
1090,1470,32402,33070,65472
1090,1480,33320,33914,67234
1090,1490,34173,34785,68958
1090,1500,34993,35686,70679
1090,1510,35860,36535,72395
1090,1520,36706,37407,74113
1090,1530,37536,38301,75837
1090,1540,38322,39113,77435
1090,1550,39184,39942,79126
1090,1560,40076,40903,80979
1090,1570,40920,41798,82718
1090,1580,41686,42703,84389
1090,1590,42544,43641,86185
1090,1600,43368,44523,87891
1090,1610,44334,45435,89769
1090,1620,45161,46305,91466
1090,1630,46021,47160,93181
1090,1640,46885,48060,94945
1090,1650,47753,48986,96739
1090,1660,48623,49882,98505
1090,1670,49483,50736,100219
1090,1680,50347,51617,101964
1090,1690,51202,52487,103689
1090,1700,52017,53398,105415
1090,1710,52862,54347,107209
1090,1720,53705,55237,108942
1090,1730,54542,56093,110635
1090,1740,55355,56994,112349
1090,1750,56217,57864,114081
1090,1760,57074,58729,115803
1090,1770,57951,59598,117549
1090,1780,58816,60462,119278
1090,1790,59666,61385,121051
1090,1800,60549,62272,122821
1090,1810,61405,63133,124538
1090,1820,62277,63999,126276
1090,1830,63145,64847,127992
1090,1840,63967,65699,129666
1090,1850,64835,66592,131427
1090,1860,65672,67460,133132
1090,1870,66521,68320,134841
1090,1880,67348,69245,136593
1090,1890,68238,70137,138375
1090,1900,69049,71053,140102
1090,1910,69907,71908,141815
1090,1920,70735,72787,143522
1090,1930,71626,73669,145295
1090,1940,72468,74568,147036
1090,1950,73288,75404,148692
1090,1960,74076,76279,150355
1090,1970,74932,77194,152126
1090,1980,75730,78091,153821
1090,1990,76548,79049,155597
1100,1100,76,100,176
1100,1110,941,956,1897
1100,1120,1780,1807,3587
1100,1130,2601,2659,5260
1100,1140,3442,3449,6891
1100,1150,4257,4290,8547
1100,1160,5095,5140,10235
1100,1170,5929,6027,11956
1100,1180,6728,6899,13627
1100,1190,7528,7772,15300
1100,1200,8337,8685,17022
1100,1210,9202,9548,18750
1100,1220,10011,10388,20399
1100,1230,10828,11252,22080
1100,1240,11686,12085,23771
1100,1250,12517,12979,25496
1100,1260,13347,13835,27182
1100,1270,14202,14772,28974
1100,1280,15065,15650,30715
1100,1290,15960,16543,32503
1100,1300,16845,17433,34278
1100,1310,17732,18300,36032
1100,1320,18563,19163,37726
1100,1330,19394,20041,39435
1100,1340,20248,20881,41129
1100,1350,21111,21740,42851
1100,1360,21914,22620,44534
1100,1370,22842,23510,46352
1100,1380,23700,24403,48103
1100,1390,24578,25300,49878
1100,1400,25411,26142,51553
1100,1410,26314,27009,53323
1100,1420,27201,27895,55096
1100,1430,28071,28789,56860
1100,1440,28966,29706,58672
1100,1450,29821,30497,60318
1100,1460,30692,31352,62044
1100,1470,31550,32201,63751
1100,1480,32468,33045,65513
1100,1490,33321,33916,67237
1100,1500,34141,34817,68958
1100,1510,35008,35666,70674
1100,1520,35854,36538,72392
1100,1530,36684,37432,74116
1100,1540,37470,38244,75714
1100,1550,38332,39073,77405
1100,1560,39224,40034,79258
1100,1570,40068,40929,80997
1100,1580,40834,41834,82668
1100,1590,41692,42772,84464
1100,1600,42516,43654,86170
1100,1610,43482,44566,88048
1100,1620,44309,45436,89745
1100,1630,45169,46291,91460
1100,1640,46033,47191,93224
1100,1650,46901,48117,95018
1100,1660,47771,49013,96784
1100,1670,48631,49867,98498
1100,1680,49495,50748,100243
1100,1690,50350,51618,101968
1100,1700,51165,52529,103694
1100,1710,52010,53478,105488
1100,1720,52853,54368,107221
1100,1730,53690,55224,108914
1100,1740,54503,56125,110628
1100,1750,55365,56995,112360
1100,1760,56222,57860,114082
1100,1770,57099,58729,115828
1100,1780,57964,59593,117557
1100,1790,58814,60516,119330
1100,1800,59697,61403,121100
1100,1810,60553,62264,122817
1100,1820,61425,63130,124555
1100,1830,62293,63978,126271
1100,1840,63115,64830,127945
1100,1850,63983,65723,129706
1100,1860,64820,66591,131411
1100,1870,65669,67451,133120
1100,1880,66496,68376,134872
1100,1890,67386,69268,136654
1100,1900,68197,70184,138381
1100,1910,69055,71039,140094
1100,1920,69883,71918,141801
1100,1930,70774,72800,143574
1100,1940,71616,73699,145315
1100,1950,72436,74535,146971
1100,1960,73224,75410,148634
1100,1970,74080,76325,150405
1100,1980,74878,77222,152100
1100,1990,75696,78180,153876
1110,1110,79,78,157
1110,1120,918,929,1847
1110,1130,1739,1781,3520
1110,1140,2580,2571,5151
1110,1150,3395,3412,6807
1110,1160,4233,4262,8495
1110,1170,5067,5149,10216
1110,1180,5866,6021,11887
1110,1190,6666,6894,13560
1110,1200,7475,7807,15282
1110,1210,8340,8670,17010
1110,1220,9149,9510,18659
1110,1230,9966,10374,20340
1110,1240,10824,11207,22031
1110,1250,11655,12101,23756
1110,1260,12485,12957,25442
1110,1270,13340,13894,27234
1110,1280,14203,14772,28975
1110,1290,15098,15665,30763
1110,1300,15983,16555,32538
1110,1310,16870,17422,34292
1110,1320,17701,18285,35986
1110,1330,18532,19163,37695
1110,1340,19386,20003,39389
1110,1350,20249,20862,41111
1110,1360,21052,21742,42794
1110,1370,21980,22632,44612
1110,1380,22838,23525,46363
1110,1390,23716,24422,48138
1110,1400,24549,25264,49813
1110,1410,25452,26131,51583
1110,1420,26339,27017,53356
1110,1430,27209,27911,55120
1110,1440,28104,28828,56932
1110,1450,28959,29619,58578
1110,1460,29830,30474,60304
1110,1470,30688,31323,62011
1110,1480,31606,32167,63773
1110,1490,32459,33038,65497
1110,1500,33279,33939,67218
1110,1510,34146,34788,68934
1110,1520,34992,35660,70652
1110,1530,35822,36554,72376
1110,1540,36608,37366,73974
1110,1550,37470,38195,75665
1110,1560,38362,39156,77518
1110,1570,39206,40051,79257
1110,1580,39972,40956,80928
1110,1590,40830,41894,82724
1110,1600,41654,42776,84430
1110,1610,42620,43688,86308
1110,1620,43447,44558,88005
1110,1630,44307,45413,89720
1110,1640,45171,46313,91484
1110,1650,46039,47239,93278
1110,1660,46909,48135,95044
1110,1670,47769,48989,96758
1110,1680,48633,49870,98503
1110,1690,49488,50740,100228
1110,1700,50303,51651,101954
1110,1710,51148,52600,103748
1110,1720,51991,53490,105481
1110,1730,52828,54346,107174
1110,1740,53641,55247,108888
1110,1750,54503,56117,110620
1110,1760,55360,56982,112342
1110,1770,56237,57851,114088
1110,1780,57102,58715,115817
1110,1790,57952,59638,117590
1110,1800,58835,60525,119360
1110,1810,59691,61386,121077
1110,1820,60563,62252,122815
1110,1830,61431,63100,124531
1110,1840,62253,63952,126205
1110,1850,63121,64845,127966
1110,1860,63958,65713,129671
1110,1870,64807,66573,131380
1110,1880,65634,67498,133132
1110,1890,66524,68390,134914
1110,1900,67335,69306,136641
1110,1910,68193,70161,138354
1110,1920,69021,71040,140061
1110,1930,69912,71922,141834
1110,1940,70754,72821,143575
1110,1950,71574,73657,145231
1110,1960,72362,74532,146894
1110,1970,73218,75447,148665
1110,1980,74016,76344,150360
1110,1990,74834,77302,152136
1120,1120,79,89,168
1120,1130,900,941,1841
1120,1140,1741,1731,3472
1120,1150,2556,2572,5128
1120,1160,3394,3422,6816
1120,1170,4228,4309,8537
1120,1180,5027,5181,10208
1120,1190,5827,6054,11881
1120,1200,6636,6967,13603
1120,1210,7501,7830,15331
1120,1220,8310,8670,16980
1120,1230,9127,9534,18661
1120,1240,9985,10367,20352
1120,1250,10816,11261,22077
1120,1260,11646,12117,23763
1120,1270,12501,13054,25555
1120,1280,13364,13932,27296
1120,1290,14259,14825,29084
1120,1300,15144,15715,30859
1120,1310,16031,16582,32613
1120,1320,16862,17445,34307
1120,1330,17693,18323,36016
1120,1340,18547,19163,37710
1120,1350,19410,20022,39432
1120,1360,20213,20902,41115
1120,1370,21141,21792,42933
1120,1380,21999,22685,44684
1120,1390,22877,23582,46459
1120,1400,23710,24424,48134
1120,1410,24613,25291,49904
1120,1420,25500,26177,51677
1120,1430,26370,27071,53441
1120,1440,27265,27988,55253
1120,1450,28120,28779,56899
1120,1460,28991,29634,58625
1120,1470,29849,30483,60332
1120,1480,30767,31327,62094
1120,1490,31620,32198,63818
1120,1500,32440,33099,65539
1120,1510,33307,33948,67255
1120,1520,34153,34820,68973
1120,1530,34983,35714,70697
1120,1540,35769,36526,72295
1120,1550,36631,37355,73986
1120,1560,37523,38316,75839
1120,1570,38367,39211,77578
1120,1580,39133,40116,79249
1120,1590,39991,41054,81045
1120,1600,40815,41936,82751
1120,1610,41781,42848,84629
1120,1620,42608,43718,86326
1120,1630,43468,44573,88041
1120,1640,44332,45473,89805
1120,1650,45200,46399,91599
1120,1660,46070,47295,93365
1120,1670,46930,48149,95079
1120,1680,47794,49030,96824
1120,1690,48649,49900,98549
1120,1700,49464,50811,100275
1120,1710,50309,51760,102069
1120,1720,51152,52650,103802
1120,1730,51989,53506,105495
1120,1740,52802,54407,107209
1120,1750,53664,55277,108941
1120,1760,54521,56142,110663
1120,1770,55398,57011,112409
1120,1780,56263,57875,114138
1120,1790,57113,58798,115911
1120,1800,57996,59685,117681
1120,1810,58852,60546,119398
1120,1820,59724,61412,121136
1120,1830,60592,62260,122852
1120,1840,61414,63112,124526
1120,1850,62282,64005,126287
1120,1860,63119,64873,127992
1120,1870,63968,65733,129701
1120,1880,64795,66658,131453
1120,1890,65685,67550,133235
1120,1900,66496,68466,134962
1120,1910,67354,69321,136675
1120,1920,68182,70200,138382
1120,1930,69073,71082,140155
1120,1940,69915,71981,141896
1120,1950,70735,72817,143552
1120,1960,71523,73692,145215
1120,1970,72379,74607,146986
1120,1980,73177,75504,148681
1120,1990,73995,76462,150457
1130,1130,99,83,182
1130,1140,940,873,1813
1130,1150,1755,1714,3469
1130,1160,2593,2564,5157
1130,1170,3427,3451,6878
1130,1180,4226,4323,8549
1130,1190,5026,5196,10222
1130,1200,5835,6109,11944
1130,1210,6700,6972,13672
1130,1220,7509,7812,15321
1130,1230,8326,8676,17002
1130,1240,9184,9509,18693
1130,1250,10015,10403,20418
1130,1260,10845,11259,22104
1130,1270,11700,12196,23896
1130,1280,12563,13074,25637
1130,1290,13458,13967,27425
1130,1300,14343,14857,29200
1130,1310,15230,15724,30954
1130,1320,16061,16587,32648
1130,1330,16892,17465,34357
1130,1340,17746,18305,36051
1130,1350,18609,19164,37773
1130,1360,19412,20044,39456
1130,1370,20340,20934,41274
1130,1380,21198,21827,43025
1130,1390,22076,22724,44800
1130,1400,22909,23566,46475
1130,1410,23812,24433,48245
1130,1420,24699,25319,50018
1130,1430,25569,26213,51782
1130,1440,26464,27130,53594
1130,1450,27319,27921,55240
1130,1460,28190,28776,56966
1130,1470,29048,29625,58673
1130,1480,29966,30469,60435
1130,1490,30819,31340,62159
1130,1500,31639,32241,63880
1130,1510,32506,33090,65596
1130,1520,33352,33962,67314
1130,1530,34182,34856,69038
1130,1540,34968,35668,70636
1130,1550,35830,36497,72327
1130,1560,36722,37458,74180
1130,1570,37566,38353,75919
1130,1580,38332,39258,77590
1130,1590,39190,40196,79386
1130,1600,40014,41078,81092
1130,1610,40980,41990,82970
1130,1620,41807,42860,84667
1130,1630,42667,43715,86382
1130,1640,43531,44615,88146
1130,1650,44399,45541,89940
1130,1660,45269,46437,91706
1130,1670,46129,47291,93420
1130,1680,46993,48172,95165
1130,1690,47848,49042,96890
1130,1700,48663,49953,98616
1130,1710,49508,50902,100410
1130,1720,50351,51792,102143
1130,1730,51188,52648,103836
1130,1740,52001,53549,105550
1130,1750,52863,54419,107282
1130,1760,53720,55284,109004
1130,1770,54597,56153,110750
1130,1780,55462,57017,112479
1130,1790,56312,57940,114252
1130,1800,57195,58827,116022
1130,1810,58051,59688,117739
1130,1820,58923,60554,119477
1130,1830,59791,61402,121193
1130,1840,60613,62254,122867
1130,1850,61481,63147,124628
1130,1860,62318,64015,126333
1130,1870,63167,64875,128042
1130,1880,63994,65800,129794
1130,1890,64884,66692,131576
1130,1900,65695,67608,133303
1130,1910,66553,68463,135016
1130,1920,67381,69342,136723
1130,1930,68272,70224,138496
1130,1940,69114,71123,140237
1130,1950,69934,71959,141893
1130,1960,70722,72834,143556
1130,1970,71578,73749,145327
1130,1980,72376,74646,147022
1130,1990,73194,75604,148798
1140,1140,79,87,166
1140,1150,894,928,1822
1140,1160,1732,1778,3510
1140,1170,2566,2665,5231
1140,1180,3365,3537,6902
1140,1190,4165,4410,8575
1140,1200,4974,5323,10297
1140,1210,5839,6186,12025
1140,1220,6648,7026,13674
1140,1230,7465,7890,15355
1140,1240,8323,8723,17046
1140,1250,9154,9617,18771
1140,1260,9984,10473,20457
1140,1270,10839,11410,22249
1140,1280,11702,12288,23990
1140,1290,12597,13181,25778
1140,1300,13482,14071,27553
1140,1310,14369,14938,29307
1140,1320,15200,15801,31001
1140,1330,16031,16679,32710
1140,1340,16885,17519,34404
1140,1350,17748,18378,36126
1140,1360,18551,19258,37809
1140,1370,19479,20148,39627
1140,1380,20337,21041,41378
1140,1390,21215,21938,43153
1140,1400,22048,22780,44828
1140,1410,22951,23647,46598
1140,1420,23838,24533,48371
1140,1430,24708,25427,50135
1140,1440,25603,26344,51947
1140,1450,26458,27135,53593
1140,1460,27329,27990,55319
1140,1470,28187,28839,57026
1140,1480,29105,29683,58788
1140,1490,29958,30554,60512
1140,1500,30778,31455,62233
1140,1510,31645,32304,63949
1140,1520,32491,33176,65667
1140,1530,33321,34070,67391
1140,1540,34107,34882,68989
1140,1550,34969,35711,70680
1140,1560,35861,36672,72533
1140,1570,36705,37567,74272
1140,1580,37471,38472,75943
1140,1590,38329,39410,77739
1140,1600,39153,40292,79445
1140,1610,40119,41204,81323
1140,1620,40946,42074,83020
1140,1630,41806,42929,84735
1140,1640,42670,43829,86499
1140,1650,43538,44755,88293
1140,1660,44408,45651,90059
1140,1670,45268,46505,91773
1140,1680,46132,47386,93518
1140,1690,46987,48256,95243
1140,1700,47802,49167,96969
1140,1710,48647,50116,98763
1140,1720,49490,51006,100496
1140,1730,50327,51862,102189
1140,1740,51140,52763,103903
1140,1750,52002,53633,105635
1140,1760,52859,54498,107357
1140,1770,53736,55367,109103
1140,1780,54601,56231,110832
1140,1790,55451,57154,112605
1140,1800,56334,58041,114375
1140,1810,57190,58902,116092
1140,1820,58062,59768,117830
1140,1830,58930,60616,119546
1140,1840,59752,61468,121220
1140,1850,60620,62361,122981
1140,1860,61457,63229,124686
1140,1870,62306,64089,126395
1140,1880,63133,65014,128147
1140,1890,64023,65906,129929
1140,1900,64834,66822,131656
1140,1910,65692,67677,133369
1140,1920,66520,68556,135076
1140,1930,67411,69438,136849
1140,1940,68253,70337,138590
1140,1950,69073,71173,140246
1140,1960,69861,72048,141909
1140,1970,70717,72963,143680
1140,1980,71515,73860,145375
1140,1990,72333,74818,147151
1150,1150,58,87,145
1150,1160,896,937,1833
1150,1170,1730,1824,3554
1150,1180,2529,2696,5225
1150,1190,3329,3569,6898
1150,1200,4138,4482,8620
1150,1210,5003,5345,10348
1150,1220,5812,6185,11997
1150,1230,6629,7049,13678
1150,1240,7487,7882,15369
1150,1250,8318,8776,17094
1150,1260,9148,9632,18780
1150,1270,10003,10569,20572
1150,1280,10866,11447,22313
1150,1290,11761,12340,24101
1150,1300,12646,13230,25876
1150,1310,13533,14097,27630
1150,1320,14364,14960,29324
1150,1330,15195,15838,31033
1150,1340,16049,16678,32727
1150,1350,16912,17537,34449
1150,1360,17715,18417,36132
1150,1370,18643,19307,37950
1150,1380,19501,20200,39701
1150,1390,20379,21097,41476
1150,1400,21212,21939,43151
1150,1410,22115,22806,44921
1150,1420,23002,23692,46694
1150,1430,23872,24586,48458
1150,1440,24767,25503,50270
1150,1450,25622,26294,51916
1150,1460,26493,27149,53642
1150,1470,27351,27998,55349
1150,1480,28269,28842,57111
1150,1490,29122,29713,58835
1150,1500,29942,30614,60556
1150,1510,30809,31463,62272
1150,1520,31655,32335,63990
1150,1530,32485,33229,65714
1150,1540,33271,34041,67312
1150,1550,34133,34870,69003
1150,1560,35025,35831,70856
1150,1570,35869,36726,72595
1150,1580,36635,37631,74266
1150,1590,37493,38569,76062
1150,1600,38317,39451,77768
1150,1610,39283,40363,79646
1150,1620,40110,41233,81343
1150,1630,40970,42088,83058
1150,1640,41834,42988,84822
1150,1650,42702,43914,86616
1150,1660,43572,44810,88382
1150,1670,44432,45664,90096
1150,1680,45296,46545,91841
1150,1690,46151,47415,93566
1150,1700,46966,48326,95292
1150,1710,47811,49275,97086
1150,1720,48654,50165,98819
1150,1730,49491,51021,100512
1150,1740,50304,51922,102226
1150,1750,51166,52792,103958
1150,1760,52023,53657,105680
1150,1770,52900,54526,107426
1150,1780,53765,55390,109155
1150,1790,54615,56313,110928
1150,1800,55498,57200,112698
1150,1810,56354,58061,114415
1150,1820,57226,58927,116153
1150,1830,58094,59775,117869
1150,1840,58916,60627,119543
1150,1850,59784,61520,121304
1150,1860,60621,62388,123009
1150,1870,61470,63248,124718
1150,1880,62297,64173,126470
1150,1890,63187,65065,128252
1150,1900,63998,65981,129979
1150,1910,64856,66836,131692
1150,1920,65684,67715,133399
1150,1930,66575,68597,135172
1150,1940,67417,69496,136913
1150,1950,68237,70332,138569
1150,1960,69025,71207,140232
1150,1970,69881,72122,142003
1150,1980,70679,73019,143698
1150,1990,71497,73977,145474
1160,1160,79,86,165
1160,1170,913,973,1886
1160,1180,1712,1845,3557
1160,1190,2512,2718,5230
1160,1200,3321,3631,6952
1160,1210,4186,4494,8680
1160,1220,4995,5334,10329
1160,1230,5812,6198,12010
1160,1240,6670,7031,13701
1160,1250,7501,7925,15426
1160,1260,8331,8781,17112
1160,1270,9186,9718,18904
1160,1280,10049,10596,20645
1160,1290,10944,11489,22433
1160,1300,11829,12379,24208
1160,1310,12716,13246,25962
1160,1320,13547,14109,27656
1160,1330,14378,14987,29365
1160,1340,15232,15827,31059
1160,1350,16095,16686,32781
1160,1360,16898,17566,34464
1160,1370,17826,18456,36282
1160,1380,18684,19349,38033
1160,1390,19562,20246,39808
1160,1400,20395,21088,41483
1160,1410,21298,21955,43253
1160,1420,22185,22841,45026
1160,1430,23055,23735,46790
1160,1440,23950,24652,48602
1160,1450,24805,25443,50248
1160,1460,25676,26298,51974
1160,1470,26534,27147,53681
1160,1480,27452,27991,55443
1160,1490,28305,28862,57167
1160,1500,29125,29763,58888
1160,1510,29992,30612,60604
1160,1520,30838,31484,62322
1160,1530,31668,32378,64046
1160,1540,32454,33190,65644
1160,1550,33316,34019,67335
1160,1560,34208,34980,69188
1160,1570,35052,35875,70927
1160,1580,35818,36780,72598
1160,1590,36676,37718,74394
1160,1600,37500,38600,76100
1160,1610,38466,39512,77978
1160,1620,39293,40382,79675
1160,1630,40153,41237,81390
1160,1640,41017,42137,83154
1160,1650,41885,43063,84948
1160,1660,42755,43959,86714
1160,1670,43615,44813,88428
1160,1680,44479,45694,90173
1160,1690,45334,46564,91898
1160,1700,46149,47475,93624
1160,1710,46994,48424,95418
1160,1720,47837,49314,97151
1160,1730,48674,50170,98844
1160,1740,49487,51071,100558
1160,1750,50349,51941,102290
1160,1760,51206,52806,104012
1160,1770,52083,53675,105758
1160,1780,52948,54539,107487
1160,1790,53798,55462,109260
1160,1800,54681,56349,111030
1160,1810,55537,57210,112747
1160,1820,56409,58076,114485
1160,1830,57277,58924,116201
1160,1840,58099,59776,117875
1160,1850,58967,60669,119636
1160,1860,59804,61537,121341
1160,1870,60653,62397,123050
1160,1880,61480,63322,124802
1160,1890,62370,64214,126584
1160,1900,63181,65130,128311
1160,1910,64039,65985,130024
1160,1920,64867,66864,131731
1160,1930,65758,67746,133504
1160,1940,66600,68645,135245
1160,1950,67420,69481,136901
1160,1960,68208,70356,138564
1160,1970,69064,71271,140335
1160,1980,69862,72168,142030
1160,1990,70680,73126,143806
1170,1170,89,96,185
1170,1180,888,968,1856
1170,1190,1688,1841,3529
1170,1200,2497,2754,5251
1170,1210,3362,3617,6979
1170,1220,4171,4457,8628
1170,1230,4988,5321,10309
1170,1240,5846,6154,12000
1170,1250,6677,7048,13725
1170,1260,7507,7904,15411
1170,1270,8362,8841,17203
1170,1280,9225,9719,18944
1170,1290,10120,10612,20732
1170,1300,11005,11502,22507
1170,1310,11892,12369,24261
1170,1320,12723,13232,25955
1170,1330,13554,14110,27664
1170,1340,14408,14950,29358
1170,1350,15271,15809,31080
1170,1360,16074,16689,32763
1170,1370,17002,17579,34581
1170,1380,17860,18472,36332
1170,1390,18738,19369,38107
1170,1400,19571,20211,39782
1170,1410,20474,21078,41552
1170,1420,21361,21964,43325
1170,1430,22231,22858,45089
1170,1440,23126,23775,46901
1170,1450,23981,24566,48547
1170,1460,24852,25421,50273
1170,1470,25710,26270,51980
1170,1480,26628,27114,53742
1170,1490,27481,27985,55466
1170,1500,28301,28886,57187
1170,1510,29168,29735,58903
1170,1520,30014,30607,60621
1170,1530,30844,31501,62345
1170,1540,31630,32313,63943
1170,1550,32492,33142,65634
1170,1560,33384,34103,67487
1170,1570,34228,34998,69226
1170,1580,34994,35903,70897
1170,1590,35852,36841,72693
1170,1600,36676,37723,74399
1170,1610,37642,38635,76277
1170,1620,38469,39505,77974
1170,1630,39329,40360,79689
1170,1640,40193,41260,81453
1170,1650,41061,42186,83247
1170,1660,41931,43082,85013
1170,1670,42791,43936,86727
1170,1680,43655,44817,88472
1170,1690,44510,45687,90197
1170,1700,45325,46598,91923
1170,1710,46170,47547,93717
1170,1720,47013,48437,95450
1170,1730,47850,49293,97143
1170,1740,48663,50194,98857
1170,1750,49525,51064,100589
1170,1760,50382,51929,102311
1170,1770,51259,52798,104057
1170,1780,52124,53662,105786
1170,1790,52974,54585,107559
1170,1800,53857,55472,109329
1170,1810,54713,56333,111046
1170,1820,55585,57199,112784
1170,1830,56453,58047,114500
1170,1840,57275,58899,116174
1170,1850,58143,59792,117935
1170,1860,58980,60660,119640
1170,1870,59829,61520,121349
1170,1880,60656,62445,123101
1170,1890,61546,63337,124883
1170,1900,62357,64253,126610
1170,1910,63215,65108,128323
1170,1920,64043,65987,130030
1170,1930,64934,66869,131803
1170,1940,65776,67768,133544
1170,1950,66596,68604,135200
1170,1960,67384,69479,136863
1170,1970,68240,70394,138634
1170,1980,69038,71291,140329
1170,1990,69856,72249,142105
1180,1180,71,95,166
1180,1190,871,968,1839
1180,1200,1680,1881,3561
1180,1210,2545,2744,5289
1180,1220,3354,3584,6938
1180,1230,4171,4448,8619
1180,1240,5029,5281,10310
1180,1250,5860,6175,12035
1180,1260,6690,7031,13721
1180,1270,7545,7968,15513
1180,1280,8408,8846,17254
1180,1290,9303,9739,19042
1180,1300,10188,10629,20817
1180,1310,11075,11496,22571
1180,1320,11906,12359,24265
1180,1330,12737,13237,25974
1180,1340,13591,14077,27668
1180,1350,14454,14936,29390
1180,1360,15257,15816,31073
1180,1370,16185,16706,32891
1180,1380,17043,17599,34642
1180,1390,17921,18496,36417
1180,1400,18754,19338,38092
1180,1410,19657,20205,39862
1180,1420,20544,21091,41635
1180,1430,21414,21985,43399
1180,1440,22309,22902,45211
1180,1450,23164,23693,46857
1180,1460,24035,24548,48583
1180,1470,24893,25397,50290
1180,1480,25811,26241,52052
1180,1490,26664,27112,53776
1180,1500,27484,28013,55497
1180,1510,28351,28862,57213
1180,1520,29197,29734,58931
1180,1530,30027,30628,60655
1180,1540,30813,31440,62253
1180,1550,31675,32269,63944
1180,1560,32567,33230,65797
1180,1570,33411,34125,67536
1180,1580,34177,35030,69207
1180,1590,35035,35968,71003
1180,1600,35859,36850,72709
1180,1610,36825,37762,74587
1180,1620,37652,38632,76284
1180,1630,38512,39487,77999
1180,1640,39376,40387,79763
1180,1650,40244,41313,81557
1180,1660,41114,42209,83323
1180,1670,41974,43063,85037
1180,1680,42838,43944,86782
1180,1690,43693,44814,88507
1180,1700,44508,45725,90233
1180,1710,45353,46674,92027
1180,1720,46196,47564,93760
1180,1730,47033,48420,95453
1180,1740,47846,49321,97167
1180,1750,48708,50191,98899
1180,1760,49565,51056,100621
1180,1770,50442,51925,102367
1180,1780,51307,52789,104096
1180,1790,52157,53712,105869
1180,1800,53040,54599,107639
1180,1810,53896,55460,109356
1180,1820,54768,56326,111094
1180,1830,55636,57174,112810
1180,1840,56458,58026,114484
1180,1850,57326,58919,116245
1180,1860,58163,59787,117950
1180,1870,59012,60647,119659
1180,1880,59839,61572,121411
1180,1890,60729,62464,123193
1180,1900,61540,63380,124920
1180,1910,62398,64235,126633
1180,1920,63226,65114,128340
1180,1930,64117,65996,130113
1180,1940,64959,66895,131854
1180,1950,65779,67731,133510
1180,1960,66567,68606,135173
1180,1970,67423,69521,136944
1180,1980,68221,70418,138639
1180,1990,69039,71376,140415
1190,1190,96,101,197
1190,1200,905,1014,1919
1190,1210,1770,1877,3647
1190,1220,2579,2717,5296
1190,1230,3396,3581,6977
1190,1240,4254,4414,8668
1190,1250,5085,5308,10393
1190,1260,5915,6164,12079
1190,1270,6770,7101,13871
1190,1280,7633,7979,15612
1190,1290,8528,8872,17400
1190,1300,9413,9762,19175
1190,1310,10300,10629,20929
1190,1320,11131,11492,22623
1190,1330,11962,12370,24332
1190,1340,12816,13210,26026
1190,1350,13679,14069,27748
1190,1360,14482,14949,29431
1190,1370,15410,15839,31249
1190,1380,16268,16732,33000
1190,1390,17146,17629,34775
1190,1400,17979,18471,36450
1190,1410,18882,19338,38220
1190,1420,19769,20224,39993
1190,1430,20639,21118,41757
1190,1440,21534,22035,43569
1190,1450,22389,22826,45215
1190,1460,23260,23681,46941
1190,1470,24118,24530,48648
1190,1480,25036,25374,50410
1190,1490,25889,26245,52134
1190,1500,26709,27146,53855
1190,1510,27576,27995,55571
1190,1520,28422,28867,57289
1190,1530,29252,29761,59013
1190,1540,30038,30573,60611
1190,1550,30900,31402,62302
1190,1560,31792,32363,64155
1190,1570,32636,33258,65894
1190,1580,33402,34163,67565
1190,1590,34260,35101,69361
1190,1600,35084,35983,71067
1190,1610,36050,36895,72945
1190,1620,36877,37765,74642
1190,1630,37737,38620,76357
1190,1640,38601,39520,78121
1190,1650,39469,40446,79915
1190,1660,40339,41342,81681
1190,1670,41199,42196,83395
1190,1680,42063,43077,85140
1190,1690,42918,43947,86865
1190,1700,43733,44858,88591
1190,1710,44578,45807,90385
1190,1720,45421,46697,92118
1190,1730,46258,47553,93811
1190,1740,47071,48454,95525
1190,1750,47933,49324,97257
1190,1760,48790,50189,98979
1190,1770,49667,51058,100725
1190,1780,50532,51922,102454
1190,1790,51382,52845,104227
1190,1800,52265,53732,105997
1190,1810,53121,54593,107714
1190,1820,53993,55459,109452
1190,1830,54861,56307,111168
1190,1840,55683,57159,112842
1190,1850,56551,58052,114603
1190,1860,57388,58920,116308
1190,1870,58237,59780,118017
1190,1880,59064,60705,119769
1190,1890,59954,61597,121551
1190,1900,60765,62513,123278
1190,1910,61623,63368,124991
1190,1920,62451,64247,126698
1190,1930,63342,65129,128471
1190,1940,64184,66028,130212
1190,1950,65004,66864,131868
1190,1960,65792,67739,133531
1190,1970,66648,68654,135302
1190,1980,67446,69551,136997
1190,1990,68264,70509,138773
1200,1200,85,94,179
1200,1210,950,957,1907
1200,1220,1759,1797,3556
1200,1230,2576,2661,5237
1200,1240,3434,3494,6928
1200,1250,4265,4388,8653
1200,1260,5095,5244,10339
1200,1270,5950,6181,12131
1200,1280,6813,7059,13872
1200,1290,7708,7952,15660
1200,1300,8593,8842,17435
1200,1310,9480,9709,19189
1200,1320,10311,10572,20883
1200,1330,11142,11450,22592
1200,1340,11996,12290,24286
1200,1350,12859,13149,26008
1200,1360,13662,14029,27691
1200,1370,14590,14919,29509
1200,1380,15448,15812,31260
1200,1390,16326,16709,33035
1200,1400,17159,17551,34710
1200,1410,18062,18418,36480
1200,1420,18949,19304,38253
1200,1430,19819,20198,40017
1200,1440,20714,21115,41829
1200,1450,21569,21906,43475
1200,1460,22440,22761,45201
1200,1470,23298,23610,46908
1200,1480,24216,24454,48670
1200,1490,25069,25325,50394
1200,1500,25889,26226,52115
1200,1510,26756,27075,53831
1200,1520,27602,27947,55549
1200,1530,28432,28841,57273
1200,1540,29218,29653,58871
1200,1550,30080,30482,60562
1200,1560,30972,31443,62415
1200,1570,31816,32338,64154
1200,1580,32582,33243,65825
1200,1590,33440,34181,67621
1200,1600,34264,35063,69327
1200,1610,35230,35975,71205
1200,1620,36057,36845,72902
1200,1630,36917,37700,74617
1200,1640,37781,38600,76381
1200,1650,38649,39526,78175
1200,1660,39519,40422,79941
1200,1670,40379,41276,81655
1200,1680,41243,42157,83400
1200,1690,42098,43027,85125
1200,1700,42913,43938,86851
1200,1710,43758,44887,88645
1200,1720,44601,45777,90378
1200,1730,45438,46633,92071
1200,1740,46251,47534,93785
1200,1750,47113,48404,95517
1200,1760,47970,49269,97239
1200,1770,48847,50138,98985
1200,1780,49712,51002,100714
1200,1790,50562,51925,102487
1200,1800,51445,52812,104257
1200,1810,52301,53673,105974
1200,1820,53173,54539,107712
1200,1830,54041,55387,109428
1200,1840,54863,56239,111102
1200,1850,55731,57132,112863
1200,1860,56568,58000,114568
1200,1870,57417,58860,116277
1200,1880,58244,59785,118029
1200,1890,59134,60677,119811
1200,1900,59945,61593,121538
1200,1910,60803,62448,123251
1200,1920,61631,63327,124958
1200,1930,62522,64209,126731
1200,1940,63364,65108,128472
1200,1950,64184,65944,130128
1200,1960,64972,66819,131791
1200,1970,65828,67734,133562
1200,1980,66626,68631,135257
1200,1990,67444,69589,137033
1210,1210,101,87,188
1210,1220,910,927,1837
1210,1230,1727,1791,3518
1210,1240,2585,2624,5209
1210,1250,3416,3518,6934
1210,1260,4246,4374,8620
1210,1270,5101,5311,10412
1210,1280,5964,6189,12153
1210,1290,6859,7082,13941
1210,1300,7744,7972,15716
1210,1310,8631,8839,17470
1210,1320,9462,9702,19164
1210,1330,10293,10580,20873
1210,1340,11147,11420,22567
1210,1350,12010,12279,24289
1210,1360,12813,13159,25972
1210,1370,13741,14049,27790
1210,1380,14599,14942,29541
1210,1390,15477,15839,31316
1210,1400,16310,16681,32991
1210,1410,17213,17548,34761
1210,1420,18100,18434,36534
1210,1430,18970,19328,38298
1210,1440,19865,20245,40110
1210,1450,20720,21036,41756
1210,1460,21591,21891,43482
1210,1470,22449,22740,45189
1210,1480,23367,23584,46951
1210,1490,24220,24455,48675
1210,1500,25040,25356,50396
1210,1510,25907,26205,52112
1210,1520,26753,27077,53830
1210,1530,27583,27971,55554
1210,1540,28369,28783,57152
1210,1550,29231,29612,58843
1210,1560,30123,30573,60696
1210,1570,30967,31468,62435
1210,1580,31733,32373,64106
1210,1590,32591,33311,65902
1210,1600,33415,34193,67608
1210,1610,34381,35105,69486
1210,1620,35208,35975,71183
1210,1630,36068,36830,72898
1210,1640,36932,37730,74662
1210,1650,37800,38656,76456
1210,1660,38670,39552,78222
1210,1670,39530,40406,79936
1210,1680,40394,41287,81681
1210,1690,41249,42157,83406
1210,1700,42064,43068,85132
1210,1710,42909,44017,86926
1210,1720,43752,44907,88659
1210,1730,44589,45763,90352
1210,1740,45402,46664,92066
1210,1750,46264,47534,93798
1210,1760,47121,48399,95520
1210,1770,47998,49268,97266
1210,1780,48863,50132,98995
1210,1790,49713,51055,100768
1210,1800,50596,51942,102538
1210,1810,51452,52803,104255
1210,1820,52324,53669,105993
1210,1830,53192,54517,107709
1210,1840,54014,55369,109383
1210,1850,54882,56262,111144
1210,1860,55719,57130,112849
1210,1870,56568,57990,114558
1210,1880,57395,58915,116310
1210,1890,58285,59807,118092
1210,1900,59096,60723,119819
1210,1910,59954,61578,121532
1210,1920,60782,62457,123239
1210,1930,61673,63339,125012
1210,1940,62515,64238,126753
1210,1950,63335,65074,128409
1210,1960,64123,65949,130072
1210,1970,64979,66864,131843
1210,1980,65777,67761,133538
1210,1990,66595,68719,135314
1220,1220,102,76,178
1220,1230,919,940,1859
1220,1240,1777,1773,3550
1220,1250,2608,2667,5275
1220,1260,3438,3523,6961
1220,1270,4293,4460,8753
1220,1280,5156,5338,10494
1220,1290,6051,6231,12282
1220,1300,6936,7121,14057
1220,1310,7823,7988,15811
1220,1320,8654,8851,17505
1220,1330,9485,9729,19214
1220,1340,10339,10569,20908
1220,1350,11202,11428,22630
1220,1360,12005,12308,24313
1220,1370,12933,13198,26131
1220,1380,13791,14091,27882
1220,1390,14669,14988,29657
1220,1400,15502,15830,31332
1220,1410,16405,16697,33102
1220,1420,17292,17583,34875
1220,1430,18162,18477,36639
1220,1440,19057,19394,38451
1220,1450,19912,20185,40097
1220,1460,20783,21040,41823
1220,1470,21641,21889,43530
1220,1480,22559,22733,45292
1220,1490,23412,23604,47016
1220,1500,24232,24505,48737
1220,1510,25099,25354,50453
1220,1520,25945,26226,52171
1220,1530,26775,27120,53895
1220,1540,27561,27932,55493
1220,1550,28423,28761,57184
1220,1560,29315,29722,59037
1220,1570,30159,30617,60776
1220,1580,30925,31522,62447
1220,1590,31783,32460,64243
1220,1600,32607,33342,65949
1220,1610,33573,34254,67827
1220,1620,34400,35124,69524
1220,1630,35260,35979,71239
1220,1640,36124,36879,73003
1220,1650,36992,37805,74797
1220,1660,37862,38701,76563
1220,1670,38722,39555,78277
1220,1680,39586,40436,80022
1220,1690,40441,41306,81747
1220,1700,41256,42217,83473
1220,1710,42101,43166,85267
1220,1720,42944,44056,87000
1220,1730,43781,44912,88693
1220,1740,44594,45813,90407
1220,1750,45456,46683,92139
1220,1760,46313,47548,93861
1220,1770,47190,48417,95607
1220,1780,48055,49281,97336
1220,1790,48905,50204,99109
1220,1800,49788,51091,100879
1220,1810,50644,51952,102596
1220,1820,51516,52818,104334
1220,1830,52384,53666,106050
1220,1840,53206,54518,107724
1220,1850,54074,55411,109485
1220,1860,54911,56279,111190
1220,1870,55760,57139,112899
1220,1880,56587,58064,114651
1220,1890,57477,58956,116433
1220,1900,58288,59872,118160
1220,1910,59146,60727,119873
1220,1920,59974,61606,121580
1220,1930,60865,62488,123353
1220,1940,61707,63387,125094
1220,1950,62527,64223,126750
1220,1960,63315,65098,128413
1220,1970,64171,66013,130184
1220,1980,64969,66910,131879
1220,1990,65787,67868,133655
1230,1230,80,86,166
1230,1240,938,919,1857
1230,1250,1769,1813,3582
1230,1260,2599,2669,5268
1230,1270,3454,3606,7060
1230,1280,4317,4484,8801
1230,1290,5212,5377,10589
1230,1300,6097,6267,12364
1230,1310,6984,7134,14118
1230,1320,7815,7997,15812
1230,1330,8646,8875,17521
1230,1340,9500,9715,19215
1230,1350,10363,10574,20937
1230,1360,11166,11454,22620
1230,1370,12094,12344,24438
1230,1380,12952,13237,26189
1230,1390,13830,14134,27964
1230,1400,14663,14976,29639
1230,1410,15566,15843,31409
1230,1420,16453,16729,33182
1230,1430,17323,17623,34946
1230,1440,18218,18540,36758
1230,1450,19073,19331,38404
1230,1460,19944,20186,40130
1230,1470,20802,21035,41837
1230,1480,21720,21879,43599
1230,1490,22573,22750,45323
1230,1500,23393,23651,47044
1230,1510,24260,24500,48760
1230,1520,25106,25372,50478
1230,1530,25936,26266,52202
1230,1540,26722,27078,53800
1230,1550,27584,27907,55491
1230,1560,28476,28868,57344
1230,1570,29320,29763,59083
1230,1580,30086,30668,60754
1230,1590,30944,31606,62550
1230,1600,31768,32488,64256
1230,1610,32734,33400,66134
1230,1620,33561,34270,67831
1230,1630,34421,35125,69546
1230,1640,35285,36025,71310
1230,1650,36153,36951,73104
1230,1660,37023,37847,74870
1230,1670,37883,38701,76584
1230,1680,38747,39582,78329
1230,1690,39602,40452,80054
1230,1700,40417,41363,81780
1230,1710,41262,42312,83574
1230,1720,42105,43202,85307
1230,1730,42942,44058,87000
1230,1740,43755,44959,88714
1230,1750,44617,45829,90446
1230,1760,45474,46694,92168
1230,1770,46351,47563,93914
1230,1780,47216,48427,95643
1230,1790,48066,49350,97416
1230,1800,48949,50237,99186
1230,1810,49805,51098,100903
1230,1820,50677,51964,102641
1230,1830,51545,52812,104357
1230,1840,52367,53664,106031
1230,1850,53235,54557,107792
1230,1860,54072,55425,109497
1230,1870,54921,56285,111206
1230,1880,55748,57210,112958
1230,1890,56638,58102,114740
1230,1900,57449,59018,116467
1230,1910,58307,59873,118180
1230,1920,59135,60752,119887
1230,1930,60026,61634,121660
1230,1940,60868,62533,123401
1230,1950,61688,63369,125057
1230,1960,62476,64244,126720
1230,1970,63332,65159,128491
1230,1980,64130,66056,130186
1230,1990,64948,67014,131962
1240,1240,73,80,153
1240,1250,904,974,1878
1240,1260,1734,1830,3564
1240,1270,2589,2767,5356
1240,1280,3452,3645,7097
1240,1290,4347,4538,8885
1240,1300,5232,5428,10660
1240,1310,6119,6295,12414
1240,1320,6950,7158,14108
1240,1330,7781,8036,15817
1240,1340,8635,8876,17511
1240,1350,9498,9735,19233
1240,1360,10301,10615,20916
1240,1370,11229,11505,22734
1240,1380,12087,12398,24485
1240,1390,12965,13295,26260
1240,1400,13798,14137,27935
1240,1410,14701,15004,29705
1240,1420,15588,15890,31478
1240,1430,16458,16784,33242
1240,1440,17353,17701,35054
1240,1450,18208,18492,36700
1240,1460,19079,19347,38426
1240,1470,19937,20196,40133
1240,1480,20855,21040,41895
1240,1490,21708,21911,43619
1240,1500,22528,22812,45340
1240,1510,23395,23661,47056
1240,1520,24241,24533,48774
1240,1530,25071,25427,50498
1240,1540,25857,26239,52096
1240,1550,26719,27068,53787
1240,1560,27611,28029,55640
1240,1570,28455,28924,57379
1240,1580,29221,29829,59050
1240,1590,30079,30767,60846
1240,1600,30903,31649,62552
1240,1610,31869,32561,64430
1240,1620,32696,33431,66127
1240,1630,33556,34286,67842
1240,1640,34420,35186,69606
1240,1650,35288,36112,71400
1240,1660,36158,37008,73166
1240,1670,37018,37862,74880
1240,1680,37882,38743,76625
1240,1690,38737,39613,78350
1240,1700,39552,40524,80076
1240,1710,40397,41473,81870
1240,1720,41240,42363,83603
1240,1730,42077,43219,85296
1240,1740,42890,44120,87010
1240,1750,43752,44990,88742
1240,1760,44609,45855,90464
1240,1770,45486,46724,92210
1240,1780,46351,47588,93939
1240,1790,47201,48511,95712
1240,1800,48084,49398,97482
1240,1810,48940,50259,99199
1240,1820,49812,51125,100937
1240,1830,50680,51973,102653
1240,1840,51502,52825,104327
1240,1850,52370,53718,106088
1240,1860,53207,54586,107793
1240,1870,54056,55446,109502
1240,1880,54883,56371,111254
1240,1890,55773,57263,113036
1240,1900,56584,58179,114763
1240,1910,57442,59034,116476
1240,1920,58270,59913,118183
1240,1930,59161,60795,119956
1240,1940,60003,61694,121697
1240,1950,60823,62530,123353
1240,1960,61611,63405,125016
1240,1970,62467,64320,126787
1240,1980,63265,65217,128482
1240,1990,64083,66175,130258
1250,1250,82,90,172
1250,1260,912,946,1858
1250,1270,1767,1883,3650
1250,1280,2630,2761,5391
1250,1290,3525,3654,7179
1250,1300,4410,4544,8954
1250,1310,5297,5411,10708
1250,1320,6128,6274,12402
1250,1330,6959,7152,14111
1250,1340,7813,7992,15805
1250,1350,8676,8851,17527
1250,1360,9479,9731,19210
1250,1370,10407,10621,21028
1250,1380,11265,11514,22779
1250,1390,12143,12411,24554
1250,1400,12976,13253,26229
1250,1410,13879,14120,27999
1250,1420,14766,15006,29772
1250,1430,15636,15900,31536
1250,1440,16531,16817,33348
1250,1450,17386,17608,34994
1250,1460,18257,18463,36720
1250,1470,19115,19312,38427
1250,1480,20033,20156,40189
1250,1490,20886,21027,41913
1250,1500,21706,21928,43634
1250,1510,22573,22777,45350
1250,1520,23419,23649,47068
1250,1530,24249,24543,48792
1250,1540,25035,25355,50390
1250,1550,25897,26184,52081
1250,1560,26789,27145,53934
1250,1570,27633,28040,55673
1250,1580,28399,28945,57344
1250,1590,29257,29883,59140
1250,1600,30081,30765,60846
1250,1610,31047,31677,62724
1250,1620,31874,32547,64421
1250,1630,32734,33402,66136
1250,1640,33598,34302,67900
1250,1650,34466,35228,69694
1250,1660,35336,36124,71460
1250,1670,36196,36978,73174
1250,1680,37060,37859,74919
1250,1690,37915,38729,76644
1250,1700,38730,39640,78370
1250,1710,39575,40589,80164
1250,1720,40418,41479,81897
1250,1730,41255,42335,83590
1250,1740,42068,43236,85304
1250,1750,42930,44106,87036
1250,1760,43787,44971,88758
1250,1770,44664,45840,90504
1250,1780,45529,46704,92233
1250,1790,46379,47627,94006
1250,1800,47262,48514,95776
1250,1810,48118,49375,97493
1250,1820,48990,50241,99231
1250,1830,49858,51089,100947
1250,1840,50680,51941,102621
1250,1850,51548,52834,104382
1250,1860,52385,53702,106087
1250,1870,53234,54562,107796
1250,1880,54061,55487,109548
1250,1890,54951,56379,111330
1250,1900,55762,57295,113057
1250,1910,56620,58150,114770
1250,1920,57448,59029,116477
1250,1930,58339,59911,118250
1250,1940,59181,60810,119991
1250,1950,60001,61646,121647
1250,1960,60789,62521,123310
1250,1970,61645,63436,125081
1250,1980,62443,64333,126776
1250,1990,63261,65291,128552
1260,1260,87,98,185
1260,1270,942,1035,1977
1260,1280,1805,1913,3718
1260,1290,2700,2806,5506
1260,1300,3585,3696,7281
1260,1310,4472,4563,9035
1260,1320,5303,5426,10729
1260,1330,6134,6304,12438
1260,1340,6988,7144,14132
1260,1350,7851,8003,15854
1260,1360,8654,8883,17537
1260,1370,9582,9773,19355
1260,1380,10440,10666,21106
1260,1390,11318,11563,22881
1260,1400,12151,12405,24556
1260,1410,13054,13272,26326
1260,1420,13941,14158,28099
1260,1430,14811,15052,29863
1260,1440,15706,15969,31675
1260,1450,16561,16760,33321
1260,1460,17432,17615,35047
1260,1470,18290,18464,36754
1260,1480,19208,19308,38516
1260,1490,20061,20179,40240
1260,1500,20881,21080,41961
1260,1510,21748,21929,43677
1260,1520,22594,22801,45395
1260,1530,23424,23695,47119
1260,1540,24210,24507,48717
1260,1550,25072,25336,50408
1260,1560,25964,26297,52261
1260,1570,26808,27192,54000
1260,1580,27574,28097,55671
1260,1590,28432,29035,57467
1260,1600,29256,29917,59173
1260,1610,30222,30829,61051
1260,1620,31049,31699,62748
1260,1630,31909,32554,64463
1260,1640,32773,33454,66227
1260,1650,33641,34380,68021
1260,1660,34511,35276,69787
1260,1670,35371,36130,71501
1260,1680,36235,37011,73246
1260,1690,37090,37881,74971
1260,1700,37905,38792,76697
1260,1710,38750,39741,78491
1260,1720,39593,40631,80224
1260,1730,40430,41487,81917
1260,1740,41243,42388,83631
1260,1750,42105,43258,85363
1260,1760,42962,44123,87085
1260,1770,43839,44992,88831
1260,1780,44704,45856,90560
1260,1790,45554,46779,92333
1260,1800,46437,47666,94103
1260,1810,47293,48527,95820
1260,1820,48165,49393,97558
1260,1830,49033,50241,99274
1260,1840,49855,51093,100948
1260,1850,50723,51986,102709
1260,1860,51560,52854,104414
1260,1870,52409,53714,106123
1260,1880,53236,54639,107875
1260,1890,54126,55531,109657
1260,1900,54937,56447,111384
1260,1910,55795,57302,113097
1260,1920,56623,58181,114804
1260,1930,57514,59063,116577
1260,1940,58356,59962,118318
1260,1950,59176,60798,119974
1260,1960,59964,61673,121637
1260,1970,60820,62588,123408
1260,1980,61618,63485,125103
1260,1990,62436,64443,126879
1270,1270,87,114,201
1270,1280,950,992,1942
1270,1290,1845,1885,3730
1270,1300,2730,2775,5505
1270,1310,3617,3642,7259
1270,1320,4448,4505,8953
1270,1330,5279,5383,10662
1270,1340,6133,6223,12356
1270,1350,6996,7082,14078
1270,1360,7799,7962,15761
1270,1370,8727,8852,17579
1270,1380,9585,9745,19330
1270,1390,10463,10642,21105
1270,1400,11296,11484,22780
1270,1410,12199,12351,24550
1270,1420,13086,13237,26323
1270,1430,13956,14131,28087
1270,1440,14851,15048,29899
1270,1450,15706,15839,31545
1270,1460,16577,16694,33271
1270,1470,17435,17543,34978
1270,1480,18353,18387,36740
1270,1490,19206,19258,38464
1270,1500,20026,20159,40185
1270,1510,20893,21008,41901
1270,1520,21739,21880,43619
1270,1530,22569,22774,45343
1270,1540,23355,23586,46941
1270,1550,24217,24415,48632
1270,1560,25109,25376,50485
1270,1570,25953,26271,52224
1270,1580,26719,27176,53895
1270,1590,27577,28114,55691
1270,1600,28401,28996,57397
1270,1610,29367,29908,59275
1270,1620,30194,30778,60972
1270,1630,31054,31633,62687
1270,1640,31918,32533,64451
1270,1650,32786,33459,66245
1270,1660,33656,34355,68011
1270,1670,34516,35209,69725
1270,1680,35380,36090,71470
1270,1690,36235,36960,73195
1270,1700,37050,37871,74921
1270,1710,37895,38820,76715
1270,1720,38738,39710,78448
1270,1730,39575,40566,80141
1270,1740,40388,41467,81855
1270,1750,41250,42337,83587
1270,1760,42107,43202,85309
1270,1770,42984,44071,87055
1270,1780,43849,44935,88784
1270,1790,44699,45858,90557
1270,1800,45582,46745,92327
1270,1810,46438,47606,94044
1270,1820,47310,48472,95782
1270,1830,48178,49320,97498
1270,1840,49000,50172,99172
1270,1850,49868,51065,100933
1270,1860,50705,51933,102638
1270,1870,51554,52793,104347
1270,1880,52381,53718,106099
1270,1890,53271,54610,107881
1270,1900,54082,55526,109608
1270,1910,54940,56381,111321
1270,1920,55768,57260,113028
1270,1930,56659,58142,114801
1270,1940,57501,59041,116542
1270,1950,58321,59877,118198
1270,1960,59109,60752,119861
1270,1970,59965,61667,121632
1270,1980,60763,62564,123327
1270,1990,61581,63522,125103
1280,1280,94,90,184
1280,1290,989,983,1972
1280,1300,1874,1873,3747
1280,1310,2761,2740,5501
1280,1320,3592,3603,7195
1280,1330,4423,4481,8904
1280,1340,5277,5321,10598
1280,1350,6140,6180,12320
1280,1360,6943,7060,14003
1280,1370,7871,7950,15821
1280,1380,8729,8843,17572
1280,1390,9607,9740,19347
1280,1400,10440,10582,21022
1280,1410,11343,11449,22792
1280,1420,12230,12335,24565
1280,1430,13100,13229,26329
1280,1440,13995,14146,28141
1280,1450,14850,14937,29787
1280,1460,15721,15792,31513
1280,1470,16579,16641,33220
1280,1480,17497,17485,34982
1280,1490,18350,18356,36706
1280,1500,19170,19257,38427
1280,1510,20037,20106,40143
1280,1520,20883,20978,41861
1280,1530,21713,21872,43585
1280,1540,22499,22684,45183
1280,1550,23361,23513,46874
1280,1560,24253,24474,48727
1280,1570,25097,25369,50466
1280,1580,25863,26274,52137
1280,1590,26721,27212,53933
1280,1600,27545,28094,55639
1280,1610,28511,29006,57517
1280,1620,29338,29876,59214
1280,1630,30198,30731,60929
1280,1640,31062,31631,62693
1280,1650,31930,32557,64487
1280,1660,32800,33453,66253
1280,1670,33660,34307,67967
1280,1680,34524,35188,69712
1280,1690,35379,36058,71437
1280,1700,36194,36969,73163
1280,1710,37039,37918,74957
1280,1720,37882,38808,76690
1280,1730,38719,39664,78383
1280,1740,39532,40565,80097
1280,1750,40394,41435,81829
1280,1760,41251,42300,83551
1280,1770,42128,43169,85297
1280,1780,42993,44033,87026
1280,1790,43843,44956,88799
1280,1800,44726,45843,90569
1280,1810,45582,46704,92286
1280,1820,46454,47570,94024
1280,1830,47322,48418,95740
1280,1840,48144,49270,97414
1280,1850,49012,50163,99175
1280,1860,49849,51031,100880
1280,1870,50698,51891,102589
1280,1880,51525,52816,104341
1280,1890,52415,53708,106123
1280,1900,53226,54624,107850
1280,1910,54084,55479,109563
1280,1920,54912,56358,111270
1280,1930,55803,57240,113043
1280,1940,56645,58139,114784
1280,1950,57465,58975,116440
1280,1960,58253,59850,118103
1280,1970,59109,60765,119874
1280,1980,59907,61662,121569
1280,1990,60725,62620,123345
1290,1290,107,100,207
1290,1300,992,990,1982
1290,1310,1879,1857,3736
1290,1320,2710,2720,5430
1290,1330,3541,3598,7139
1290,1340,4395,4438,8833
1290,1350,5258,5297,10555
1290,1360,6061,6177,12238
1290,1370,6989,7067,14056
1290,1380,7847,7960,15807
1290,1390,8725,8857,17582
1290,1400,9558,9699,19257
1290,1410,10461,10566,21027
1290,1420,11348,11452,22800
1290,1430,12218,12346,24564
1290,1440,13113,13263,26376
1290,1450,13968,14054,28022
1290,1460,14839,14909,29748
1290,1470,15697,15758,31455
1290,1480,16615,16602,33217
1290,1490,17468,17473,34941
1290,1500,18288,18374,36662
1290,1510,19155,19223,38378
1290,1520,20001,20095,40096
1290,1530,20831,20989,41820
1290,1540,21617,21801,43418
1290,1550,22479,22630,45109
1290,1560,23371,23591,46962
1290,1570,24215,24486,48701
1290,1580,24981,25391,50372
1290,1590,25839,26329,52168
1290,1600,26663,27211,53874
1290,1610,27629,28123,55752
1290,1620,28456,28993,57449
1290,1630,29316,29848,59164
1290,1640,30180,30748,60928
1290,1650,31048,31674,62722
1290,1660,31918,32570,64488
1290,1670,32778,33424,66202
1290,1680,33642,34305,67947
1290,1690,34497,35175,69672
1290,1700,35312,36086,71398
1290,1710,36157,37035,73192
1290,1720,37000,37925,74925
1290,1730,37837,38781,76618
1290,1740,38650,39682,78332
1290,1750,39512,40552,80064
1290,1760,40369,41417,81786
1290,1770,41246,42286,83532
1290,1780,42111,43150,85261
1290,1790,42961,44073,87034
1290,1800,43844,44960,88804
1290,1810,44700,45821,90521
1290,1820,45572,46687,92259
1290,1830,46440,47535,93975
1290,1840,47262,48387,95649
1290,1850,48130,49280,97410
1290,1860,48967,50148,99115
1290,1870,49816,51008,100824
1290,1880,50643,51933,102576
1290,1890,51533,52825,104358
1290,1900,52344,53741,106085
1290,1910,53202,54596,107798
1290,1920,54030,55475,109505
1290,1930,54921,56357,111278
1290,1940,55763,57256,113019
1290,1950,56583,58092,114675
1290,1960,57371,58967,116338
1290,1970,58227,59882,118109
1290,1980,59025,60779,119804
1290,1990,59843,61737,121580
1300,1300,93,80,173
1300,1310,980,947,1927
1300,1320,1811,1810,3621
1300,1330,2642,2688,5330
1300,1340,3496,3528,7024
1300,1350,4359,4387,8746
1300,1360,5162,5267,10429
1300,1370,6090,6157,12247
1300,1380,6948,7050,13998
1300,1390,7826,7947,15773
1300,1400,8659,8789,17448
1300,1410,9562,9656,19218
1300,1420,10449,10542,20991
1300,1430,11319,11436,22755
1300,1440,12214,12353,24567
1300,1450,13069,13144,26213
1300,1460,13940,13999,27939
1300,1470,14798,14848,29646
1300,1480,15716,15692,31408
1300,1490,16569,16563,33132
1300,1500,17389,17464,34853
1300,1510,18256,18313,36569
1300,1520,19102,19185,38287
1300,1530,19932,20079,40011
1300,1540,20718,20891,41609
1300,1550,21580,21720,43300
1300,1560,22472,22681,45153
1300,1570,23316,23576,46892
1300,1580,24082,24481,48563
1300,1590,24940,25419,50359
1300,1600,25764,26301,52065
1300,1610,26730,27213,53943
1300,1620,27557,28083,55640
1300,1630,28417,28938,57355
1300,1640,29281,29838,59119
1300,1650,30149,30764,60913
1300,1660,31019,31660,62679
1300,1670,31879,32514,64393
1300,1680,32743,33395,66138
1300,1690,33598,34265,67863
1300,1700,34413,35176,69589
1300,1710,35258,36125,71383
1300,1720,36101,37015,73116
1300,1730,36938,37871,74809
1300,1740,37751,38772,76523
1300,1750,38613,39642,78255
1300,1760,39470,40507,79977
1300,1770,40347,41376,81723
1300,1780,41212,42240,83452
1300,1790,42062,43163,85225
1300,1800,42945,44050,86995
1300,1810,43801,44911,88712
1300,1820,44673,45777,90450
1300,1830,45541,46625,92166
1300,1840,46363,47477,93840
1300,1850,47231,48370,95601
1300,1860,48068,49238,97306
1300,1870,48917,50098,99015
1300,1880,49744,51023,100767
1300,1890,50634,51915,102549
1300,1900,51445,52831,104276
1300,1910,52303,53686,105989
1300,1920,53131,54565,107696
1300,1930,54022,55447,109469
1300,1940,54864,56346,111210
1300,1950,55684,57182,112866
1300,1960,56472,58057,114529
1300,1970,57328,58972,116300
1300,1980,58126,59869,117995
1300,1990,58944,60827,119771
1310,1310,107,96,203
1310,1320,938,959,1897
1310,1330,1769,1837,3606
1310,1340,2623,2677,5300
1310,1350,3486,3536,7022
1310,1360,4289,4416,8705
1310,1370,5217,5306,10523
1310,1380,6075,6199,12274
1310,1390,6953,7096,14049
1310,1400,7786,7938,15724
1310,1410,8689,8805,17494
1310,1420,9576,9691,19267
1310,1430,10446,10585,21031
1310,1440,11341,11502,22843
1310,1450,12196,12293,24489
1310,1460,13067,13148,26215
1310,1470,13925,13997,27922
1310,1480,14843,14841,29684
1310,1490,15696,15712,31408
1310,1500,16516,16613,33129
1310,1510,17383,17462,34845
1310,1520,18229,18334,36563
1310,1530,19059,19228,38287
1310,1540,19845,20040,39885
1310,1550,20707,20869,41576
1310,1560,21599,21830,43429
1310,1570,22443,22725,45168
1310,1580,23209,23630,46839
1310,1590,24067,24568,48635
1310,1600,24891,25450,50341
1310,1610,25857,26362,52219
1310,1620,26684,27232,53916
1310,1630,27544,28087,55631
1310,1640,28408,28987,57395
1310,1650,29276,29913,59189
1310,1660,30146,30809,60955
1310,1670,31006,31663,62669
1310,1680,31870,32544,64414
1310,1690,32725,33414,66139
1310,1700,33540,34325,67865
1310,1710,34385,35274,69659
1310,1720,35228,36164,71392
1310,1730,36065,37020,73085
1310,1740,36878,37921,74799
1310,1750,37740,38791,76531
1310,1760,38597,39656,78253
1310,1770,39474,40525,79999
1310,1780,40339,41389,81728
1310,1790,41189,42312,83501
1310,1800,42072,43199,85271
1310,1810,42928,44060,86988
1310,1820,43800,44926,88726
1310,1830,44668,45774,90442
1310,1840,45490,46626,92116
1310,1850,46358,47519,93877
1310,1860,47195,48387,95582
1310,1870,48044,49247,97291
1310,1880,48871,50172,99043
1310,1890,49761,51064,100825
1310,1900,50572,51980,102552
1310,1910,51430,52835,104265
1310,1920,52258,53714,105972
1310,1930,53149,54596,107745
1310,1940,53991,55495,109486
1310,1950,54811,56331,111142
1310,1960,55599,57206,112805
1310,1970,56455,58121,114576
1310,1980,57253,59018,116271
1310,1990,58071,59976,118047
1320,1320,71,80,151
1320,1330,902,958,1860
1320,1340,1756,1798,3554
1320,1350,2619,2657,5276
1320,1360,3422,3537,6959
1320,1370,4350,4427,8777
1320,1380,5208,5320,10528
1320,1390,6086,6217,12303
1320,1400,6919,7059,13978
1320,1410,7822,7926,15748
1320,1420,8709,8812,17521
1320,1430,9579,9706,19285
1320,1440,10474,10623,21097
1320,1450,11329,11414,22743
1320,1460,12200,12269,24469
1320,1470,13058,13118,26176
1320,1480,13976,13962,27938
1320,1490,14829,14833,29662
1320,1500,15649,15734,31383
1320,1510,16516,16583,33099
1320,1520,17362,17455,34817
1320,1530,18192,18349,36541
1320,1540,18978,19161,38139
1320,1550,19840,19990,39830
1320,1560,20732,20951,41683
1320,1570,21576,21846,43422
1320,1580,22342,22751,45093
1320,1590,23200,23689,46889
1320,1600,24024,24571,48595
1320,1610,24990,25483,50473
1320,1620,25817,26353,52170
1320,1630,26677,27208,53885
1320,1640,27541,28108,55649
1320,1650,28409,29034,57443
1320,1660,29279,29930,59209
1320,1670,30139,30784,60923
1320,1680,31003,31665,62668
1320,1690,31858,32535,64393
1320,1700,32673,33446,66119
1320,1710,33518,34395,67913
1320,1720,34361,35285,69646
1320,1730,35198,36141,71339
1320,1740,36011,37042,73053
1320,1750,36873,37912,74785
1320,1760,37730,38777,76507
1320,1770,38607,39646,78253
1320,1780,39472,40510,79982
1320,1790,40322,41433,81755
1320,1800,41205,42320,83525
1320,1810,42061,43181,85242
1320,1820,42933,44047,86980
1320,1830,43801,44895,88696
1320,1840,44623,45747,90370
1320,1850,45491,46640,92131
1320,1860,46328,47508,93836
1320,1870,47177,48368,95545
1320,1880,48004,49293,97297
1320,1890,48894,50185,99079
1320,1900,49705,51101,100806
1320,1910,50563,51956,102519
1320,1920,51391,52835,104226
1320,1930,52282,53717,105999
1320,1940,53124,54616,107740
1320,1950,53944,55452,109396
1320,1960,54732,56327,111059
1320,1970,55588,57242,112830
1320,1980,56386,58139,114525
1320,1990,57204,59097,116301
1330,1330,88,102,190
1330,1340,942,942,1884
1330,1350,1805,1801,3606
1330,1360,2608,2681,5289
1330,1370,3536,3571,7107
1330,1380,4394,4464,8858
1330,1390,5272,5361,10633
1330,1400,6105,6203,12308
1330,1410,7008,7070,14078
1330,1420,7895,7956,15851
1330,1430,8765,8850,17615
1330,1440,9660,9767,19427
1330,1450,10515,10558,21073
1330,1460,11386,11413,22799
1330,1470,12244,12262,24506
1330,1480,13162,13106,26268
1330,1490,14015,13977,27992
1330,1500,14835,14878,29713
1330,1510,15702,15727,31429
1330,1520,16548,16599,33147
1330,1530,17378,17493,34871
1330,1540,18164,18305,36469
1330,1550,19026,19134,38160
1330,1560,19918,20095,40013
1330,1570,20762,20990,41752
1330,1580,21528,21895,43423
1330,1590,22386,22833,45219
1330,1600,23210,23715,46925
1330,1610,24176,24627,48803
1330,1620,25003,25497,50500
1330,1630,25863,26352,52215
1330,1640,26727,27252,53979
1330,1650,27595,28178,55773
1330,1660,28465,29074,57539
1330,1670,29325,29928,59253
1330,1680,30189,30809,60998
1330,1690,31044,31679,62723
1330,1700,31859,32590,64449
1330,1710,32704,33539,66243
1330,1720,33547,34429,67976
1330,1730,34384,35285,69669
1330,1740,35197,36186,71383
1330,1750,36059,37056,73115
1330,1760,36916,37921,74837
1330,1770,37793,38790,76583
1330,1780,38658,39654,78312
1330,1790,39508,40577,80085
1330,1800,40391,41464,81855
1330,1810,41247,42325,83572
1330,1820,42119,43191,85310
1330,1830,42987,44039,87026
1330,1840,43809,44891,88700
1330,1850,44677,45784,90461
1330,1860,45514,46652,92166
1330,1870,46363,47512,93875
1330,1880,47190,48437,95627
1330,1890,48080,49329,97409
1330,1900,48891,50245,99136
1330,1910,49749,51100,100849
1330,1920,50577,51979,102556
1330,1930,51468,52861,104329
1330,1940,52310,53760,106070
1330,1950,53130,54596,107726
1330,1960,53918,55471,109389
1330,1970,54774,56386,111160
1330,1980,55572,57283,112855
1330,1990,56390,58241,114631
1340,1340,90,101,191
1340,1350,953,960,1913
1340,1360,1756,1840,3596
1340,1370,2684,2730,5414
1340,1380,3542,3623,7165
1340,1390,4420,4520,8940
1340,1400,5253,5362,10615
1340,1410,6156,6229,12385
1340,1420,7043,7115,14158
1340,1430,7913,8009,15922
1340,1440,8808,8926,17734
1340,1450,9663,9717,19380
1340,1460,10534,10572,21106
1340,1470,11392,11421,22813
1340,1480,12310,12265,24575
1340,1490,13163,13136,26299
1340,1500,13983,14037,28020
1340,1510,14850,14886,29736
1340,1520,15696,15758,31454
1340,1530,16526,16652,33178
1340,1540,17312,17464,34776
1340,1550,18174,18293,36467
1340,1560,19066,19254,38320
1340,1570,19910,20149,40059
1340,1580,20676,21054,41730
1340,1590,21534,21992,43526
1340,1600,22358,22874,45232
1340,1610,23324,23786,47110
1340,1620,24151,24656,48807
1340,1630,25011,25511,50522
1340,1640,25875,26411,52286
1340,1650,26743,27337,54080
1340,1660,27613,28233,55846
1340,1670,28473,29087,57560
1340,1680,29337,29968,59305
1340,1690,30192,30838,61030
1340,1700,31007,31749,62756
1340,1710,31852,32698,64550
1340,1720,32695,33588,66283
1340,1730,33532,34444,67976
1340,1740,34345,35345,69690
1340,1750,35207,36215,71422
1340,1760,36064,37080,73144
1340,1770,36941,37949,74890
1340,1780,37806,38813,76619
1340,1790,38656,39736,78392
1340,1800,39539,40623,80162
1340,1810,40395,41484,81879
1340,1820,41267,42350,83617
1340,1830,42135,43198,85333
1340,1840,42957,44050,87007
1340,1850,43825,44943,88768
1340,1860,44662,45811,90473
1340,1870,45511,46671,92182
1340,1880,46338,47596,93934
1340,1890,47228,48488,95716
1340,1900,48039,49404,97443
1340,1910,48897,50259,99156
1340,1920,49725,51138,100863
1340,1930,50616,52020,102636
1340,1940,51458,52919,104377
1340,1950,52278,53755,106033
1340,1960,53066,54630,107696
1340,1970,53922,55545,109467
1340,1980,54720,56442,111162
1340,1990,55538,57400,112938
1350,1350,78,93,171
1350,1360,881,973,1854
1350,1370,1809,1863,3672
1350,1380,2667,2756,5423
1350,1390,3545,3653,7198
1350,1400,4378,4495,8873
1350,1410,5281,5362,10643
1350,1420,6168,6248,12416
1350,1430,7038,7142,14180
1350,1440,7933,8059,15992
1350,1450,8788,8850,17638
1350,1460,9659,9705,19364
1350,1470,10517,10554,21071
1350,1480,11435,11398,22833
1350,1490,12288,12269,24557
1350,1500,13108,13170,26278
1350,1510,13975,14019,27994
1350,1520,14821,14891,29712
1350,1530,15651,15785,31436
1350,1540,16437,16597,33034
1350,1550,17299,17426,34725
1350,1560,18191,18387,36578
1350,1570,19035,19282,38317
1350,1580,19801,20187,39988
1350,1590,20659,21125,41784
1350,1600,21483,22007,43490
1350,1610,22449,22919,45368
1350,1620,23276,23789,47065
1350,1630,24136,24644,48780
1350,1640,25000,25544,50544
1350,1650,25868,26470,52338
1350,1660,26738,27366,54104
1350,1670,27598,28220,55818
1350,1680,28462,29101,57563
1350,1690,29317,29971,59288
1350,1700,30132,30882,61014
1350,1710,30977,31831,62808
1350,1720,31820,32721,64541
1350,1730,32657,33577,66234
1350,1740,33470,34478,67948
1350,1750,34332,35348,69680
1350,1760,35189,36213,71402
1350,1770,36066,37082,73148
1350,1780,36931,37946,74877
1350,1790,37781,38869,76650
1350,1800,38664,39756,78420
1350,1810,39520,40617,80137
1350,1820,40392,41483,81875
1350,1830,41260,42331,83591
1350,1840,42082,43183,85265
1350,1850,42950,44076,87026
1350,1860,43787,44944,88731
1350,1870,44636,45804,90440
1350,1880,45463,46729,92192
1350,1890,46353,47621,93974
1350,1900,47164,48537,95701
1350,1910,48022,49392,97414
1350,1920,48850,50271,99121
1350,1930,49741,51153,100894
1350,1940,50583,52052,102635
1350,1950,51403,52888,104291
1350,1960,52191,53763,105954
1350,1970,53047,54678,107725
1350,1980,53845,55575,109420
1350,1990,54663,56533,111196
1360,1360,96,81,177
1360,1370,1024,971,1995
1360,1380,1882,1864,3746
1360,1390,2760,2761,5521
1360,1400,3593,3603,7196
1360,1410,4496,4470,8966
1360,1420,5383,5356,10739
1360,1430,6253,6250,12503
1360,1440,7148,7167,14315
1360,1450,8003,7958,15961
1360,1460,8874,8813,17687
1360,1470,9732,9662,19394
1360,1480,10650,10506,21156
1360,1490,11503,11377,22880
1360,1500,12323,12278,24601
1360,1510,13190,13127,26317
1360,1520,14036,13999,28035
1360,1530,14866,14893,29759
1360,1540,15652,15705,31357
1360,1550,16514,16534,33048
1360,1560,17406,17495,34901
1360,1570,18250,18390,36640
1360,1580,19016,19295,38311
1360,1590,19874,20233,40107
1360,1600,20698,21115,41813
1360,1610,21664,22027,43691
1360,1620,22491,22897,45388
1360,1630,23351,23752,47103
1360,1640,24215,24652,48867
1360,1650,25083,25578,50661
1360,1660,25953,26474,52427
1360,1670,26813,27328,54141
1360,1680,27677,28209,55886
1360,1690,28532,29079,57611
1360,1700,29347,29990,59337
1360,1710,30192,30939,61131
1360,1720,31035,31829,62864
1360,1730,31872,32685,64557
1360,1740,32685,33586,66271
1360,1750,33547,34456,68003
1360,1760,34404,35321,69725
1360,1770,35281,36190,71471
1360,1780,36146,37054,73200
1360,1790,36996,37977,74973
1360,1800,37879,38864,76743
1360,1810,38735,39725,78460
1360,1820,39607,40591,80198
1360,1830,40475,41439,81914
1360,1840,41297,42291,83588
1360,1850,42165,43184,85349
1360,1860,43002,44052,87054
1360,1870,43851,44912,88763
1360,1880,44678,45837,90515
1360,1890,45568,46729,92297
1360,1900,46379,47645,94024
1360,1910,47237,48500,95737
1360,1920,48065,49379,97444
1360,1930,48956,50261,99217
1360,1940,49798,51160,100958
1360,1950,50618,51996,102614
1360,1960,51406,52871,104277
1360,1970,52262,53786,106048
1360,1980,53060,54683,107743
1360,1990,53878,55641,109519
1370,1370,94,93,187
1370,1380,952,986,1938
1370,1390,1830,1883,3713
1370,1400,2663,2725,5388
1370,1410,3566,3592,7158
1370,1420,4453,4478,8931
1370,1430,5323,5372,10695
1370,1440,6218,6289,12507
1370,1450,7073,7080,14153
1370,1460,7944,7935,15879
1370,1470,8802,8784,17586
1370,1480,9720,9628,19348
1370,1490,10573,10499,21072
1370,1500,11393,11400,22793
1370,1510,12260,12249,24509
1370,1520,13106,13121,26227
1370,1530,13936,14015,27951
1370,1540,14722,14827,29549
1370,1550,15584,15656,31240
1370,1560,16476,16617,33093
1370,1570,17320,17512,34832
1370,1580,18086,18417,36503
1370,1590,18944,19355,38299
1370,1600,19768,20237,40005
1370,1610,20734,21149,41883
1370,1620,21561,22019,43580
1370,1630,22421,22874,45295
1370,1640,23285,23774,47059
1370,1650,24153,24700,48853
1370,1660,25023,25596,50619
1370,1670,25883,26450,52333
1370,1680,26747,27331,54078
1370,1690,27602,28201,55803
1370,1700,28417,29112,57529
1370,1710,29262,30061,59323
1370,1720,30105,30951,61056
1370,1730,30942,31807,62749
1370,1740,31755,32708,64463
1370,1750,32617,33578,66195
1370,1760,33474,34443,67917
1370,1770,34351,35312,69663
1370,1780,35216,36176,71392
1370,1790,36066,37099,73165
1370,1800,36949,37986,74935
1370,1810,37805,38847,76652
1370,1820,38677,39713,78390
1370,1830,39545,40561,80106
1370,1840,40367,41413,81780
1370,1850,41235,42306,83541
1370,1860,42072,43174,85246
1370,1870,42921,44034,86955
1370,1880,43748,44959,88707
1370,1890,44638,45851,90489
1370,1900,45449,46767,92216
1370,1910,46307,47622,93929
1370,1920,47135,48501,95636
1370,1930,48026,49383,97409
1370,1940,48868,50282,99150
1370,1950,49688,51118,100806
1370,1960,50476,51993,102469
1370,1970,51332,52908,104240
1370,1980,52130,53805,105935
1370,1990,52948,54763,107711
1380,1380,88,85,173
1380,1390,966,982,1948
1380,1400,1799,1824,3623
1380,1410,2702,2691,5393
1380,1420,3589,3577,7166
1380,1430,4459,4471,8930
1380,1440,5354,5388,10742
1380,1450,6209,6179,12388
1380,1460,7080,7034,14114
1380,1470,7938,7883,15821
1380,1480,8856,8727,17583
1380,1490,9709,9598,19307
1380,1500,10529,10499,21028
1380,1510,11396,11348,22744
1380,1520,12242,12220,24462
1380,1530,13072,13114,26186
1380,1540,13858,13926,27784
1380,1550,14720,14755,29475
1380,1560,15612,15716,31328
1380,1570,16456,16611,33067
1380,1580,17222,17516,34738
1380,1590,18080,18454,36534
1380,1600,18904,19336,38240
1380,1610,19870,20248,40118
1380,1620,20697,21118,41815
1380,1630,21557,21973,43530
1380,1640,22421,22873,45294
1380,1650,23289,23799,47088
1380,1660,24159,24695,48854
1380,1670,25019,25549,50568
1380,1680,25883,26430,52313
1380,1690,26738,27300,54038
1380,1700,27553,28211,55764
1380,1710,28398,29160,57558
1380,1720,29241,30050,59291
1380,1730,30078,30906,60984
1380,1740,30891,31807,62698
1380,1750,31753,32677,64430
1380,1760,32610,33542,66152
1380,1770,33487,34411,67898
1380,1780,34352,35275,69627
1380,1790,35202,36198,71400
1380,1800,36085,37085,73170
1380,1810,36941,37946,74887
1380,1820,37813,38812,76625
1380,1830,38681,39660,78341
1380,1840,39503,40512,80015
1380,1850,40371,41405,81776
1380,1860,41208,42273,83481
1380,1870,42057,43133,85190
1380,1880,42884,44058,86942
1380,1890,43774,44950,88724
1380,1900,44585,45866,90451
1380,1910,45443,46721,92164
1380,1920,46271,47600,93871
1380,1930,47162,48482,95644
1380,1940,48004,49381,97385
1380,1950,48824,50217,99041
1380,1960,49612,51092,100704
1380,1970,50468,52007,102475
1380,1980,51266,52904,104170
1380,1990,52084,53862,105946
1390,1390,95,83,178
1390,1400,928,925,1853
1390,1410,1831,1792,3623
1390,1420,2718,2678,5396
1390,1430,3588,3572,7160
1390,1440,4483,4489,8972
1390,1450,5338,5280,10618
1390,1460,6209,6135,12344
1390,1470,7067,6984,14051
1390,1480,7985,7828,15813
1390,1490,8838,8699,17537
1390,1500,9658,9600,19258
1390,1510,10525,10449,20974
1390,1520,11371,11321,22692
1390,1530,12201,12215,24416
1390,1540,12987,13027,26014
1390,1550,13849,13856,27705
1390,1560,14741,14817,29558
1390,1570,15585,15712,31297
1390,1580,16351,16617,32968
1390,1590,17209,17555,34764
1390,1600,18033,18437,36470
1390,1610,18999,19349,38348
1390,1620,19826,20219,40045
1390,1630,20686,21074,41760
1390,1640,21550,21974,43524
1390,1650,22418,22900,45318
1390,1660,23288,23796,47084
1390,1670,24148,24650,48798
1390,1680,25012,25531,50543
1390,1690,25867,26401,52268
1390,1700,26682,27312,53994
1390,1710,27527,28261,55788
1390,1720,28370,29151,57521
1390,1730,29207,30007,59214
1390,1740,30020,30908,60928
1390,1750,30882,31778,62660
1390,1760,31739,32643,64382
1390,1770,32616,33512,66128
1390,1780,33481,34376,67857
1390,1790,34331,35299,69630
1390,1800,35214,36186,71400
1390,1810,36070,37047,73117
1390,1820,36942,37913,74855
1390,1830,37810,38761,76571
1390,1840,38632,39613,78245
1390,1850,39500,40506,80006
1390,1860,40337,41374,81711
1390,1870,41186,42234,83420
1390,1880,42013,43159,85172
1390,1890,42903,44051,86954
1390,1900,43714,44967,88681
1390,1910,44572,45822,90394
1390,1920,45400,46701,92101
1390,1930,46291,47583,93874
1390,1940,47133,48482,95615
1390,1950,47953,49318,97271
1390,1960,48741,50193,98934
1390,1970,49597,51108,100705
1390,1980,50395,52005,102400
1390,1990,51213,52963,104176
1400,1400,87,95,182
1400,1410,990,962,1952
1400,1420,1877,1848,3725
1400,1430,2747,2742,5489
1400,1440,3642,3659,7301
1400,1450,4497,4450,8947
1400,1460,5368,5305,10673
1400,1470,6226,6154,12380
1400,1480,7144,6998,14142
1400,1490,7997,7869,15866
1400,1500,8817,8770,17587
1400,1510,9684,9619,19303
1400,1520,10530,10491,21021
1400,1530,11360,11385,22745
1400,1540,12146,12197,24343
1400,1550,13008,13026,26034
1400,1560,13900,13987,27887
1400,1570,14744,14882,29626
1400,1580,15510,15787,31297
1400,1590,16368,16725,33093
1400,1600,17192,17607,34799
1400,1610,18158,18519,36677
1400,1620,18985,19389,38374
1400,1630,19845,20244,40089
1400,1640,20709,21144,41853
1400,1650,21577,22070,43647
1400,1660,22447,22966,45413
1400,1670,23307,23820,47127
1400,1680,24171,24701,48872
1400,1690,25026,25571,50597
1400,1700,25841,26482,52323
1400,1710,26686,27431,54117
1400,1720,27529,28321,55850
1400,1730,28366,29177,57543
1400,1740,29179,30078,59257
1400,1750,30041,30948,60989
1400,1760,30898,31813,62711
1400,1770,31775,32682,64457
1400,1780,32640,33546,66186
1400,1790,33490,34469,67959
1400,1800,34373,35356,69729
1400,1810,35229,36217,71446
1400,1820,36101,37083,73184
1400,1830,36969,37931,74900
1400,1840,37791,38783,76574
1400,1850,38659,39676,78335
1400,1860,39496,40544,80040
1400,1870,40345,41404,81749
1400,1880,41172,42329,83501
1400,1890,42062,43221,85283
1400,1900,42873,44137,87010
1400,1910,43731,44992,88723
1400,1920,44559,45871,90430
1400,1930,45450,46753,92203
1400,1940,46292,47652,93944
1400,1950,47112,48488,95600
1400,1960,47900,49363,97263
1400,1970,48756,50278,99034
1400,1980,49554,51175,100729
1400,1990,50372,52133,102505
1410,1410,104,114,218
1410,1420,991,1000,1991
1410,1430,1861,1894,3755
1410,1440,2756,2811,5567
1410,1450,3611,3602,7213
1410,1460,4482,4457,8939
1410,1470,5340,5306,10646
1410,1480,6258,6150,12408
1410,1490,7111,7021,14132
1410,1500,7931,7922,15853
1410,1510,8798,8771,17569
1410,1520,9644,9643,19287
1410,1530,10474,10537,21011
1410,1540,11260,11349,22609
1410,1550,12122,12178,24300
1410,1560,13014,13139,26153
1410,1570,13858,14034,27892
1410,1580,14624,14939,29563
1410,1590,15482,15877,31359
1410,1600,16306,16759,33065
1410,1610,17272,17671,34943
1410,1620,18099,18541,36640
1410,1630,18959,19396,38355
1410,1640,19823,20296,40119
1410,1650,20691,21222,41913
1410,1660,21561,22118,43679
1410,1670,22421,22972,45393
1410,1680,23285,23853,47138
1410,1690,24140,24723,48863
1410,1700,24955,25634,50589
1410,1710,25800,26583,52383
1410,1720,26643,27473,54116
1410,1730,27480,28329,55809
1410,1740,28293,29230,57523
1410,1750,29155,30100,59255
1410,1760,30012,30965,60977
1410,1770,30889,31834,62723
1410,1780,31754,32698,64452
1410,1790,32604,33621,66225
1410,1800,33487,34508,67995
1410,1810,34343,35369,69712
1410,1820,35215,36235,71450
1410,1830,36083,37083,73166
1410,1840,36905,37935,74840
1410,1850,37773,38828,76601
1410,1860,38610,39696,78306
1410,1870,39459,40556,80015
1410,1880,40286,41481,81767
1410,1890,41176,42373,83549
1410,1900,41987,43289,85276
1410,1910,42845,44144,86989
1410,1920,43673,45023,88696
1410,1930,44564,45905,90469
1410,1940,45406,46804,92210
1410,1950,46226,47640,93866
1410,1960,47014,48515,95529
1410,1970,47870,49430,97300
1410,1980,48668,50327,98995
1410,1990,49486,51285,100771
1420,1420,105,95,200
1420,1430,975,989,1964
1420,1440,1870,1906,3776
1420,1450,2725,2697,5422
1420,1460,3596,3552,7148
1420,1470,4454,4401,8855
1420,1480,5372,5245,10617
1420,1490,6225,6116,12341
1420,1500,7045,7017,14062
1420,1510,7912,7866,15778
1420,1520,8758,8738,17496
1420,1530,9588,9632,19220
1420,1540,10374,10444,20818
1420,1550,11236,11273,22509
1420,1560,12128,12234,24362
1420,1570,12972,13129,26101
1420,1580,13738,14034,27772
1420,1590,14596,14972,29568
1420,1600,15420,15854,31274
1420,1610,16386,16766,33152
1420,1620,17213,17636,34849
1420,1630,18073,18491,36564
1420,1640,18937,19391,38328
1420,1650,19805,20317,40122
1420,1660,20675,21213,41888
1420,1670,21535,22067,43602
1420,1680,22399,22948,45347
1420,1690,23254,23818,47072
1420,1700,24069,24729,48798
1420,1710,24914,25678,50592
1420,1720,25757,26568,52325
1420,1730,26594,27424,54018
1420,1740,27407,28325,55732
1420,1750,28269,29195,57464
1420,1760,29126,30060,59186
1420,1770,30003,30929,60932
1420,1780,30868,31793,62661
1420,1790,31718,32716,64434
1420,1800,32601,33603,66204
1420,1810,33457,34464,67921
1420,1820,34329,35330,69659
1420,1830,35197,36178,71375
1420,1840,36019,37030,73049
1420,1850,36887,37923,74810
1420,1860,37724,38791,76515
1420,1870,38573,39651,78224
1420,1880,39400,40576,79976
1420,1890,40290,41468,81758
1420,1900,41101,42384,83485
1420,1910,41959,43239,85198
1420,1920,42787,44118,86905
1420,1930,43678,45000,88678
1420,1940,44520,45899,90419
1420,1950,45340,46735,92075
1420,1960,46128,47610,93738
1420,1970,46984,48525,95509
1420,1980,47782,49422,97204
1420,1990,48600,50380,98980
1430,1430,95,94,189
1430,1440,990,1011,2001
1430,1450,1845,1802,3647
1430,1460,2716,2657,5373
1430,1470,3574,3506,7080
1430,1480,4492,4350,8842
1430,1490,5345,5221,10566
1430,1500,6165,6122,12287
1430,1510,7032,6971,14003
1430,1520,7878,7843,15721
1430,1530,8708,8737,17445
1430,1540,9494,9549,19043
1430,1550,10356,10378,20734
1430,1560,11248,11339,22587
1430,1570,12092,12234,24326
1430,1580,12858,13139,25997
1430,1590,13716,14077,27793
1430,1600,14540,14959,29499
1430,1610,15506,15871,31377
1430,1620,16333,16741,33074
1430,1630,17193,17596,34789
1430,1640,18057,18496,36553
1430,1650,18925,19422,38347
1430,1660,19795,20318,40113
1430,1670,20655,21172,41827
1430,1680,21519,22053,43572
1430,1690,22374,22923,45297
1430,1700,23189,23834,47023
1430,1710,24034,24783,48817
1430,1720,24877,25673,50550
1430,1730,25714,26529,52243
1430,1740,26527,27430,53957
1430,1750,27389,28300,55689
1430,1760,28246,29165,57411
1430,1770,29123,30034,59157
1430,1780,29988,30898,60886
1430,1790,30838,31821,62659
1430,1800,31721,32708,64429
1430,1810,32577,33569,66146
1430,1820,33449,34435,67884
1430,1830,34317,35283,69600
1430,1840,35139,36135,71274
1430,1850,36007,37028,73035
1430,1860,36844,37896,74740
1430,1870,37693,38756,76449
1430,1880,38520,39681,78201
1430,1890,39410,40573,79983
1430,1900,40221,41489,81710
1430,1910,41079,42344,83423
1430,1920,41907,43223,85130
1430,1930,42798,44105,86903
1430,1940,43640,45004,88644
1430,1950,44460,45840,90300
1430,1960,45248,46715,91963
1430,1970,46104,47630,93734
1430,1980,46902,48527,95429
1430,1990,47720,49485,97205
1440,1440,96,115,211
1440,1450,951,906,1857
1440,1460,1822,1761,3583
1440,1470,2680,2610,5290
1440,1480,3598,3454,7052
1440,1490,4451,4325,8776
1440,1500,5271,5226,10497
1440,1510,6138,6075,12213
1440,1520,6984,6947,13931
1440,1530,7814,7841,15655
1440,1540,8600,8653,17253
1440,1550,9462,9482,18944
1440,1560,10354,10443,20797
1440,1570,11198,11338,22536
1440,1580,11964,12243,24207
1440,1590,12822,13181,26003
1440,1600,13646,14063,27709
1440,1610,14612,14975,29587
1440,1620,15439,15845,31284
1440,1630,16299,16700,32999
1440,1640,17163,17600,34763
1440,1650,18031,18526,36557
1440,1660,18901,19422,38323
1440,1670,19761,20276,40037
1440,1680,20625,21157,41782
1440,1690,21480,22027,43507
1440,1700,22295,22938,45233
1440,1710,23140,23887,47027
1440,1720,23983,24777,48760
1440,1730,24820,25633,50453
1440,1740,25633,26534,52167
1440,1750,26495,27404,53899
1440,1760,27352,28269,55621
1440,1770,28229,29138,57367
1440,1780,29094,30002,59096
1440,1790,29944,30925,60869
1440,1800,30827,31812,62639
1440,1810,31683,32673,64356
1440,1820,32555,33539,66094
1440,1830,33423,34387,67810
1440,1840,34245,35239,69484
1440,1850,35113,36132,71245
1440,1860,35950,37000,72950
1440,1870,36799,37860,74659
1440,1880,37626,38785,76411
1440,1890,38516,39677,78193
1440,1900,39327,40593,79920
1440,1910,40185,41448,81633
1440,1920,41013,42327,83340
1440,1930,41904,43209,85113
1440,1940,42746,44108,86854
1440,1950,43566,44944,88510
1440,1960,44354,45819,90173
1440,1970,45210,46734,91944
1440,1980,46008,47631,93639
1440,1990,46826,48589,95415
1450,1450,87,65,152
1450,1460,958,920,1878
1450,1470,1816,1769,3585
1450,1480,2734,2613,5347
1450,1490,3587,3484,7071
1450,1500,4407,4385,8792
1450,1510,5274,5234,10508
1450,1520,6120,6106,12226
1450,1530,6950,7000,13950
1450,1540,7736,7812,15548
1450,1550,8598,8641,17239
1450,1560,9490,9602,19092
1450,1570,10334,10497,20831
1450,1580,11100,11402,22502
1450,1590,11958,12340,24298
1450,1600,12782,13222,26004
1450,1610,13748,14134,27882
1450,1620,14575,15004,29579
1450,1630,15435,15859,31294
1450,1640,16299,16759,33058
1450,1650,17167,17685,34852
1450,1660,18037,18581,36618
1450,1670,18897,19435,38332
1450,1680,19761,20316,40077
1450,1690,20616,21186,41802
1450,1700,21431,22097,43528
1450,1710,22276,23046,45322
1450,1720,23119,23936,47055
1450,1730,23956,24792,48748
1450,1740,24769,25693,50462
1450,1750,25631,26563,52194
1450,1760,26488,27428,53916
1450,1770,27365,28297,55662
1450,1780,28230,29161,57391
1450,1790,29080,30084,59164
1450,1800,29963,30971,60934
1450,1810,30819,31832,62651
1450,1820,31691,32698,64389
1450,1830,32559,33546,66105
1450,1840,33381,34398,67779
1450,1850,34249,35291,69540
1450,1860,35086,36159,71245
1450,1870,35935,37019,72954
1450,1880,36762,37944,74706
1450,1890,37652,38836,76488
1450,1900,38463,39752,78215
1450,1910,39321,40607,79928
1450,1920,40149,41486,81635
1450,1930,41040,42368,83408
1450,1940,41882,43267,85149
1450,1950,42702,44103,86805
1450,1960,43490,44978,88468
1450,1970,44346,45893,90239
1450,1980,45144,46790,91934
1450,1990,45962,47748,93710
1460,1460,101,80,181
1460,1470,959,929,1888
1460,1480,1877,1773,3650
1460,1490,2730,2644,5374
1460,1500,3550,3545,7095
1460,1510,4417,4394,8811
1460,1520,5263,5266,10529
1460,1530,6093,6160,12253
1460,1540,6879,6972,13851
1460,1550,7741,7801,15542
1460,1560,8633,8762,17395
1460,1570,9477,9657,19134
1460,1580,10243,10562,20805
1460,1590,11101,11500,22601
1460,1600,11925,12382,24307
1460,1610,12891,13294,26185
1460,1620,13718,14164,27882
1460,1630,14578,15019,29597
1460,1640,15442,15919,31361
1460,1650,16310,16845,33155
1460,1660,17180,17741,34921
1460,1670,18040,18595,36635
1460,1680,18904,19476,38380
1460,1690,19759,20346,40105
1460,1700,20574,21257,41831
1460,1710,21419,22206,43625
1460,1720,22262,23096,45358
1460,1730,23099,23952,47051
1460,1740,23912,24853,48765
1460,1750,24774,25723,50497
1460,1760,25631,26588,52219
1460,1770,26508,27457,53965
1460,1780,27373,28321,55694
1460,1790,28223,29244,57467
1460,1800,29106,30131,59237
1460,1810,29962,30992,60954
1460,1820,30834,31858,62692
1460,1830,31702,32706,64408
1460,1840,32524,33558,66082
1460,1850,33392,34451,67843
1460,1860,34229,35319,69548
1460,1870,35078,36179,71257
1460,1880,35905,37104,73009
1460,1890,36795,37996,74791
1460,1900,37606,38912,76518
1460,1910,38464,39767,78231
1460,1920,39292,40646,79938
1460,1930,40183,41528,81711
1460,1940,41025,42427,83452
1460,1950,41845,43263,85108
1460,1960,42633,44138,86771
1460,1970,43489,45053,88542
1460,1980,44287,45950,90237
1460,1990,45105,46908,92013
1470,1470,82,88,170
1470,1480,1000,932,1932
1470,1490,1853,1803,3656
1470,1500,2673,2704,5377
1470,1510,3540,3553,7093
1470,1520,4386,4425,8811
1470,1530,5216,5319,10535
1470,1540,6002,6131,12133
1470,1550,6864,6960,13824
1470,1560,7756,7921,15677
1470,1570,8600,8816,17416
1470,1580,9366,9721,19087
1470,1590,10224,10659,20883
1470,1600,11048,11541,22589
1470,1610,12014,12453,24467
1470,1620,12841,13323,26164
1470,1630,13701,14178,27879
1470,1640,14565,15078,29643
1470,1650,15433,16004,31437
1470,1660,16303,16900,33203
1470,1670,17163,17754,34917
1470,1680,18027,18635,36662
1470,1690,18882,19505,38387
1470,1700,19697,20416,40113
1470,1710,20542,21365,41907
1470,1720,21385,22255,43640
1470,1730,22222,23111,45333
1470,1740,23035,24012,47047
1470,1750,23897,24882,48779
1470,1760,24754,25747,50501
1470,1770,25631,26616,52247
1470,1780,26496,27480,53976
1470,1790,27346,28403,55749
1470,1800,28229,29290,57519
1470,1810,29085,30151,59236
1470,1820,29957,31017,60974
1470,1830,30825,31865,62690
1470,1840,31647,32717,64364
1470,1850,32515,33610,66125
1470,1860,33352,34478,67830
1470,1870,34201,35338,69539
1470,1880,35028,36263,71291
1470,1890,35918,37155,73073
1470,1900,36729,38071,74800
1470,1910,37587,38926,76513
1470,1920,38415,39805,78220
1470,1930,39306,40687,79993
1470,1940,40148,41586,81734
1470,1950,40968,42422,83390
1470,1960,41756,43297,85053
1470,1970,42612,44212,86824
1470,1980,43410,45109,88519
1470,1990,44228,46067,90295
1480,1480,96,88,184
1480,1490,949,959,1908
1480,1500,1769,1860,3629
1480,1510,2636,2709,5345
1480,1520,3482,3581,7063
1480,1530,4312,4475,8787
1480,1540,5098,5287,10385
1480,1550,5960,6116,12076
1480,1560,6852,7077,13929
1480,1570,7696,7972,15668
1480,1580,8462,8877,17339
1480,1590,9320,9815,19135
1480,1600,10144,10697,20841
1480,1610,11110,11609,22719
1480,1620,11937,12479,24416
1480,1630,12797,13334,26131
1480,1640,13661,14234,27895
1480,1650,14529,15160,29689
1480,1660,15399,16056,31455
1480,1670,16259,16910,33169
1480,1680,17123,17791,34914
1480,1690,17978,18661,36639
1480,1700,18793,19572,38365
1480,1710,19638,20521,40159
1480,1720,20481,21411,41892
1480,1730,21318,22267,43585
1480,1740,22131,23168,45299
1480,1750,22993,24038,47031
1480,1760,23850,24903,48753
1480,1770,24727,25772,50499
1480,1780,25592,26636,52228
1480,1790,26442,27559,54001
1480,1800,27325,28446,55771
1480,1810,28181,29307,57488
1480,1820,29053,30173,59226
1480,1830,29921,31021,60942
1480,1840,30743,31873,62616
1480,1850,31611,32766,64377
1480,1860,32448,33634,66082
1480,1870,33297,34494,67791
1480,1880,34124,35419,69543
1480,1890,35014,36311,71325
1480,1900,35825,37227,73052
1480,1910,36683,38082,74765
1480,1920,37511,38961,76472
1480,1930,38402,39843,78245
1480,1940,39244,40742,79986
1480,1950,40064,41578,81642
1480,1960,40852,42453,83305
1480,1970,41708,43368,85076
1480,1980,42506,44265,86771
1480,1990,43324,45223,88547
1490,1490,100,90,190
1490,1500,920,991,1911
1490,1510,1787,1840,3627
1490,1520,2633,2712,5345
1490,1530,3463,3606,7069
1490,1540,4249,4418,8667
1490,1550,5111,5247,10358
1490,1560,6003,6208,12211
1490,1570,6847,7103,13950
1490,1580,7613,8008,15621
1490,1590,8471,8946,17417
1490,1600,9295,9828,19123
1490,1610,10261,10740,21001
1490,1620,11088,11610,22698
1490,1630,11948,12465,24413
1490,1640,12812,13365,26177
1490,1650,13680,14291,27971
1490,1660,14550,15187,29737
1490,1670,15410,16041,31451
1490,1680,16274,16922,33196
1490,1690,17129,17792,34921
1490,1700,17944,18703,36647
1490,1710,18789,19652,38441
1490,1720,19632,20542,40174
1490,1730,20469,21398,41867
1490,1740,21282,22299,43581
1490,1750,22144,23169,45313
1490,1760,23001,24034,47035
1490,1770,23878,24903,48781
1490,1780,24743,25767,50510
1490,1790,25593,26690,52283
1490,1800,26476,27577,54053
1490,1810,27332,28438,55770
1490,1820,28204,29304,57508
1490,1830,29072,30152,59224
1490,1840,29894,31004,60898
1490,1850,30762,31897,62659
1490,1860,31599,32765,64364
1490,1870,32448,33625,66073
1490,1880,33275,34550,67825
1490,1890,34165,35442,69607
1490,1900,34976,36358,71334
1490,1910,35834,37213,73047
1490,1920,36662,38092,74754
1490,1930,37553,38974,76527
1490,1940,38395,39873,78268
1490,1950,39215,40709,79924
1490,1960,40003,41584,81587
1490,1970,40859,42499,83358
1490,1980,41657,43396,85053
1490,1990,42475,44354,86829
1500,1500,81,87,168
1500,1510,948,936,1884
1500,1520,1794,1808,3602
1500,1530,2624,2702,5326
1500,1540,3410,3514,6924
1500,1550,4272,4343,8615
1500,1560,5164,5304,10468
1500,1570,6008,6199,12207
1500,1580,6774,7104,13878
1500,1590,7632,8042,15674
1500,1600,8456,8924,17380
1500,1610,9422,9836,19258
1500,1620,10249,10706,20955
1500,1630,11109,11561,22670
1500,1640,11973,12461,24434
1500,1650,12841,13387,26228
1500,1660,13711,14283,27994
1500,1670,14571,15137,29708
1500,1680,15435,16018,31453
1500,1690,16290,16888,33178
1500,1700,17105,17799,34904
1500,1710,17950,18748,36698
1500,1720,18793,19638,38431
1500,1730,19630,20494,40124
1500,1740,20443,21395,41838
1500,1750,21305,22265,43570
1500,1760,22162,23130,45292
1500,1770,23039,23999,47038
1500,1780,23904,24863,48767
1500,1790,24754,25786,50540
1500,1800,25637,26673,52310
1500,1810,26493,27534,54027
1500,1820,27365,28400,55765
1500,1830,28233,29248,57481
1500,1840,29055,30100,59155
1500,1850,29923,30993,60916
1500,1860,30760,31861,62621
1500,1870,31609,32721,64330
1500,1880,32436,33646,66082
1500,1890,33326,34538,67864
1500,1900,34137,35454,69591
1500,1910,34995,36309,71304
1500,1920,35823,37188,73011
1500,1930,36714,38070,74784
1500,1940,37556,38969,76525
1500,1950,38376,39805,78181
1500,1960,39164,40680,79844
1500,1970,40020,41595,81615
1500,1980,40818,42492,83310
1500,1990,41636,43450,85086
1510,1510,87,105,192
1510,1520,933,977,1910
1510,1530,1763,1871,3634
1510,1540,2549,2683,5232
1510,1550,3411,3512,6923
1510,1560,4303,4473,8776
1510,1570,5147,5368,10515
1510,1580,5913,6273,12186
1510,1590,6771,7211,13982
1510,1600,7595,8093,15688
1510,1610,8561,9005,17566
1510,1620,9388,9875,19263
1510,1630,10248,10730,20978
1510,1640,11112,11630,22742
1510,1650,11980,12556,24536
1510,1660,12850,13452,26302
1510,1670,13710,14306,28016
1510,1680,14574,15187,29761
1510,1690,15429,16057,31486
1510,1700,16244,16968,33212
1510,1710,17089,17917,35006
1510,1720,17932,18807,36739
1510,1730,18769,19663,38432
1510,1740,19582,20564,40146
1510,1750,20444,21434,41878
1510,1760,21301,22299,43600
1510,1770,22178,23168,45346
1510,1780,23043,24032,47075
1510,1790,23893,24955,48848
1510,1800,24776,25842,50618
1510,1810,25632,26703,52335
1510,1820,26504,27569,54073
1510,1830,27372,28417,55789
1510,1840,28194,29269,57463
1510,1850,29062,30162,59224
1510,1860,29899,31030,60929
1510,1870,30748,31890,62638
1510,1880,31575,32815,64390
1510,1890,32465,33707,66172
1510,1900,33276,34623,67899
1510,1910,34134,35478,69612
1510,1920,34962,36357,71319
1510,1930,35853,37239,73092
1510,1940,36695,38138,74833
1510,1950,37515,38974,76489
1510,1960,38303,39849,78152
1510,1970,39159,40764,79923
1510,1980,39957,41661,81618
1510,1990,40775,42619,83394
1520,1520,89,94,183
1520,1530,919,988,1907
1520,1540,1705,1800,3505
1520,1550,2567,2629,5196
1520,1560,3459,3590,7049
1520,1570,4303,4485,8788
1520,1580,5069,5390,10459
1520,1590,5927,6328,12255
1520,1600,6751,7210,13961
1520,1610,7717,8122,15839
1520,1620,8544,8992,17536
1520,1630,9404,9847,19251
1520,1640,10268,10747,21015
1520,1650,11136,11673,22809
1520,1660,12006,12569,24575
1520,1670,12866,13423,26289
1520,1680,13730,14304,28034
1520,1690,14585,15174,29759
1520,1700,15400,16085,31485
1520,1710,16245,17034,33279
1520,1720,17088,17924,35012
1520,1730,17925,18780,36705
1520,1740,18738,19681,38419
1520,1750,19600,20551,40151
1520,1760,20457,21416,41873
1520,1770,21334,22285,43619
1520,1780,22199,23149,45348
1520,1790,23049,24072,47121
1520,1800,23932,24959,48891
1520,1810,24788,25820,50608
1520,1820,25660,26686,52346
1520,1830,26528,27534,54062
1520,1840,27350,28386,55736
1520,1850,28218,29279,57497
1520,1860,29055,30147,59202
1520,1870,29904,31007,60911
1520,1880,30731,31932,62663
1520,1890,31621,32824,64445
1520,1900,32432,33740,66172
1520,1910,33290,34595,67885
1520,1920,34118,35474,69592
1520,1930,35009,36356,71365
1520,1940,35851,37255,73106
1520,1950,36671,38091,74762
1520,1960,37459,38966,76425
1520,1970,38315,39881,78196
1520,1980,39113,40778,79891
1520,1990,39931,41736,81667
1530,1530,85,102,187
1530,1540,871,914,1785
1530,1550,1733,1743,3476
1530,1560,2625,2704,5329
1530,1570,3469,3599,7068
1530,1580,4235,4504,8739
1530,1590,5093,5442,10535
1530,1600,5917,6324,12241
1530,1610,6883,7236,14119
1530,1620,7710,8106,15816
1530,1630,8570,8961,17531
1530,1640,9434,9861,19295
1530,1650,10302,10787,21089
1530,1660,11172,11683,22855
1530,1670,12032,12537,24569
1530,1680,12896,13418,26314
1530,1690,13751,14288,28039
1530,1700,14566,15199,29765
1530,1710,15411,16148,31559
1530,1720,16254,17038,33292
1530,1730,17091,17894,34985
1530,1740,17904,18795,36699
1530,1750,18766,19665,38431
1530,1760,19623,20530,40153
1530,1770,20500,21399,41899
1530,1780,21365,22263,43628
1530,1790,22215,23186,45401
1530,1800,23098,24073,47171
1530,1810,23954,24934,48888
1530,1820,24826,25800,50626
1530,1830,25694,26648,52342
1530,1840,26516,27500,54016
1530,1850,27384,28393,55777
1530,1860,28221,29261,57482
1530,1870,29070,30121,59191
1530,1880,29897,31046,60943
1530,1890,30787,31938,62725
1530,1900,31598,32854,64452
1530,1910,32456,33709,66165
1530,1920,33284,34588,67872
1530,1930,34175,35470,69645
1530,1940,35017,36369,71386
1530,1950,35837,37205,73042
1530,1960,36625,38080,74705
1530,1970,37481,38995,76476
1530,1980,38279,39892,78171
1530,1990,39097,40850,79947
1540,1540,63,85,148
1540,1550,925,914,1839
1540,1560,1817,1875,3692
1540,1570,2661,2770,5431
1540,1580,3427,3675,7102
1540,1590,4285,4613,8898
1540,1600,5109,5495,10604
1540,1610,6075,6407,12482
1540,1620,6902,7277,14179
1540,1630,7762,8132,15894
1540,1640,8626,9032,17658
1540,1650,9494,9958,19452
1540,1660,10364,10854,21218
1540,1670,11224,11708,22932
1540,1680,12088,12589,24677
1540,1690,12943,13459,26402
1540,1700,13758,14370,28128
1540,1710,14603,15319,29922
1540,1720,15446,16209,31655
1540,1730,16283,17065,33348
1540,1740,17096,17966,35062
1540,1750,17958,18836,36794
1540,1760,18815,19701,38516
1540,1770,19692,20570,40262
1540,1780,20557,21434,41991
1540,1790,21407,22357,43764
1540,1800,22290,23244,45534
1540,1810,23146,24105,47251
1540,1820,24018,24971,48989
1540,1830,24886,25819,50705
1540,1840,25708,26671,52379
1540,1850,26576,27564,54140
1540,1860,27413,28432,55845
1540,1870,28262,29292,57554
1540,1880,29089,30217,59306
1540,1890,29979,31109,61088
1540,1900,30790,32025,62815
1540,1910,31648,32880,64528
1540,1920,32476,33759,66235
1540,1930,33367,34641,68008
1540,1940,34209,35540,69749
1540,1950,35029,36376,71405
1540,1960,35817,37251,73068
1540,1970,36673,38166,74839
1540,1980,37471,39063,76534
1540,1990,38289,40021,78310
1550,1550,90,77,167
1550,1560,982,1038,2020
1550,1570,1826,1933,3759
1550,1580,2592,2838,5430
1550,1590,3450,3776,7226
1550,1600,4274,4658,8932
1550,1610,5240,5570,10810
1550,1620,6067,6440,12507
1550,1630,6927,7295,14222
1550,1640,7791,8195,15986
1550,1650,8659,9121,17780
1550,1660,9529,10017,19546
1550,1670,10389,10871,21260
1550,1680,11253,11752,23005
1550,1690,12108,12622,24730
1550,1700,12923,13533,26456
1550,1710,13768,14482,28250
1550,1720,14611,15372,29983
1550,1730,15448,16228,31676
1550,1740,16261,17129,33390
1550,1750,17123,17999,35122
1550,1760,17980,18864,36844
1550,1770,18857,19733,38590
1550,1780,19722,20597,40319
1550,1790,20572,21520,42092
1550,1800,21455,22407,43862
1550,1810,22311,23268,45579
1550,1820,23183,24134,47317
1550,1830,24051,24982,49033
1550,1840,24873,25834,50707
1550,1850,25741,26727,52468
1550,1860,26578,27595,54173
1550,1870,27427,28455,55882
1550,1880,28254,29380,57634
1550,1890,29144,30272,59416
1550,1900,29955,31188,61143
1550,1910,30813,32043,62856
1550,1920,31641,32922,64563
1550,1930,32532,33804,66336
1550,1940,33374,34703,68077
1550,1950,34194,35539,69733
1550,1960,34982,36414,71396
1550,1970,35838,37329,73167
1550,1980,36636,38226,74862
1550,1990,37454,39184,76638
1560,1560,86,101,187
1560,1570,930,996,1926
1560,1580,1696,1901,3597
1560,1590,2554,2839,5393
1560,1600,3378,3721,7099
1560,1610,4344,4633,8977
1560,1620,5171,5503,10674
1560,1630,6031,6358,12389
1560,1640,6895,7258,14153
1560,1650,7763,8184,15947
1560,1660,8633,9080,17713
1560,1670,9493,9934,19427
1560,1680,10357,10815,21172
1560,1690,11212,11685,22897
1560,1700,12027,12596,24623
1560,1710,12872,13545,26417
1560,1720,13715,14435,28150
1560,1730,14552,15291,29843
1560,1740,15365,16192,31557
1560,1750,16227,17062,33289
1560,1760,17084,17927,35011
1560,1770,17961,18796,36757
1560,1780,18826,19660,38486
1560,1790,19676,20583,40259
1560,1800,20559,21470,42029
1560,1810,21415,22331,43746
1560,1820,22287,23197,45484
1560,1830,23155,24045,47200
1560,1840,23977,24897,48874
1560,1850,24845,25790,50635
1560,1860,25682,26658,52340
1560,1870,26531,27518,54049
1560,1880,27358,28443,55801
1560,1890,28248,29335,57583
1560,1900,29059,30251,59310
1560,1910,29917,31106,61023
1560,1920,30745,31985,62730
1560,1930,31636,32867,64503
1560,1940,32478,33766,66244
1560,1950,33298,34602,67900
1560,1960,34086,35477,69563
1560,1970,34942,36392,71334
1560,1980,35740,37289,73029
1560,1990,36558,38247,74805
1570,1570,78,87,165
1570,1580,844,992,1836
1570,1590,1702,1930,3632
1570,1600,2526,2812,5338
1570,1610,3492,3724,7216
1570,1620,4319,4594,8913
1570,1630,5179,5449,10628
1570,1640,6043,6349,12392
1570,1650,6911,7275,14186
1570,1660,7781,8171,15952
1570,1670,8641,9025,17666
1570,1680,9505,9906,19411
1570,1690,10360,10776,21136
1570,1700,11175,11687,22862
1570,1710,12020,12636,24656
1570,1720,12863,13526,26389
1570,1730,13700,14382,28082
1570,1740,14513,15283,29796
1570,1750,15375,16153,31528
1570,1760,16232,17018,33250
1570,1770,17109,17887,34996
1570,1780,17974,18751,36725
1570,1790,18824,19674,38498
1570,1800,19707,20561,40268
1570,1810,20563,21422,41985
1570,1820,21435,22288,43723
1570,1830,22303,23136,45439
1570,1840,23125,23988,47113
1570,1850,23993,24881,48874
1570,1860,24830,25749,50579
1570,1870,25679,26609,52288
1570,1880,26506,27534,54040
1570,1890,27396,28426,55822
1570,1900,28207,29342,57549
1570,1910,29065,30197,59262
1570,1920,29893,31076,60969
1570,1930,30784,31958,62742
1570,1940,31626,32857,64483
1570,1950,32446,33693,66139
1570,1960,33234,34568,67802
1570,1970,34090,35483,69573
1570,1980,34888,36380,71268
1570,1990,35706,37338,73044
1580,1580,81,79,160
1580,1590,939,1017,1956
1580,1600,1763,1899,3662
1580,1610,2729,2811,5540
1580,1620,3556,3681,7237
1580,1630,4416,4536,8952
1580,1640,5280,5436,10716
1580,1650,6148,6362,12510
1580,1660,7018,7258,14276
1580,1670,7878,8112,15990
1580,1680,8742,8993,17735
1580,1690,9597,9863,19460
1580,1700,10412,10774,21186
1580,1710,11257,11723,22980
1580,1720,12100,12613,24713
1580,1730,12937,13469,26406
1580,1740,13750,14370,28120
1580,1750,14612,15240,29852
1580,1760,15469,16105,31574
1580,1770,16346,16974,33320
1580,1780,17211,17838,35049
1580,1790,18061,18761,36822
1580,1800,18944,19648,38592
1580,1810,19800,20509,40309
1580,1820,20672,21375,42047
1580,1830,21540,22223,43763
1580,1840,22362,23075,45437
1580,1850,23230,23968,47198
1580,1860,24067,24836,48903
1580,1870,24916,25696,50612
1580,1880,25743,26621,52364
1580,1890,26633,27513,54146
1580,1900,27444,28429,55873
1580,1910,28302,29284,57586
1580,1920,29130,30163,59293
1580,1930,30021,31045,61066
1580,1940,30863,31944,62807
1580,1950,31683,32780,64463
1580,1960,32471,33655,66126
1580,1970,33327,34570,67897
1580,1980,34125,35467,69592
1580,1990,34943,36425,71368
1590,1590,84,104,188
1590,1600,908,986,1894
1590,1610,1874,1898,3772
1590,1620,2701,2768,5469
1590,1630,3561,3623,7184
1590,1640,4425,4523,8948
1590,1650,5293,5449,10742
1590,1660,6163,6345,12508
1590,1670,7023,7199,14222
1590,1680,7887,8080,15967
1590,1690,8742,8950,17692
1590,1700,9557,9861,19418
1590,1710,10402,10810,21212
1590,1720,11245,11700,22945
1590,1730,12082,12556,24638
1590,1740,12895,13457,26352
1590,1750,13757,14327,28084
1590,1760,14614,15192,29806
1590,1770,15491,16061,31552
1590,1780,16356,16925,33281
1590,1790,17206,17848,35054
1590,1800,18089,18735,36824
1590,1810,18945,19596,38541
1590,1820,19817,20462,40279
1590,1830,20685,21310,41995
1590,1840,21507,22162,43669
1590,1850,22375,23055,45430
1590,1860,23212,23923,47135
1590,1870,24061,24783,48844
1590,1880,24888,25708,50596
1590,1890,25778,26600,52378
1590,1900,26589,27516,54105
1590,1910,27447,28371,55818
1590,1920,28275,29250,57525
1590,1930,29166,30132,59298
1590,1940,30008,31031,61039
1590,1950,30828,31867,62695
1590,1960,31616,32742,64358
1590,1970,32472,33657,66129
1590,1980,33270,34554,67824
1590,1990,34088,35512,69600
1600,1600,70,92,162
1600,1610,1036,1004,2040
1600,1620,1863,1874,3737
1600,1630,2723,2729,5452
1600,1640,3587,3629,7216
1600,1650,4455,4555,9010
1600,1660,5325,5451,10776
1600,1670,6185,6305,12490
1600,1680,7049,7186,14235
1600,1690,7904,8056,15960
1600,1700,8719,8967,17686
1600,1710,9564,9916,19480
1600,1720,10407,10806,21213
1600,1730,11244,11662,22906
1600,1740,12057,12563,24620
1600,1750,12919,13433,26352
1600,1760,13776,14298,28074
1600,1770,14653,15167,29820
1600,1780,15518,16031,31549
1600,1790,16368,16954,33322
1600,1800,17251,17841,35092
1600,1810,18107,18702,36809
1600,1820,18979,19568,38547
1600,1830,19847,20416,40263
1600,1840,20669,21268,41937
1600,1850,21537,22161,43698
1600,1860,22374,23029,45403
1600,1870,23223,23889,47112
1600,1880,24050,24814,48864
1600,1890,24940,25706,50646
1600,1900,25751,26622,52373
1600,1910,26609,27477,54086
1600,1920,27437,28356,55793
1600,1930,28328,29238,57566
1600,1940,29170,30137,59307
1600,1950,29990,30973,60963
1600,1960,30778,31848,62626
1600,1970,31634,32763,64397
1600,1980,32432,33660,66092
1600,1990,33250,34618,67868
1610,1610,95,88,183
1610,1620,922,958,1880
1610,1630,1782,1813,3595
1610,1640,2646,2713,5359
1610,1650,3514,3639,7153
1610,1660,4384,4535,8919
1610,1670,5244,5389,10633
1610,1680,6108,6270,12378
1610,1690,6963,7140,14103
1610,1700,7778,8051,15829
1610,1710,8623,9000,17623
1610,1720,9466,9890,19356
1610,1730,10303,10746,21049
1610,1740,11116,11647,22763
1610,1750,11978,12517,24495
1610,1760,12835,13382,26217
1610,1770,13712,14251,27963
1610,1780,14577,15115,29692
1610,1790,15427,16038,31465
1610,1800,16310,16925,33235
1610,1810,17166,17786,34952
1610,1820,18038,18652,36690
1610,1830,18906,19500,38406
1610,1840,19728,20352,40080
1610,1850,20596,21245,41841
1610,1860,21433,22113,43546
1610,1870,22282,22973,45255
1610,1880,23109,23898,47007
1610,1890,23999,24790,48789
1610,1900,24810,25706,50516
1610,1910,25668,26561,52229
1610,1920,26496,27440,53936
1610,1930,27387,28322,55709
1610,1940,28229,29221,57450
1610,1950,29049,30057,59106
1610,1960,29837,30932,60769
1610,1970,30693,31847,62540
1610,1980,31491,32744,64235
1610,1990,32309,33702,66011
1620,1620,81,92,173
1620,1630,941,947,1888
1620,1640,1805,1847,3652
1620,1650,2673,2773,5446
1620,1660,3543,3669,7212
1620,1670,4403,4523,8926
1620,1680,5267,5404,10671
1620,1690,6122,6274,12396
1620,1700,6937,7185,14122
1620,1710,7782,8134,15916
1620,1720,8625,9024,17649
1620,1730,9462,9880,19342
1620,1740,10275,10781,21056
1620,1750,11137,11651,22788
1620,1760,11994,12516,24510
1620,1770,12871,13385,26256
1620,1780,13736,14249,27985
1620,1790,14586,15172,29758
1620,1800,15469,16059,31528
1620,1810,16325,16920,33245
1620,1820,17197,17786,34983
1620,1830,18065,18634,36699
1620,1840,18887,19486,38373
1620,1850,19755,20379,40134
1620,1860,20592,21247,41839
1620,1870,21441,22107,43548
1620,1880,22268,23032,45300
1620,1890,23158,23924,47082
1620,1900,23969,24840,48809
1620,1910,24827,25695,50522
1620,1920,25655,26574,52229
1620,1930,26546,27456,54002
1620,1940,27388,28355,55743
1620,1950,28208,29191,57399
1620,1960,28996,30066,59062
1620,1970,29852,30981,60833
1620,1980,30650,31878,62528
1620,1990,31468,32836,64304
1630,1630,82,92,174
1630,1640,946,992,1938
1630,1650,1814,1918,3732
1630,1660,2684,2814,5498
1630,1670,3544,3668,7212
1630,1680,4408,4549,8957
1630,1690,5263,5419,10682
1630,1700,6078,6330,12408
1630,1710,6923,7279,14202
1630,1720,7766,8169,15935
1630,1730,8603,9025,17628
1630,1740,9416,9926,19342
1630,1750,10278,10796,21074
1630,1760,11135,11661,22796
1630,1770,12012,12530,24542
1630,1780,12877,13394,26271
1630,1790,13727,14317,28044
1630,1800,14610,15204,29814
1630,1810,15466,16065,31531
1630,1820,16338,16931,33269
1630,1830,17206,17779,34985
1630,1840,18028,18631,36659
1630,1850,18896,19524,38420
1630,1860,19733,20392,40125
1630,1870,20582,21252,41834
1630,1880,21409,22177,43586
1630,1890,22299,23069,45368
1630,1900,23110,23985,47095
1630,1910,23968,24840,48808
1630,1920,24796,25719,50515
1630,1930,25687,26601,52288
1630,1940,26529,27500,54029
1630,1950,27349,28336,55685
1630,1960,28137,29211,57348
1630,1970,28993,30126,59119
1630,1980,29791,31023,60814
1630,1990,30609,31981,62590
1640,1640,93,99,192
1640,1650,961,1025,1986
1640,1660,1831,1921,3752
1640,1670,2691,2775,5466
1640,1680,3555,3656,7211
1640,1690,4410,4526,8936
1640,1700,5225,5437,10662
1640,1710,6070,6386,12456
1640,1720,6913,7276,14189
1640,1730,7750,8132,15882
1640,1740,8563,9033,17596
1640,1750,9425,9903,19328
1640,1760,10282,10768,21050
1640,1770,11159,11637,22796
1640,1780,12024,12501,24525
1640,1790,12874,13424,26298
1640,1800,13757,14311,28068
1640,1810,14613,15172,29785
1640,1820,15485,16038,31523
1640,1830,16353,16886,33239
1640,1840,17175,17738,34913
1640,1850,18043,18631,36674
1640,1860,18880,19499,38379
1640,1870,19729,20359,40088
1640,1880,20556,21284,41840
1640,1890,21446,22176,43622
1640,1900,22257,23092,45349
1640,1910,23115,23947,47062
1640,1920,23943,24826,48769
1640,1930,24834,25708,50542
1640,1940,25676,26607,52283
1640,1950,26496,27443,53939
1640,1960,27284,28318,55602
1640,1970,28140,29233,57373
1640,1980,28938,30130,59068
1640,1990,29756,31088,60844
1650,1650,85,109,194
1650,1660,955,1005,1960
1650,1670,1815,1859,3674
1650,1680,2679,2740,5419
1650,1690,3534,3610,7144
1650,1700,4349,4521,8870
1650,1710,5194,5470,10664
1650,1720,6037,6360,12397
1650,1730,6874,7216,14090
1650,1740,7687,8117,15804
1650,1750,8549,8987,17536
1650,1760,9406,9852,19258
1650,1770,10283,10721,21004
1650,1780,11148,11585,22733
1650,1790,11998,12508,24506
1650,1800,12881,13395,26276
1650,1810,13737,14256,27993
1650,1820,14609,15122,29731
1650,1830,15477,15970,31447
1650,1840,16299,16822,33121
1650,1850,17167,17715,34882
1650,1860,18004,18583,36587
1650,1870,18853,19443,38296
1650,1880,19680,20368,40048
1650,1890,20570,21260,41830
1650,1900,21381,22176,43557
1650,1910,22239,23031,45270
1650,1920,23067,23910,46977
1650,1930,23958,24792,48750
1650,1940,24800,25691,50491
1650,1950,25620,26527,52147
1650,1960,26408,27402,53810
1650,1970,27264,28317,55581
1650,1980,28062,29214,57276
1650,1990,28880,30172,59052
1660,1660,86,104,190
1660,1670,946,958,1904
1660,1680,1810,1839,3649
1660,1690,2665,2709,5374
1660,1700,3480,3620,7100
1660,1710,4325,4569,8894
1660,1720,5168,5459,10627
1660,1730,6005,6315,12320
1660,1740,6818,7216,14034
1660,1750,7680,8086,15766
1660,1760,8537,8951,17488
1660,1770,9414,9820,19234
1660,1780,10279,10684,20963
1660,1790,11129,11607,22736
1660,1800,12012,12494,24506
1660,1810,12868,13355,26223
1660,1820,13740,14221,27961
1660,1830,14608,15069,29677
1660,1840,15430,15921,31351
1660,1850,16298,16814,33112
1660,1860,17135,17682,34817
1660,1870,17984,18542,36526
1660,1880,18811,19467,38278
1660,1890,19701,20359,40060
1660,1900,20512,21275,41787
1660,1910,21370,22130,43500
1660,1920,22198,23009,45207
1660,1930,23089,23891,46980
1660,1940,23931,24790,48721
1660,1950,24751,25626,50377
1660,1960,25539,26501,52040
1660,1970,26395,27416,53811
1660,1980,27193,28313,55506
1660,1990,28011,29271,57282
1670,1670,89,68,157
1670,1680,953,949,1902
1670,1690,1808,1819,3627
1670,1700,2623,2730,5353
1670,1710,3468,3679,7147
1670,1720,4311,4569,8880
1670,1730,5148,5425,10573
1670,1740,5961,6326,12287
1670,1750,6823,7196,14019
1670,1760,7680,8061,15741
1670,1770,8557,8930,17487
1670,1780,9422,9794,19216
1670,1790,10272,10717,20989
1670,1800,11155,11604,22759
1670,1810,12011,12465,24476
1670,1820,12883,13331,26214
1670,1830,13751,14179,27930
1670,1840,14573,15031,29604
1670,1850,15441,15924,31365
1670,1860,16278,16792,33070
1670,1870,17127,17652,34779
1670,1880,17954,18577,36531
1670,1890,18844,19469,38313
1670,1900,19655,20385,40040
1670,1910,20513,21240,41753
1670,1920,21341,22119,43460
1670,1930,22232,23001,45233
1670,1940,23074,23900,46974
1670,1950,23894,24736,48630
1670,1960,24682,25611,50293
1670,1970,25538,26526,52064
1670,1980,26336,27423,53759
1670,1990,27154,28381,55535
1680,1680,94,92,186
1680,1690,949,962,1911
1680,1700,1764,1873,3637
1680,1710,2609,2822,5431
1680,1720,3452,3712,7164
1680,1730,4289,4568,8857
1680,1740,5102,5469,10571
1680,1750,5964,6339,12303
1680,1760,6821,7204,14025
1680,1770,7698,8073,15771
1680,1780,8563,8937,17500
1680,1790,9413,9860,19273
1680,1800,10296,10747,21043
1680,1810,11152,11608,22760
1680,1820,12024,12474,24498
1680,1830,12892,13322,26214
1680,1840,13714,14174,27888
1680,1850,14582,15067,29649
1680,1860,15419,15935,31354
1680,1870,16268,16795,33063
1680,1880,17095,17720,34815
1680,1890,17985,18612,36597
1680,1900,18796,19528,38324
1680,1910,19654,20383,40037
1680,1920,20482,21262,41744
1680,1930,21373,22144,43517
1680,1940,22215,23043,45258
1680,1950,23035,23879,46914
1680,1960,23823,24754,48577
1680,1970,24679,25669,50348
1680,1980,25477,26566,52043
1680,1990,26295,27524,53819
1690,1690,79,80,159
1690,1700,894,991,1885
1690,1710,1739,1940,3679
1690,1720,2582,2830,5412
1690,1730,3419,3686,7105
1690,1740,4232,4587,8819
1690,1750,5094,5457,10551
1690,1760,5951,6322,12273
1690,1770,6828,7191,14019
1690,1780,7693,8055,15748
1690,1790,8543,8978,17521
1690,1800,9426,9865,19291
1690,1810,10282,10726,21008
1690,1820,11154,11592,22746
1690,1830,12022,12440,24462
1690,1840,12844,13292,26136
1690,1850,13712,14185,27897
1690,1860,14549,15053,29602
1690,1870,15398,15913,31311
1690,1880,16225,16838,33063
1690,1890,17115,17730,34845
1690,1900,17926,18646,36572
1690,1910,18784,19501,38285
1690,1920,19612,20380,39992
1690,1930,20503,21262,41765
1690,1940,21345,22161,43506
1690,1950,22165,22997,45162
1690,1960,22953,23872,46825
1690,1970,23809,24787,48596
1690,1980,24607,25684,50291
1690,1990,25425,26642,52067
1700,1700,91,77,168
1700,1710,936,1026,1962
1700,1720,1779,1916,3695
1700,1730,2616,2772,5388
1700,1740,3429,3673,7102
1700,1750,4291,4543,8834
1700,1760,5148,5408,10556
1700,1770,6025,6277,12302
1700,1780,6890,7141,14031
1700,1790,7740,8064,15804
1700,1800,8623,8951,17574
1700,1810,9479,9812,19291
1700,1820,10351,10678,21029
1700,1830,11219,11526,22745
1700,1840,12041,12378,24419
1700,1850,12909,13271,26180
1700,1860,13746,14139,27885
1700,1870,14595,14999,29594
1700,1880,15422,15924,31346
1700,1890,16312,16816,33128
1700,1900,17123,17732,34855
1700,1910,17981,18587,36568
1700,1920,18809,19466,38275
1700,1930,19700,20348,40048
1700,1940,20542,21247,41789
1700,1950,21362,22083,43445
1700,1960,22150,22958,45108
1700,1970,23006,23873,46879
1700,1980,23804,24770,48574
1700,1990,24622,25728,50350
1710,1710,84,100,184
1710,1720,927,990,1917
1710,1730,1764,1846,3610
1710,1740,2577,2747,5324
1710,1750,3439,3617,7056
1710,1760,4296,4482,8778
1710,1770,5173,5351,10524
1710,1780,6038,6215,12253
1710,1790,6888,7138,14026
1710,1800,7771,8025,15796
1710,1810,8627,8886,17513
1710,1820,9499,9752,19251
1710,1830,10367,10600,20967
1710,1840,11189,11452,22641
1710,1850,12057,12345,24402
1710,1860,12894,13213,26107
1710,1870,13743,14073,27816
1710,1880,14570,14998,29568
1710,1890,15460,15890,31350
1710,1900,16271,16806,33077
1710,1910,17129,17661,34790
1710,1920,17957,18540,36497
1710,1930,18848,19422,38270
1710,1940,19690,20321,40011
1710,1950,20510,21157,41667
1710,1960,21298,22032,43330
1710,1970,22154,22947,45101
1710,1980,22952,23844,46796
1710,1990,23770,24802,48572
1720,1720,79,102,181
1720,1730,916,958,1874
1720,1740,1729,1859,3588
1720,1750,2591,2729,5320
1720,1760,3448,3594,7042
1720,1770,4325,4463,8788
1720,1780,5190,5327,10517
1720,1790,6040,6250,12290
1720,1800,6923,7137,14060
1720,1810,7779,7998,15777
1720,1820,8651,8864,17515
1720,1830,9519,9712,19231
1720,1840,10341,10564,20905
1720,1850,11209,11457,22666
1720,1860,12046,12325,24371
1720,1870,12895,13185,26080
1720,1880,13722,14110,27832
1720,1890,14612,15002,29614
1720,1900,15423,15918,31341
1720,1910,16281,16773,33054
1720,1920,17109,17652,34761
1720,1930,18000,18534,36534
1720,1940,18842,19433,38275
1720,1950,19662,20269,39931
1720,1960,20450,21144,41594
1720,1970,21306,22059,43365
1720,1980,22104,22956,45060
1720,1990,22922,23914,46836
1730,1730,89,83,172
1730,1740,902,984,1886
1730,1750,1764,1854,3618
1730,1760,2621,2719,5340
1730,1770,3498,3588,7086
1730,1780,4363,4452,8815
1730,1790,5213,5375,10588
1730,1800,6096,6262,12358
1730,1810,6952,7123,14075
1730,1820,7824,7989,15813
1730,1830,8692,8837,17529
1730,1840,9514,9689,19203
1730,1850,10382,10582,20964
1730,1860,11219,11450,22669
1730,1870,12068,12310,24378
1730,1880,12895,13235,26130
1730,1890,13785,14127,27912
1730,1900,14596,15043,29639
1730,1910,15454,15898,31352
1730,1920,16282,16777,33059
1730,1930,17173,17659,34832
1730,1940,18015,18558,36573
1730,1950,18835,19394,38229
1730,1960,19623,20269,39892
1730,1970,20479,21184,41663
1730,1980,21277,22081,43358
1730,1990,22095,23039,45134
1740,1740,82,93,175
1740,1750,944,963,1907
1740,1760,1801,1828,3629
1740,1770,2678,2697,5375
1740,1780,3543,3561,7104
1740,1790,4393,4484,8877
1740,1800,5276,5371,10647
1740,1810,6132,6232,12364
1740,1820,7004,7098,14102
1740,1830,7872,7946,15818
1740,1840,8694,8798,17492
1740,1850,9562,9691,19253
1740,1860,10399,10559,20958
1740,1870,11248,11419,22667
1740,1880,12075,12344,24419
1740,1890,12965,13236,26201
1740,1900,13776,14152,27928
1740,1910,14634,15007,29641
1740,1920,15462,15886,31348
1740,1930,16353,16768,33121
1740,1940,17195,17667,34862
1740,1950,18015,18503,36518
1740,1960,18803,19378,38181
1740,1970,19659,20293,39952
1740,1980,20457,21190,41647
1740,1990,21275,22148,43423
1750,1750,77,83,160
1750,1760,934,948,1882
1750,1770,1811,1817,3628
1750,1780,2676,2681,5357
1750,1790,3526,3604,7130
1750,1800,4409,4491,8900
1750,1810,5265,5352,10617
1750,1820,6137,6218,12355
1750,1830,7005,7066,14071
1750,1840,7827,7918,15745
1750,1850,8695,8811,17506
1750,1860,9532,9679,19211
1750,1870,10381,10539,20920
1750,1880,11208,11464,22672
1750,1890,12098,12356,24454
1750,1900,12909,13272,26181
1750,1910,13767,14127,27894
1750,1920,14595,15006,29601
1750,1930,15486,15888,31374
1750,1940,16328,16787,33115
1750,1950,17148,17623,34771
1750,1960,17936,18498,36434
1750,1970,18792,19413,38205
1750,1980,19590,20310,39900
1750,1990,20408,21268,41676
1760,1760,81,88,169
1760,1770,958,957,1915
1760,1780,1823,1821,3644
1760,1790,2673,2744,5417
1760,1800,3556,3631,7187
1760,1810,4412,4492,8904
1760,1820,5284,5358,10642
1760,1830,6152,6206,12358
1760,1840,6974,7058,14032
1760,1850,7842,7951,15793
1760,1860,8679,8819,17498
1760,1870,9528,9679,19207
1760,1880,10355,10604,20959
1760,1890,11245,11496,22741
1760,1900,12056,12412,24468
1760,1910,12914,13267,26181
1760,1920,13742,14146,27888
1760,1930,14633,15028,29661
1760,1940,15475,15927,31402
1760,1950,16295,16763,33058
1760,1960,17083,17638,34721
1760,1970,17939,18553,36492
1760,1980,18737,19450,38187
1760,1990,19555,20408,39963
1770,1770,87,77,164
1770,1780,952,941,1893
1770,1790,1802,1864,3666
1770,1800,2685,2751,5436
1770,1810,3541,3612,7153
1770,1820,4413,4478,8891
1770,1830,5281,5326,10607
1770,1840,6103,6178,12281
1770,1850,6971,7071,14042
1770,1860,7808,7939,15747
1770,1870,8657,8799,17456
1770,1880,9484,9724,19208
1770,1890,10374,10616,20990
1770,1900,11185,11532,22717
1770,1910,12043,12387,24430
1770,1920,12871,13266,26137
1770,1930,13762,14148,27910
1770,1940,14604,15047,29651
1770,1950,15424,15883,31307
1770,1960,16212,16758,32970
1770,1970,17068,17673,34741
1770,1980,17866,18570,36436
1770,1990,18684,19528,38212
1780,1780,83,94,177
1780,1790,933,1017,1950
1780,1800,1816,1904,3720
1780,1810,2672,2765,5437
1780,1820,3544,3631,7175
1780,1830,4412,4479,8891
1780,1840,5234,5331,10565
1780,1850,6102,6224,12326
1780,1860,6939,7092,14031
1780,1870,7788,7952,15740
1780,1880,8615,8877,17492
1780,1890,9505,9769,19274
1780,1900,10316,10685,21001
1780,1910,11174,11540,22714
1780,1920,12002,12419,24421
1780,1930,12893,13301,26194
1780,1940,13735,14200,27935
1780,1950,14555,15036,29591
1780,1960,15343,15911,31254
1780,1970,16199,16826,33025
1780,1980,16997,17723,34720
1780,1990,17815,18681,36496
1790,1790,97,84,181
1790,1800,980,971,1951
1790,1810,1836,1832,3668
1790,1820,2708,2698,5406
1790,1830,3576,3546,7122
1790,1840,4398,4398,8796
1790,1850,5266,5291,10557
1790,1860,6103,6159,12262
1790,1870,6952,7019,13971
1790,1880,7779,7944,15723
1790,1890,8669,8836,17505
1790,1900,9480,9752,19232
1790,1910,10338,10607,20945
1790,1920,11166,11486,22652
1790,1930,12057,12368,24425
1790,1940,12899,13267,26166
1790,1950,13719,14103,27822
1790,1960,14507,14978,29485
1790,1970,15363,15893,31256
1790,1980,16161,16790,32951
1790,1990,16979,17748,34727
1800,1800,92,102,194
1800,1810,948,963,1911
1800,1820,1820,1829,3649
1800,1830,2688,2677,5365
1800,1840,3510,3529,7039
1800,1850,4378,4422,8800
1800,1860,5215,5290,10505
1800,1870,6064,6150,12214
1800,1880,6891,7075,13966
1800,1890,7781,7967,15748
1800,1900,8592,8883,17475
1800,1910,9450,9738,19188
1800,1920,10278,10617,20895
1800,1930,11169,11499,22668
1800,1940,12011,12398,24409
1800,1950,12831,13234,26065
1800,1960,13619,14109,27728
1800,1970,14475,15024,29499
1800,1980,15273,15921,31194
1800,1990,16091,16879,32970
1810,1810,84,99,183
1810,1820,956,965,1921
1810,1830,1824,1813,3637
1810,1840,2646,2665,5311
1810,1850,3514,3558,7072
1810,1860,4351,4426,8777
1810,1870,5200,5286,10486
1810,1880,6027,6211,12238
1810,1890,6917,7103,14020
1810,1900,7728,8019,15747
1810,1910,8586,8874,17460
1810,1920,9414,9753,19167
1810,1930,10305,10635,20940
1810,1940,11147,11534,22681
1810,1950,11967,12370,24337
1810,1960,12755,13245,26000
1810,1970,13611,14160,27771
1810,1980,14409,15057,29466
1810,1990,15227,16015,31242
1820,1820,99,82,181
1820,1830,967,930,1897
1820,1840,1789,1782,3571
1820,1850,2657,2675,5332
1820,1860,3494,3543,7037
1820,1870,4343,4403,8746
1820,1880,5170,5328,10498
1820,1890,6060,6220,12280
1820,1900,6871,7136,14007
1820,1910,7729,7991,15720
1820,1920,8557,8870,17427
1820,1930,9448,9752,19200
1820,1940,10290,10651,20941
1820,1950,11110,11487,22597
1820,1960,11898,12362,24260
1820,1970,12754,13277,26031
1820,1980,13552,14174,27726
1820,1990,14370,15132,29502
1830,1830,94,90,184
1830,1840,916,942,1858
1830,1850,1784,1835,3619
1830,1860,2621,2703,5324
1830,1870,3470,3563,7033
1830,1880,4297,4488,8785
1830,1890,5187,5380,10567
1830,1900,5998,6296,12294
1830,1910,6856,7151,14007
1830,1920,7684,8030,15714
1830,1930,8575,8912,17487
1830,1940,9417,9811,19228
1830,1950,10237,10647,20884
1830,1960,11025,11522,22547
1830,1970,11881,12437,24318
1830,1980,12679,13334,26013
1830,1990,13497,14292,27789
1840,1840,92,81,173
1840,1850,960,974,1934
1840,1860,1797,1842,3639
1840,1870,2646,2702,5348
1840,1880,3473,3627,7100
1840,1890,4363,4519,8882
1840,1900,5174,5435,10609
1840,1910,6032,6290,12322
1840,1920,6860,7169,14029
1840,1930,7751,8051,15802
1840,1940,8593,8950,17543
1840,1950,9413,9786,19199
1840,1960,10201,10661,20862
1840,1970,11057,11576,22633
1840,1980,11855,12473,24328
1840,1990,12673,13431,26104
1850,1850,77,75,152
1850,1860,914,943,1857
1850,1870,1763,1803,3566
1850,1880,2590,2728,5318
1850,1890,3480,3620,7100
1850,1900,4291,4536,8827
1850,1910,5149,5391,10540
1850,1920,5977,6270,12247
1850,1930,6868,7152,14020
1850,1940,7710,8051,15761
1850,1950,8530,8887,17417
1850,1960,9318,9762,19080
1850,1970,10174,10677,20851
1850,1980,10972,11574,22546
1850,1990,11790,12532,24322
1860,1860,96,72,168
1860,1870,945,932,1877
1860,1880,1772,1857,3629
1860,1890,2662,2749,5411
1860,1900,3473,3665,7138
1860,1910,4331,4520,8851
1860,1920,5159,5399,10558
1860,1930,6050,6281,12331
1860,1940,6892,7180,14072
1860,1950,7712,8016,15728
1860,1960,8500,8891,17391
1860,1970,9356,9806,19162
1860,1980,10154,10703,20857
1860,1990,10972,11661,22633
1870,1870,82,87,169
1870,1880,909,1012,1921
1870,1890,1799,1904,3703
1870,1900,2610,2820,5430
1870,1910,3468,3675,7143
1870,1920,4296,4554,8850
1870,1930,5187,5436,10623
1870,1940,6029,6335,12364
1870,1950,6849,7171,14020
1870,1960,7637,8046,15683
1870,1970,8493,8961,17454
1870,1980,9291,9858,19149
1870,1990,10109,10816,20925
1880,1880,90,94,184
1880,1890,980,986,1966
1880,1900,1791,1902,3693
1880,1910,2649,2757,5406
1880,1920,3477,3636,7113
1880,1930,4368,4518,8886
1880,1940,5210,5417,10627
1880,1950,6030,6253,12283
1880,1960,6818,7128,13946
1880,1970,7674,8043,15717
1880,1980,8472,8940,17412
1880,1990,9290,9898,19188
1890,1890,89,113,202
1890,1900,900,1029,1929
1890,1910,1758,1884,3642
1890,1920,2586,2763,5349
1890,1930,3477,3645,7122
1890,1940,4319,4544,8863
1890,1950,5139,5380,10519
1890,1960,5927,6255,12182
1890,1970,6783,7170,13953
1890,1980,7581,8067,15648
1890,1990,8399,9025,17424
1900,1900,82,92,174
1900,1910,940,947,1887
1900,1920,1768,1826,3594
1900,1930,2659,2708,5367
1900,1940,3501,3607,7108
1900,1950,4321,4443,8764
1900,1960,5109,5318,10427
1900,1970,5965,6233,12198
1900,1980,6763,7130,13893
1900,1990,7581,8088,15669
1910,1910,94,95,189
1910,1920,922,974,1896
1910,1930,1813,1856,3669
1910,1940,2655,2755,5410
1910,1950,3475,3591,7066
1910,1960,4263,4466,8729
1910,1970,5119,5381,10500
1910,1980,5917,6278,12195
1910,1990,6735,7236,13971
1920,1920,72,88,160
1920,1930,963,970,1933
1920,1940,1805,1869,3674
1920,1950,2625,2705,5330
1920,1960,3413,3580,6993
1920,1970,4269,4495,8764
1920,1980,5067,5392,10459
1920,1990,5885,6350,12235
1930,1930,91,86,177
1930,1940,933,985,1918
1930,1950,1753,1821,3574
1930,1960,2541,2696,5237
1930,1970,3397,3611,7008
1930,1980,4195,4508,8703
1930,1990,5013,5466,10479
1940,1940,84,97,181
1940,1950,904,933,1837
1940,1960,1692,1808,3500
1940,1970,2548,2723,5271
1940,1980,3346,3620,6966
1940,1990,4164,4578,8742
1950,1950,71,99,170
1950,1960,859,974,1833
1950,1970,1715,1889,3604
1950,1980,2513,2786,5299
1950,1990,3331,3744,7075
1960,1960,79,89,168
1960,1970,935,1004,1939
1960,1980,1733,1901,3634
1960,1990,2551,2859,5410
1970,1970,89,99,188
1970,1980,887,996,1883
1970,1990,1705,1954,3659
1980,1980,90,91,181
1980,1990,908,1049,1957
1990,1990,90,99,189
