start_time,end_time,integral_left,integral_right,integral_total
0,0,6,6,12
0,10,71,82,153
0,20,98,111,209
0,30,108,127,235
0,40,110,131,241
0,50,113,139,252
0,60,116,141,257
0,70,117,141,258
0,80,118,142,260
0,90,120,144,264
0,100,121,146,267
0,110,122,146,268
0,120,122,146,268
0,130,124,147,271
0,140,124,147,271
0,150,125,147,272
0,160,126,147,273
0,170,126,148,274
0,180,126,148,274
0,190,126,149,275
0,200,128,150,278
0,210,130,151,281
0,220,130,153,283
0,230,130,153,283
0,240,130,154,284
0,250,130,156,286
0,260,131,157,288
0,270,132,157,289
0,280,133,157,290
0,290,134,157,291
0,300,135,157,292
0,310,135,157,292
0,320,136,158,294
0,330,136,158,294
0,340,137,158,295
0,350,138,158,296
0,360,138,159,297
0,370,139,162,301
0,380,140,162,302
0,390,142,162,304
0,400,144,162,306
0,410,146,162,308
0,420,146,162,308
0,430,147,162,309
0,440,147,162,309
0,450,147,162,309
0,460,148,162,310
0,470,149,162,311
0,480,151,164,315
0,490,152,164,316
0,500,153,164,317
0,510,153,164,317
0,520,153,165,318
0,530,153,165,318
0,540,153,165,318
0,550,154,166,320
0,560,154,166,320
0,570,154,166,320
0,580,154,166,320
0,590,154,168,322
0,600,155,168,323
0,610,155,171,326
0,620,156,172,328
0,630,158,173,331
0,640,160,173,333
0,650,160,173,333
0,660,161,173,334
0,670,161,174,335
0,680,161,175,336
0,690,162,175,337
0,700,162,175,337
0,710,162,175,337
0,720,163,175,338
0,730,164,178,342
0,740,165,179,344
0,750,165,180,345
0,760,166,181,347
0,770,167,181,348
0,780,167,181,348
0,790,167,181,348
0,800,167,181,348
0,810,167,182,349
0,820,167,185,352
0,830,167,185,352
0,840,168,187,355
0,850,171,188,359
0,860,171,188,359
0,870,171,188,359
0,880,172,188,360
0,890,173,189,362
0,900,174,190,364
0,910,175,191,366
0,920,176,191,367
0,930,176,193,369
0,940,177,194,371
0,950,177,195,372
0,960,177,197,374
0,970,177,197,374
0,980,177,200,377
0,990,177,201,378
0,1000,178,201,379
0,1010,180,201,381
0,1020,183,201,384
0,1030,183,203,386
0,1040,184,203,387
0,1050,184,204,388
0,1060,184,204,388
0,1070,184,205,389
0,1080,184,205,389
0,1090,185,206,391
0,1100,186,206,392
0,1110,187,208,395
0,1120,188,208,396
0,1130,190,208,398
0,1140,194,208,402
0,1150,194,209,403
0,1160,196,210,406
0,1170,196,211,407
0,1180,197,212,409
0,1190,197,212,409
0,1200,197,213,410
0,1210,197,214,411
0,1220,197,214,411
0,1230,197,215,412
0,1240,197,215,412
0,1250,198,216,414
0,1260,198,217,415
0,1270,199,218,417
0,1280,199,218,417
0,1290,200,219,419
0,1300,201,219,420
0,1310,202,221,423
0,1320,202,222,424
0,1330,203,222,425
0,1340,204,223,427
0,1350,204,225,429
0,1360,205,226,431
0,1370,207,227,434
0,1380,208,228,436
0,1390,210,228,438
0,1400,210,228,438
0,1410,211,228,439
0,1420,212,228,440
0,1430,212,229,441
0,1440,213,229,442
0,1450,214,230,444
0,1460,214,230,444
0,1470,214,231,445
0,1480,215,231,446
0,1490,215,231,446
0,1500,215,233,448
0,1510,216,233,449
0,1520,217,234,451
0,1530,219,234,453
0,1540,219,234,453
0,1550,220,234,454
0,1560,220,234,454
0,1570,220,236,456
0,1580,220,236,456
0,1590,221,236,457
0,1600,222,237,459
0,1610,223,237,460
0,1620,223,237,460
0,1630,223,237,460
0,1640,224,238,462
0,1650,227,241,468
0,1660,227,242,469
0,1670,227,242,469
0,1680,228,243,471
0,1690,229,243,472
0,1700,229,243,472
0,1710,229,244,473
0,1720,230,244,474
0,1730,230,244,474
0,1740,230,245,475
0,1750,230,245,475
0,1760,231,245,476
0,1770,233,245,478
0,1780,233,245,478
0,1790,235,246,481
0,1800,236,246,482
0,1810,236,247,483
0,1820,236,247,483
0,1830,237,248,485
0,1840,238,248,486
0,1850,238,248,486
0,1860,240,249,489
0,1870,240,249,489
0,1880,240,249,489
0,1890,241,249,490
0,1900,244,249,493
0,1910,244,249,493
0,1920,245,250,495
0,1930,245,251,496
0,1940,245,252,497
0,1950,245,253,498
0,1960,245,253,498
0,1970,246,254,500
0,1980,246,256,502
0,1990,247,256,503
10,10,9,8,17
10,20,36,37,73
10,30,46,53,99
10,40,48,57,105
10,50,51,65,116
10,60,54,67,121
10,70,55,67,122
10,80,56,68,124
10,90,58,70,128
10,100,59,72,131
10,110,60,72,132
10,120,60,72,132
10,130,62,73,135
10,140,62,73,135
10,150,63,73,136
10,160,64,73,137
10,170,64,74,138
10,180,64,74,138
10,190,64,75,139
10,200,66,76,142
10,210,68,77,145
10,220,68,79,147
10,230,68,79,147
10,240,68,80,148
10,250,68,82,150
10,260,69,83,152
10,270,70,83,153
10,280,71,83,154
10,290,72,83,155
10,300,73,83,156
10,310,73,83,156
10,320,74,84,158
10,330,74,84,158
10,340,75,84,159
10,350,76,84,160
10,360,76,85,161
10,370,77,88,165
10,380,78,88,166
10,390,80,88,168
10,400,82,88,170
10,410,84,88,172
10,420,84,88,172
10,430,85,88,173
10,440,85,88,173
10,450,85,88,173
10,460,86,88,174
10,470,87,88,175
10,480,89,90,179
10,490,90,90,180
10,500,91,90,181
10,510,91,90,181
10,520,91,91,182
10,530,91,91,182
10,540,91,91,182
10,550,92,92,184
10,560,92,92,184
10,570,92,92,184
10,580,92,92,184
10,590,92,94,186
10,600,93,94,187
10,610,93,97,190
10,620,94,98,192
10,630,96,99,195
10,640,98,99,197
10,650,98,99,197
10,660,99,99,198
10,670,99,100,199
10,680,99,101,200
10,690,100,101,201
10,700,100,101,201
10,710,100,101,201
10,720,101,101,202
10,730,102,104,206
10,740,103,105,208
10,750,103,106,209
10,760,104,107,211
10,770,105,107,212
10,780,105,107,212
10,790,105,107,212
10,800,105,107,212
10,810,105,108,213
10,820,105,111,216
10,830,105,111,216
10,840,106,113,219
10,850,109,114,223
10,860,109,114,223
10,870,109,114,223
10,880,110,114,224
10,890,111,115,226
10,900,112,116,228
10,910,113,117,230
10,920,114,117,231
10,930,114,119,233
10,940,115,120,235
10,950,115,121,236
10,960,115,123,238
10,970,115,123,238
10,980,115,126,241
10,990,115,127,242
10,1000,116,127,243
10,1010,118,127,245
10,1020,121,127,248
10,1030,121,129,250
10,1040,122,129,251
10,1050,122,130,252
10,1060,122,130,252
10,1070,122,131,253
10,1080,122,131,253
10,1090,123,132,255
10,1100,124,132,256
10,1110,125,134,259
10,1120,126,134,260
10,1130,128,134,262
10,1140,132,134,266
10,1150,132,135,267
10,1160,134,136,270
10,1170,134,137,271
10,1180,135,138,273
10,1190,135,138,273
10,1200,135,139,274
10,1210,135,140,275
10,1220,135,140,275
10,1230,135,141,276
10,1240,135,141,276
10,1250,136,142,278
10,1260,136,143,279
10,1270,137,144,281
10,1280,137,144,281
10,1290,138,145,283
10,1300,139,145,284
10,1310,140,147,287
10,1320,140,148,288
10,1330,141,148,289
10,1340,142,149,291
10,1350,142,151,293
10,1360,143,152,295
10,1370,145,153,298
10,1380,146,154,300
10,1390,148,154,302
10,1400,148,154,302
10,1410,149,154,303
10,1420,150,154,304
10,1430,150,155,305
10,1440,151,155,306
10,1450,152,156,308
10,1460,152,156,308
10,1470,152,157,309
10,1480,153,157,310
10,1490,153,157,310
10,1500,153,159,312
10,1510,154,159,313
10,1520,155,160,315
10,1530,157,160,317
10,1540,157,160,317
10,1550,158,160,318
10,1560,158,160,318
10,1570,158,162,320
10,1580,158,162,320
10,1590,159,162,321
10,1600,160,163,323
10,1610,161,163,324
10,1620,161,163,324
10,1630,161,163,324
10,1640,162,164,326
10,1650,165,167,332
10,1660,165,168,333
10,1670,165,168,333
10,1680,166,169,335
10,1690,167,169,336
10,1700,167,169,336
10,1710,167,170,337
10,1720,168,170,338
10,1730,168,170,338
10,1740,168,171,339
10,1750,168,171,339
10,1760,169,171,340
10,1770,171,171,342
10,1780,171,171,342
10,1790,173,172,345
10,1800,174,172,346
10,1810,174,173,347
10,1820,174,173,347
10,1830,175,174,349
10,1840,176,174,350
10,1850,176,174,350
10,1860,178,175,353
10,1870,178,175,353
10,1880,178,175,353
10,1890,179,175,354
10,1900,182,175,357
10,1910,182,175,357
10,1920,183,176,359
10,1930,183,177,360
10,1940,183,178,361
10,1950,183,179,362
10,1960,183,179,362
10,1970,184,180,364
10,1980,184,182,366
10,1990,185,182,367
20,20,0,3,3
20,30,10,19,29
20,40,12,23,35
20,50,15,31,46
20,60,18,33,51
20,70,19,33,52
20,80,20,34,54
20,90,22,36,58
20,100,23,38,61
20,110,24,38,62
20,120,24,38,62
20,130,26,39,65
20,140,26,39,65
20,150,27,39,66
20,160,28,39,67
20,170,28,40,68
20,180,28,40,68
20,190,28,41,69
20,200,30,42,72
20,210,32,43,75
20,220,32,45,77
20,230,32,45,77
20,240,32,46,78
20,250,32,48,80
20,260,33,49,82
20,270,34,49,83
20,280,35,49,84
20,290,36,49,85
20,300,37,49,86
20,310,37,49,86
20,320,38,50,88
20,330,38,50,88
20,340,39,50,89
20,350,40,50,90
20,360,40,51,91
20,370,41,54,95
20,380,42,54,96
20,390,44,54,98
20,400,46,54,100
20,410,48,54,102
20,420,48,54,102
20,430,49,54,103
20,440,49,54,103
20,450,49,54,103
20,460,50,54,104
20,470,51,54,105
20,480,53,56,109
20,490,54,56,110
20,500,55,56,111
20,510,55,56,111
20,520,55,57,112
20,530,55,57,112
20,540,55,57,112
20,550,56,58,114
20,560,56,58,114
20,570,56,58,114
20,580,56,58,114
20,590,56,60,116
20,600,57,60,117
20,610,57,63,120
20,620,58,64,122
20,630,60,65,125
20,640,62,65,127
20,650,62,65,127
20,660,63,65,128
20,670,63,66,129
20,680,63,67,130
20,690,64,67,131
20,700,64,67,131
20,710,64,67,131
20,720,65,67,132
20,730,66,70,136
20,740,67,71,138
20,750,67,72,139
20,760,68,73,141
20,770,69,73,142
20,780,69,73,142
20,790,69,73,142
20,800,69,73,142
20,810,69,74,143
20,820,69,77,146
20,830,69,77,146
20,840,70,79,149
20,850,73,80,153
20,860,73,80,153
20,870,73,80,153
20,880,74,80,154
20,890,75,81,156
20,900,76,82,158
20,910,77,83,160
20,920,78,83,161
20,930,78,85,163
20,940,79,86,165
20,950,79,87,166
20,960,79,89,168
20,970,79,89,168
20,980,79,92,171
20,990,79,93,172
20,1000,80,93,173
20,1010,82,93,175
20,1020,85,93,178
20,1030,85,95,180
20,1040,86,95,181
20,1050,86,96,182
20,1060,86,96,182
20,1070,86,97,183
20,1080,86,97,183
20,1090,87,98,185
20,1100,88,98,186
20,1110,89,100,189
20,1120,90,100,190
20,1130,92,100,192
20,1140,96,100,196
20,1150,96,101,197
20,1160,98,102,200
20,1170,98,103,201
20,1180,99,104,203
20,1190,99,104,203
20,1200,99,105,204
20,1210,99,106,205
20,1220,99,106,205
20,1230,99,107,206
20,1240,99,107,206
20,1250,100,108,208
20,1260,100,109,209
20,1270,101,110,211
20,1280,101,110,211
20,1290,102,111,213
20,1300,103,111,214
20,1310,104,113,217
20,1320,104,114,218
20,1330,105,114,219
20,1340,106,115,221
20,1350,106,117,223
20,1360,107,118,225
20,1370,109,119,228
20,1380,110,120,230
20,1390,112,120,232
20,1400,112,120,232
20,1410,113,120,233
20,1420,114,120,234
20,1430,114,121,235
20,1440,115,121,236
20,1450,116,122,238
20,1460,116,122,238
20,1470,116,123,239
20,1480,117,123,240
20,1490,117,123,240
20,1500,117,125,242
20,1510,118,125,243
20,1520,119,126,245
20,1530,121,126,247
20,1540,121,126,247
20,1550,122,126,248
20,1560,122,126,248
20,1570,122,128,250
20,1580,122,128,250
20,1590,123,128,251
20,1600,124,129,253
20,1610,125,129,254
20,1620,125,129,254
20,1630,125,129,254
20,1640,126,130,256
20,1650,129,133,262
20,1660,129,134,263
20,1670,129,134,263
20,1680,130,135,265
20,1690,131,135,266
20,1700,131,135,266
20,1710,131,136,267
20,1720,132,136,268
20,1730,132,136,268
20,1740,132,137,269
20,1750,132,137,269
20,1760,133,137,270
20,1770,135,137,272
20,1780,135,137,272
20,1790,137,138,275
20,1800,138,138,276
20,1810,138,139,277
20,1820,138,139,277
20,1830,139,140,279
20,1840,140,140,280
20,1850,140,140,280
20,1860,142,141,283
20,1870,142,141,283
20,1880,142,141,283
20,1890,143,141,284
20,1900,146,141,287
20,1910,146,141,287
20,1920,147,142,289
20,1930,147,143,290
20,1940,147,144,291
20,1950,147,145,292
20,1960,147,145,292
20,1970,148,146,294
20,1980,148,148,296
20,1990,149,148,297
30,30,0,0,0
30,40,2,4,6
30,50,5,12,17
30,60,8,14,22
30,70,9,14,23
30,80,10,15,25
30,90,12,17,29
30,100,13,19,32
30,110,14,19,33
30,120,14,19,33
30,130,16,20,36
30,140,16,20,36
30,150,17,20,37
30,160,18,20,38
30,170,18,21,39
30,180,18,21,39
30,190,18,22,40
30,200,20,23,43
30,210,22,24,46
30,220,22,26,48
30,230,22,26,48
30,240,22,27,49
30,250,22,29,51
30,260,23,30,53
30,270,24,30,54
30,280,25,30,55
30,290,26,30,56
30,300,27,30,57
30,310,27,30,57
30,320,28,31,59
30,330,28,31,59
30,340,29,31,60
30,350,30,31,61
30,360,30,32,62
30,370,31,35,66
30,380,32,35,67
30,390,34,35,69
30,400,36,35,71
30,410,38,35,73
30,420,38,35,73
30,430,39,35,74
30,440,39,35,74
30,450,39,35,74
30,460,40,35,75
30,470,41,35,76
30,480,43,37,80
30,490,44,37,81
30,500,45,37,82
30,510,45,37,82
30,520,45,38,83
30,530,45,38,83
30,540,45,38,83
30,550,46,39,85
30,560,46,39,85
30,570,46,39,85
30,580,46,39,85
30,590,46,41,87
30,600,47,41,88
30,610,47,44,91
30,620,48,45,93
30,630,50,46,96
30,640,52,46,98
30,650,52,46,98
30,660,53,46,99
30,670,53,47,100
30,680,53,48,101
30,690,54,48,102
30,700,54,48,102
30,710,54,48,102
30,720,55,48,103
30,730,56,51,107
30,740,57,52,109
30,750,57,53,110
30,760,58,54,112
30,770,59,54,113
30,780,59,54,113
30,790,59,54,113
30,800,59,54,113
30,810,59,55,114
30,820,59,58,117
30,830,59,58,117
30,840,60,60,120
30,850,63,61,124
30,860,63,61,124
30,870,63,61,124
30,880,64,61,125
30,890,65,62,127
30,900,66,63,129
30,910,67,64,131
30,920,68,64,132
30,930,68,66,134
30,940,69,67,136
30,950,69,68,137
30,960,69,70,139
30,970,69,70,139
30,980,69,73,142
30,990,69,74,143
30,1000,70,74,144
30,1010,72,74,146
30,1020,75,74,149
30,1030,75,76,151
30,1040,76,76,152
30,1050,76,77,153
30,1060,76,77,153
30,1070,76,78,154
30,1080,76,78,154
30,1090,77,79,156
30,1100,78,79,157
30,1110,79,81,160
30,1120,80,81,161
30,1130,82,81,163
30,1140,86,81,167
30,1150,86,82,168
30,1160,88,83,171
30,1170,88,84,172
30,1180,89,85,174
30,1190,89,85,174
30,1200,89,86,175
30,1210,89,87,176
30,1220,89,87,176
30,1230,89,88,177
30,1240,89,88,177
30,1250,90,89,179
30,1260,90,90,180
30,1270,91,91,182
30,1280,91,91,182
30,1290,92,92,184
30,1300,93,92,185
30,1310,94,94,188
30,1320,94,95,189
30,1330,95,95,190
30,1340,96,96,192
30,1350,96,98,194
30,1360,97,99,196
30,1370,99,100,199
30,1380,100,101,201
30,1390,102,101,203
30,1400,102,101,203
30,1410,103,101,204
30,1420,104,101,205
30,1430,104,102,206
30,1440,105,102,207
30,1450,106,103,209
30,1460,106,103,209
30,1470,106,104,210
30,1480,107,104,211
30,1490,107,104,211
30,1500,107,106,213
30,1510,108,106,214
30,1520,109,107,216
30,1530,111,107,218
30,1540,111,107,218
30,1550,112,107,219
30,1560,112,107,219
30,1570,112,109,221
30,1580,112,109,221
30,1590,113,109,222
30,1600,114,110,224
30,1610,115,110,225
30,1620,115,110,225
30,1630,115,110,225
30,1640,116,111,227
30,1650,119,114,233
30,1660,119,115,234
30,1670,119,115,234
30,1680,120,116,236
30,1690,121,116,237
30,1700,121,116,237
30,1710,121,117,238
30,1720,122,117,239
30,1730,122,117,239
30,1740,122,118,240
30,1750,122,118,240
30,1760,123,118,241
30,1770,125,118,243
30,1780,125,118,243
30,1790,127,119,246
30,1800,128,119,247
30,1810,128,120,248
30,1820,128,120,248
30,1830,129,121,250
30,1840,130,121,251
30,1850,130,121,251
30,1860,132,122,254
30,1870,132,122,254
30,1880,132,122,254
30,1890,133,122,255
30,1900,136,122,258
30,1910,136,122,258
30,1920,137,123,260
30,1930,137,124,261
30,1940,137,125,262
30,1950,137,126,263
30,1960,137,126,263
30,1970,138,127,265
30,1980,138,129,267
30,1990,139,129,268
40,40,1,2,3
40,50,4,10,14
40,60,7,12,19
40,70,8,12,20
40,80,9,13,22
40,90,11,15,26
40,100,12,17,29
40,110,13,17,30
40,120,13,17,30
40,130,15,18,33
40,140,15,18,33
40,150,16,18,34
40,160,17,18,35
40,170,17,19,36
40,180,17,19,36
40,190,17,20,37
40,200,19,21,40
40,210,21,22,43
40,220,21,24,45
40,230,21,24,45
40,240,21,25,46
40,250,21,27,48
40,260,22,28,50
40,270,23,28,51
40,280,24,28,52
40,290,25,28,53
40,300,26,28,54
40,310,26,28,54
40,320,27,29,56
40,330,27,29,56
40,340,28,29,57
40,350,29,29,58
40,360,29,30,59
40,370,30,33,63
40,380,31,33,64
40,390,33,33,66
40,400,35,33,68
40,410,37,33,70
40,420,37,33,70
40,430,38,33,71
40,440,38,33,71
40,450,38,33,71
40,460,39,33,72
40,470,40,33,73
40,480,42,35,77
40,490,43,35,78
40,500,44,35,79
40,510,44,35,79
40,520,44,36,80
40,530,44,36,80
40,540,44,36,80
40,550,45,37,82
40,560,45,37,82
40,570,45,37,82
40,580,45,37,82
40,590,45,39,84
40,600,46,39,85
40,610,46,42,88
40,620,47,43,90
40,630,49,44,93
40,640,51,44,95
40,650,51,44,95
40,660,52,44,96
40,670,52,45,97
40,680,52,46,98
40,690,53,46,99
40,700,53,46,99
40,710,53,46,99
40,720,54,46,100
40,730,55,49,104
40,740,56,50,106
40,750,56,51,107
40,760,57,52,109
40,770,58,52,110
40,780,58,52,110
40,790,58,52,110
40,800,58,52,110
40,810,58,53,111
40,820,58,56,114
40,830,58,56,114
40,840,59,58,117
40,850,62,59,121
40,860,62,59,121
40,870,62,59,121
40,880,63,59,122
40,890,64,60,124
40,900,65,61,126
40,910,66,62,128
40,920,67,62,129
40,930,67,64,131
40,940,68,65,133
40,950,68,66,134
40,960,68,68,136
40,970,68,68,136
40,980,68,71,139
40,990,68,72,140
40,1000,69,72,141
40,1010,71,72,143
40,1020,74,72,146
40,1030,74,74,148
40,1040,75,74,149
40,1050,75,75,150
40,1060,75,75,150
40,1070,75,76,151
40,1080,75,76,151
40,1090,76,77,153
40,1100,77,77,154
40,1110,78,79,157
40,1120,79,79,158
40,1130,81,79,160
40,1140,85,79,164
40,1150,85,80,165
40,1160,87,81,168
40,1170,87,82,169
40,1180,88,83,171
40,1190,88,83,171
40,1200,88,84,172
40,1210,88,85,173
40,1220,88,85,173
40,1230,88,86,174
40,1240,88,86,174
40,1250,89,87,176
40,1260,89,88,177
40,1270,90,89,179
40,1280,90,89,179
40,1290,91,90,181
40,1300,92,90,182
40,1310,93,92,185
40,1320,93,93,186
40,1330,94,93,187
40,1340,95,94,189
40,1350,95,96,191
40,1360,96,97,193
40,1370,98,98,196
40,1380,99,99,198
40,1390,101,99,200
40,1400,101,99,200
40,1410,102,99,201
40,1420,103,99,202
40,1430,103,100,203
40,1440,104,100,204
40,1450,105,101,206
40,1460,105,101,206
40,1470,105,102,207
40,1480,106,102,208
40,1490,106,102,208
40,1500,106,104,210
40,1510,107,104,211
40,1520,108,105,213
40,1530,110,105,215
40,1540,110,105,215
40,1550,111,105,216
40,1560,111,105,216
40,1570,111,107,218
40,1580,111,107,218
40,1590,112,107,219
40,1600,113,108,221
40,1610,114,108,222
40,1620,114,108,222
40,1630,114,108,222
40,1640,115,109,224
40,1650,118,112,230
40,1660,118,113,231
40,1670,118,113,231
40,1680,119,114,233
40,1690,120,114,234
40,1700,120,114,234
40,1710,120,115,235
40,1720,121,115,236
40,1730,121,115,236
40,1740,121,116,237
40,1750,121,116,237
40,1760,122,116,238
40,1770,124,116,240
40,1780,124,116,240
40,1790,126,117,243
40,1800,127,117,244
40,1810,127,118,245
40,1820,127,118,245
40,1830,128,119,247
40,1840,129,119,248
40,1850,129,119,248
40,1860,131,120,251
40,1870,131,120,251
40,1880,131,120,251
40,1890,132,120,252
40,1900,135,120,255
40,1910,135,120,255
40,1920,136,121,257
40,1930,136,122,258
40,1940,136,123,259
40,1950,136,124,260
40,1960,136,124,260
40,1970,137,125,262
40,1980,137,127,264
40,1990,138,127,265
50,50,0,0,0
50,60,3,2,5
50,70,4,2,6
50,80,5,3,8
50,90,7,5,12
50,100,8,7,15
50,110,9,7,16
50,120,9,7,16
50,130,11,8,19
50,140,11,8,19
50,150,12,8,20
50,160,13,8,21
50,170,13,9,22
50,180,13,9,22
50,190,13,10,23
50,200,15,11,26
50,210,17,12,29
50,220,17,14,31
50,230,17,14,31
50,240,17,15,32
50,250,17,17,34
50,260,18,18,36
50,270,19,18,37
50,280,20,18,38
50,290,21,18,39
50,300,22,18,40
50,310,22,18,40
50,320,23,19,42
50,330,23,19,42
50,340,24,19,43
50,350,25,19,44
50,360,25,20,45
50,370,26,23,49
50,380,27,23,50
50,390,29,23,52
50,400,31,23,54
50,410,33,23,56
50,420,33,23,56
50,430,34,23,57
50,440,34,23,57
50,450,34,23,57
50,460,35,23,58
50,470,36,23,59
50,480,38,25,63
50,490,39,25,64
50,500,40,25,65
50,510,40,25,65
50,520,40,26,66
50,530,40,26,66
50,540,40,26,66
50,550,41,27,68
50,560,41,27,68
50,570,41,27,68
50,580,41,27,68
50,590,41,29,70
50,600,42,29,71
50,610,42,32,74
50,620,43,33,76
50,630,45,34,79
50,640,47,34,81
50,650,47,34,81
50,660,48,34,82
50,670,48,35,83
50,680,48,36,84
50,690,49,36,85
50,700,49,36,85
50,710,49,36,85
50,720,50,36,86
50,730,51,39,90
50,740,52,40,92
50,750,52,41,93
50,760,53,42,95
50,770,54,42,96
50,780,54,42,96
50,790,54,42,96
50,800,54,42,96
50,810,54,43,97
50,820,54,46,100
50,830,54,46,100
50,840,55,48,103
50,850,58,49,107
50,860,58,49,107
50,870,58,49,107
50,880,59,49,108
50,890,60,50,110
50,900,61,51,112
50,910,62,52,114
50,920,63,52,115
50,930,63,54,117
50,940,64,55,119
50,950,64,56,120
50,960,64,58,122
50,970,64,58,122
50,980,64,61,125
50,990,64,62,126
50,1000,65,62,127
50,1010,67,62,129
50,1020,70,62,132
50,1030,70,64,134
50,1040,71,64,135
50,1050,71,65,136
50,1060,71,65,136
50,1070,71,66,137
50,1080,71,66,137
50,1090,72,67,139
50,1100,73,67,140
50,1110,74,69,143
50,1120,75,69,144
50,1130,77,69,146
50,1140,81,69,150
50,1150,81,70,151
50,1160,83,71,154
50,1170,83,72,155
50,1180,84,73,157
50,1190,84,73,157
50,1200,84,74,158
50,1210,84,75,159
50,1220,84,75,159
50,1230,84,76,160
50,1240,84,76,160
50,1250,85,77,162
50,1260,85,78,163
50,1270,86,79,165
50,1280,86,79,165
50,1290,87,80,167
50,1300,88,80,168
50,1310,89,82,171
50,1320,89,83,172
50,1330,90,83,173
50,1340,91,84,175
50,1350,91,86,177
50,1360,92,87,179
50,1370,94,88,182
50,1380,95,89,184
50,1390,97,89,186
50,1400,97,89,186
50,1410,98,89,187
50,1420,99,89,188
50,1430,99,90,189
50,1440,100,90,190
50,1450,101,91,192
50,1460,101,91,192
50,1470,101,92,193
50,1480,102,92,194
50,1490,102,92,194
50,1500,102,94,196
50,1510,103,94,197
50,1520,104,95,199
50,1530,106,95,201
50,1540,106,95,201
50,1550,107,95,202
50,1560,107,95,202
50,1570,107,97,204
50,1580,107,97,204
50,1590,108,97,205
50,1600,109,98,207
50,1610,110,98,208
50,1620,110,98,208
50,1630,110,98,208
50,1640,111,99,210
50,1650,114,102,216
50,1660,114,103,217
50,1670,114,103,217
50,1680,115,104,219
50,1690,116,104,220
50,1700,116,104,220
50,1710,116,105,221
50,1720,117,105,222
50,1730,117,105,222
50,1740,117,106,223
50,1750,117,106,223
50,1760,118,106,224
50,1770,120,106,226
50,1780,120,106,226
50,1790,122,107,229
50,1800,123,107,230
50,1810,123,108,231
50,1820,123,108,231
50,1830,124,109,233
50,1840,125,109,234
50,1850,125,109,234
50,1860,127,110,237
50,1870,127,110,237
50,1880,127,110,237
50,1890,128,110,238
50,1900,131,110,241
50,1910,131,110,241
50,1920,132,111,243
50,1930,132,112,244
50,1940,132,113,245
50,1950,132,114,246
50,1960,132,114,246
50,1970,133,115,248
50,1980,133,117,250
50,1990,134,117,251
60,60,1,0,1
60,70,2,0,2
60,80,3,1,4
60,90,5,3,8
60,100,6,5,11
60,110,7,5,12
60,120,7,5,12
60,130,9,6,15
60,140,9,6,15
60,150,10,6,16
60,160,11,6,17
60,170,11,7,18
60,180,11,7,18
60,190,11,8,19
60,200,13,9,22
60,210,15,10,25
60,220,15,12,27
60,230,15,12,27
60,240,15,13,28
60,250,15,15,30
60,260,16,16,32
60,270,17,16,33
60,280,18,16,34
60,290,19,16,35
60,300,20,16,36
60,310,20,16,36
60,320,21,17,38
60,330,21,17,38
60,340,22,17,39
60,350,23,17,40
60,360,23,18,41
60,370,24,21,45
60,380,25,21,46
60,390,27,21,48
60,400,29,21,50
60,410,31,21,52
60,420,31,21,52
60,430,32,21,53
60,440,32,21,53
60,450,32,21,53
60,460,33,21,54
60,470,34,21,55
60,480,36,23,59
60,490,37,23,60
60,500,38,23,61
60,510,38,23,61
60,520,38,24,62
60,530,38,24,62
60,540,38,24,62
60,550,39,25,64
60,560,39,25,64
60,570,39,25,64
60,580,39,25,64
60,590,39,27,66
60,600,40,27,67
60,610,40,30,70
60,620,41,31,72
60,630,43,32,75
60,640,45,32,77
60,650,45,32,77
60,660,46,32,78
60,670,46,33,79
60,680,46,34,80
60,690,47,34,81
60,700,47,34,81
60,710,47,34,81
60,720,48,34,82
60,730,49,37,86
60,740,50,38,88
60,750,50,39,89
60,760,51,40,91
60,770,52,40,92
60,780,52,40,92
60,790,52,40,92
60,800,52,40,92
60,810,52,41,93
60,820,52,44,96
60,830,52,44,96
60,840,53,46,99
60,850,56,47,103
60,860,56,47,103
60,870,56,47,103
60,880,57,47,104
60,890,58,48,106
60,900,59,49,108
60,910,60,50,110
60,920,61,50,111
60,930,61,52,113
60,940,62,53,115
60,950,62,54,116
60,960,62,56,118
60,970,62,56,118
60,980,62,59,121
60,990,62,60,122
60,1000,63,60,123
60,1010,65,60,125
60,1020,68,60,128
60,1030,68,62,130
60,1040,69,62,131
60,1050,69,63,132
60,1060,69,63,132
60,1070,69,64,133
60,1080,69,64,133
60,1090,70,65,135
60,1100,71,65,136
60,1110,72,67,139
60,1120,73,67,140
60,1130,75,67,142
60,1140,79,67,146
60,1150,79,68,147
60,1160,81,69,150
60,1170,81,70,151
60,1180,82,71,153
60,1190,82,71,153
60,1200,82,72,154
60,1210,82,73,155
60,1220,82,73,155
60,1230,82,74,156
60,1240,82,74,156
60,1250,83,75,158
60,1260,83,76,159
60,1270,84,77,161
60,1280,84,77,161
60,1290,85,78,163
60,1300,86,78,164
60,1310,87,80,167
60,1320,87,81,168
60,1330,88,81,169
60,1340,89,82,171
60,1350,89,84,173
60,1360,90,85,175
60,1370,92,86,178
60,1380,93,87,180
60,1390,95,87,182
60,1400,95,87,182
60,1410,96,87,183
60,1420,97,87,184
60,1430,97,88,185
60,1440,98,88,186
60,1450,99,89,188
60,1460,99,89,188
60,1470,99,90,189
60,1480,100,90,190
60,1490,100,90,190
60,1500,100,92,192
60,1510,101,92,193
60,1520,102,93,195
60,1530,104,93,197
60,1540,104,93,197
60,1550,105,93,198
60,1560,105,93,198
60,1570,105,95,200
60,1580,105,95,200
60,1590,106,95,201
60,1600,107,96,203
60,1610,108,96,204
60,1620,108,96,204
60,1630,108,96,204
60,1640,109,97,206
60,1650,112,100,212
60,1660,112,101,213
60,1670,112,101,213
60,1680,113,102,215
60,1690,114,102,216
60,1700,114,102,216
60,1710,114,103,217
60,1720,115,103,218
60,1730,115,103,218
60,1740,115,104,219
60,1750,115,104,219
60,1760,116,104,220
60,1770,118,104,222
60,1780,118,104,222
60,1790,120,105,225
60,1800,121,105,226
60,1810,121,106,227
60,1820,121,106,227
60,1830,122,107,229
60,1840,123,107,230
60,1850,123,107,230
60,1860,125,108,233
60,1870,125,108,233
60,1880,125,108,233
60,1890,126,108,234
60,1900,129,108,237
60,1910,129,108,237
60,1920,130,109,239
60,1930,130,110,240
60,1940,130,111,241
60,1950,130,112,242
60,1960,130,112,242
60,1970,131,113,244
60,1980,131,115,246
60,1990,132,115,247
70,70,0,0,0
70,80,1,1,2
70,90,3,3,6
70,100,4,5,9
70,110,5,5,10
70,120,5,5,10
70,130,7,6,13
70,140,7,6,13
70,150,8,6,14
70,160,9,6,15
70,170,9,7,16
70,180,9,7,16
70,190,9,8,17
70,200,11,9,20
70,210,13,10,23
70,220,13,12,25
70,230,13,12,25
70,240,13,13,26
70,250,13,15,28
70,260,14,16,30
70,270,15,16,31
70,280,16,16,32
70,290,17,16,33
70,300,18,16,34
70,310,18,16,34
70,320,19,17,36
70,330,19,17,36
70,340,20,17,37
70,350,21,17,38
70,360,21,18,39
70,370,22,21,43
70,380,23,21,44
70,390,25,21,46
70,400,27,21,48
70,410,29,21,50
70,420,29,21,50
70,430,30,21,51
70,440,30,21,51
70,450,30,21,51
70,460,31,21,52
70,470,32,21,53
70,480,34,23,57
70,490,35,23,58
70,500,36,23,59
70,510,36,23,59
70,520,36,24,60
70,530,36,24,60
70,540,36,24,60
70,550,37,25,62
70,560,37,25,62
70,570,37,25,62
70,580,37,25,62
70,590,37,27,64
70,600,38,27,65
70,610,38,30,68
70,620,39,31,70
70,630,41,32,73
70,640,43,32,75
70,650,43,32,75
70,660,44,32,76
70,670,44,33,77
70,680,44,34,78
70,690,45,34,79
70,700,45,34,79
70,710,45,34,79
70,720,46,34,80
70,730,47,37,84
70,740,48,38,86
70,750,48,39,87
70,760,49,40,89
70,770,50,40,90
70,780,50,40,90
70,790,50,40,90
70,800,50,40,90
70,810,50,41,91
70,820,50,44,94
70,830,50,44,94
70,840,51,46,97
70,850,54,47,101
70,860,54,47,101
70,870,54,47,101
70,880,55,47,102
70,890,56,48,104
70,900,57,49,106
70,910,58,50,108
70,920,59,50,109
70,930,59,52,111
70,940,60,53,113
70,950,60,54,114
70,960,60,56,116
70,970,60,56,116
70,980,60,59,119
70,990,60,60,120
70,1000,61,60,121
70,1010,63,60,123
70,1020,66,60,126
70,1030,66,62,128
70,1040,67,62,129
70,1050,67,63,130
70,1060,67,63,130
70,1070,67,64,131
70,1080,67,64,131
70,1090,68,65,133
70,1100,69,65,134
70,1110,70,67,137
70,1120,71,67,138
70,1130,73,67,140
70,1140,77,67,144
70,1150,77,68,145
70,1160,79,69,148
70,1170,79,70,149
70,1180,80,71,151
70,1190,80,71,151
70,1200,80,72,152
70,1210,80,73,153
70,1220,80,73,153
70,1230,80,74,154
70,1240,80,74,154
70,1250,81,75,156
70,1260,81,76,157
70,1270,82,77,159
70,1280,82,77,159
70,1290,83,78,161
70,1300,84,78,162
70,1310,85,80,165
70,1320,85,81,166
70,1330,86,81,167
70,1340,87,82,169
70,1350,87,84,171
70,1360,88,85,173
70,1370,90,86,176
70,1380,91,87,178
70,1390,93,87,180
70,1400,93,87,180
70,1410,94,87,181
70,1420,95,87,182
70,1430,95,88,183
70,1440,96,88,184
70,1450,97,89,186
70,1460,97,89,186
70,1470,97,90,187
70,1480,98,90,188
70,1490,98,90,188
70,1500,98,92,190
70,1510,99,92,191
70,1520,100,93,193
70,1530,102,93,195
70,1540,102,93,195
70,1550,103,93,196
70,1560,103,93,196
70,1570,103,95,198
70,1580,103,95,198
70,1590,104,95,199
70,1600,105,96,201
70,1610,106,96,202
70,1620,106,96,202
70,1630,106,96,202
70,1640,107,97,204
70,1650,110,100,210
70,1660,110,101,211
70,1670,110,101,211
70,1680,111,102,213
70,1690,112,102,214
70,1700,112,102,214
70,1710,112,103,215
70,1720,113,103,216
70,1730,113,103,216
70,1740,113,104,217
70,1750,113,104,217
70,1760,114,104,218
70,1770,116,104,220
70,1780,116,104,220
70,1790,118,105,223
70,1800,119,105,224
70,1810,119,106,225
70,1820,119,106,225
70,1830,120,107,227
70,1840,121,107,228
70,1850,121,107,228
70,1860,123,108,231
70,1870,123,108,231
70,1880,123,108,231
70,1890,124,108,232
70,1900,127,108,235
70,1910,127,108,235
70,1920,128,109,237
70,1930,128,110,238
70,1940,128,111,239
70,1950,128,112,240
70,1960,128,112,240
70,1970,129,113,242
70,1980,129,115,244
70,1990,130,115,245
80,80,0,0,0
80,90,2,2,4
80,100,3,4,7
80,110,4,4,8
80,120,4,4,8
80,130,6,5,11
80,140,6,5,11
80,150,7,5,12
80,160,8,5,13
80,170,8,6,14
80,180,8,6,14
80,190,8,7,15
80,200,10,8,18
80,210,12,9,21
80,220,12,11,23
80,230,12,11,23
80,240,12,12,24
80,250,12,14,26
80,260,13,15,28
80,270,14,15,29
80,280,15,15,30
80,290,16,15,31
80,300,17,15,32
80,310,17,15,32
80,320,18,16,34
80,330,18,16,34
80,340,19,16,35
80,350,20,16,36
80,360,20,17,37
80,370,21,20,41
80,380,22,20,42
80,390,24,20,44
80,400,26,20,46
80,410,28,20,48
80,420,28,20,48
80,430,29,20,49
80,440,29,20,49
80,450,29,20,49
80,460,30,20,50
80,470,31,20,51
80,480,33,22,55
80,490,34,22,56
80,500,35,22,57
80,510,35,22,57
80,520,35,23,58
80,530,35,23,58
80,540,35,23,58
80,550,36,24,60
80,560,36,24,60
80,570,36,24,60
80,580,36,24,60
80,590,36,26,62
80,600,37,26,63
80,610,37,29,66
80,620,38,30,68
80,630,40,31,71
80,640,42,31,73
80,650,42,31,73
80,660,43,31,74
80,670,43,32,75
80,680,43,33,76
80,690,44,33,77
80,700,44,33,77
80,710,44,33,77
80,720,45,33,78
80,730,46,36,82
80,740,47,37,84
80,750,47,38,85
80,760,48,39,87
80,770,49,39,88
80,780,49,39,88
80,790,49,39,88
80,800,49,39,88
80,810,49,40,89
80,820,49,43,92
80,830,49,43,92
80,840,50,45,95
80,850,53,46,99
80,860,53,46,99
80,870,53,46,99
80,880,54,46,100
80,890,55,47,102
80,900,56,48,104
80,910,57,49,106
80,920,58,49,107
80,930,58,51,109
80,940,59,52,111
80,950,59,53,112
80,960,59,55,114
80,970,59,55,114
80,980,59,58,117
80,990,59,59,118
80,1000,60,59,119
80,1010,62,59,121
80,1020,65,59,124
80,1030,65,61,126
80,1040,66,61,127
80,1050,66,62,128
80,1060,66,62,128
80,1070,66,63,129
80,1080,66,63,129
80,1090,67,64,131
80,1100,68,64,132
80,1110,69,66,135
80,1120,70,66,136
80,1130,72,66,138
80,1140,76,66,142
80,1150,76,67,143
80,1160,78,68,146
80,1170,78,69,147
80,1180,79,70,149
80,1190,79,70,149
80,1200,79,71,150
80,1210,79,72,151
80,1220,79,72,151
80,1230,79,73,152
80,1240,79,73,152
80,1250,80,74,154
80,1260,80,75,155
80,1270,81,76,157
80,1280,81,76,157
80,1290,82,77,159
80,1300,83,77,160
80,1310,84,79,163
80,1320,84,80,164
80,1330,85,80,165
80,1340,86,81,167
80,1350,86,83,169
80,1360,87,84,171
80,1370,89,85,174
80,1380,90,86,176
80,1390,92,86,178
80,1400,92,86,178
80,1410,93,86,179
80,1420,94,86,180
80,1430,94,87,181
80,1440,95,87,182
80,1450,96,88,184
80,1460,96,88,184
80,1470,96,89,185
80,1480,97,89,186
80,1490,97,89,186
80,1500,97,91,188
80,1510,98,91,189
80,1520,99,92,191
80,1530,101,92,193
80,1540,101,92,193
80,1550,102,92,194
80,1560,102,92,194
80,1570,102,94,196
80,1580,102,94,196
80,1590,103,94,197
80,1600,104,95,199
80,1610,105,95,200
80,1620,105,95,200
80,1630,105,95,200
80,1640,106,96,202
80,1650,109,99,208
80,1660,109,100,209
80,1670,109,100,209
80,1680,110,101,211
80,1690,111,101,212
80,1700,111,101,212
80,1710,111,102,213
80,1720,112,102,214
80,1730,112,102,214
80,1740,112,103,215
80,1750,112,103,215
80,1760,113,103,216
80,1770,115,103,218
80,1780,115,103,218
80,1790,117,104,221
80,1800,118,104,222
80,1810,118,105,223
80,1820,118,105,223
80,1830,119,106,225
80,1840,120,106,226
80,1850,120,106,226
80,1860,122,107,229
80,1870,122,107,229
80,1880,122,107,229
80,1890,123,107,230
80,1900,126,107,233
80,1910,126,107,233
80,1920,127,108,235
80,1930,127,109,236
80,1940,127,110,237
80,1950,127,111,238
80,1960,127,111,238
80,1970,128,112,240
80,1980,128,114,242
80,1990,129,114,243
90,90,0,0,0
90,100,1,2,3
90,110,2,2,4
90,120,2,2,4
90,130,4,3,7
90,140,4,3,7
90,150,5,3,8
90,160,6,3,9
90,170,6,4,10
90,180,6,4,10
90,190,6,5,11
90,200,8,6,14
90,210,10,7,17
90,220,10,9,19
90,230,10,9,19
90,240,10,10,20
90,250,10,12,22
90,260,11,13,24
90,270,12,13,25
90,280,13,13,26
90,290,14,13,27
90,300,15,13,28
90,310,15,13,28
90,320,16,14,30
90,330,16,14,30
90,340,17,14,31
90,350,18,14,32
90,360,18,15,33
90,370,19,18,37
90,380,20,18,38
90,390,22,18,40
90,400,24,18,42
90,410,26,18,44
90,420,26,18,44
90,430,27,18,45
90,440,27,18,45
90,450,27,18,45
90,460,28,18,46
90,470,29,18,47
90,480,31,20,51
90,490,32,20,52
90,500,33,20,53
90,510,33,20,53
90,520,33,21,54
90,530,33,21,54
90,540,33,21,54
90,550,34,22,56
90,560,34,22,56
90,570,34,22,56
90,580,34,22,56
90,590,34,24,58
90,600,35,24,59
90,610,35,27,62
90,620,36,28,64
90,630,38,29,67
90,640,40,29,69
90,650,40,29,69
90,660,41,29,70
90,670,41,30,71
90,680,41,31,72
90,690,42,31,73
90,700,42,31,73
90,710,42,31,73
90,720,43,31,74
90,730,44,34,78
90,740,45,35,80
90,750,45,36,81
90,760,46,37,83
90,770,47,37,84
90,780,47,37,84
90,790,47,37,84
90,800,47,37,84
90,810,47,38,85
90,820,47,41,88
90,830,47,41,88
90,840,48,43,91
90,850,51,44,95
90,860,51,44,95
90,870,51,44,95
90,880,52,44,96
90,890,53,45,98
90,900,54,46,100
90,910,55,47,102
90,920,56,47,103
90,930,56,49,105
90,940,57,50,107
90,950,57,51,108
90,960,57,53,110
90,970,57,53,110
90,980,57,56,113
90,990,57,57,114
90,1000,58,57,115
90,1010,60,57,117
90,1020,63,57,120
90,1030,63,59,122
90,1040,64,59,123
90,1050,64,60,124
90,1060,64,60,124
90,1070,64,61,125
90,1080,64,61,125
90,1090,65,62,127
90,1100,66,62,128
90,1110,67,64,131
90,1120,68,64,132
90,1130,70,64,134
90,1140,74,64,138
90,1150,74,65,139
90,1160,76,66,142
90,1170,76,67,143
90,1180,77,68,145
90,1190,77,68,145
90,1200,77,69,146
90,1210,77,70,147
90,1220,77,70,147
90,1230,77,71,148
90,1240,77,71,148
90,1250,78,72,150
90,1260,78,73,151
90,1270,79,74,153
90,1280,79,74,153
90,1290,80,75,155
90,1300,81,75,156
90,1310,82,77,159
90,1320,82,78,160
90,1330,83,78,161
90,1340,84,79,163
90,1350,84,81,165
90,1360,85,82,167
90,1370,87,83,170
90,1380,88,84,172
90,1390,90,84,174
90,1400,90,84,174
90,1410,91,84,175
90,1420,92,84,176
90,1430,92,85,177
90,1440,93,85,178
90,1450,94,86,180
90,1460,94,86,180
90,1470,94,87,181
90,1480,95,87,182
90,1490,95,87,182
90,1500,95,89,184
90,1510,96,89,185
90,1520,97,90,187
90,1530,99,90,189
90,1540,99,90,189
90,1550,100,90,190
90,1560,100,90,190
90,1570,100,92,192
90,1580,100,92,192
90,1590,101,92,193
90,1600,102,93,195
90,1610,103,93,196
90,1620,103,93,196
90,1630,103,93,196
90,1640,104,94,198
90,1650,107,97,204
90,1660,107,98,205
90,1670,107,98,205
90,1680,108,99,207
90,1690,109,99,208
90,1700,109,99,208
90,1710,109,100,209
90,1720,110,100,210
90,1730,110,100,210
90,1740,110,101,211
90,1750,110,101,211
90,1760,111,101,212
90,1770,113,101,214
90,1780,113,101,214
90,1790,115,102,217
90,1800,116,102,218
90,1810,116,103,219
90,1820,116,103,219
90,1830,117,104,221
90,1840,118,104,222
90,1850,118,104,222
90,1860,120,105,225
90,1870,120,105,225
90,1880,120,105,225
90,1890,121,105,226
90,1900,124,105,229
90,1910,124,105,229
90,1920,125,106,231
90,1930,125,107,232
90,1940,125,108,233
90,1950,125,109,234
90,1960,125,109,234
90,1970,126,110,236
90,1980,126,112,238
90,1990,127,112,239
100,100,0,0,0
100,110,1,0,1
100,120,1,0,1
100,130,3,1,4
100,140,3,1,4
100,150,4,1,5
100,160,5,1,6
100,170,5,2,7
100,180,5,2,7
100,190,5,3,8
100,200,7,4,11
100,210,9,5,14
100,220,9,7,16
100,230,9,7,16
100,240,9,8,17
100,250,9,10,19
100,260,10,11,21
100,270,11,11,22
100,280,12,11,23
100,290,13,11,24
100,300,14,11,25
100,310,14,11,25
100,320,15,12,27
100,330,15,12,27
100,340,16,12,28
100,350,17,12,29
100,360,17,13,30
100,370,18,16,34
100,380,19,16,35
100,390,21,16,37
100,400,23,16,39
100,410,25,16,41
100,420,25,16,41
100,430,26,16,42
100,440,26,16,42
100,450,26,16,42
100,460,27,16,43
100,470,28,16,44
100,480,30,18,48
100,490,31,18,49
100,500,32,18,50
100,510,32,18,50
100,520,32,19,51
100,530,32,19,51
100,540,32,19,51
100,550,33,20,53
100,560,33,20,53
100,570,33,20,53
100,580,33,20,53
100,590,33,22,55
100,600,34,22,56
100,610,34,25,59
100,620,35,26,61
100,630,37,27,64
100,640,39,27,66
100,650,39,27,66
100,660,40,27,67
100,670,40,28,68
100,680,40,29,69
100,690,41,29,70
100,700,41,29,70
100,710,41,29,70
100,720,42,29,71
100,730,43,32,75
100,740,44,33,77
100,750,44,34,78
100,760,45,35,80
100,770,46,35,81
100,780,46,35,81
100,790,46,35,81
100,800,46,35,81
100,810,46,36,82
100,820,46,39,85
100,830,46,39,85
100,840,47,41,88
100,850,50,42,92
100,860,50,42,92
100,870,50,42,92
100,880,51,42,93
100,890,52,43,95
100,900,53,44,97
100,910,54,45,99
100,920,55,45,100
100,930,55,47,102
100,940,56,48,104
100,950,56,49,105
100,960,56,51,107
100,970,56,51,107
100,980,56,54,110
100,990,56,55,111
100,1000,57,55,112
100,1010,59,55,114
100,1020,62,55,117
100,1030,62,57,119
100,1040,63,57,120
100,1050,63,58,121
100,1060,63,58,121
100,1070,63,59,122
100,1080,63,59,122
100,1090,64,60,124
100,1100,65,60,125
100,1110,66,62,128
100,1120,67,62,129
100,1130,69,62,131
100,1140,73,62,135
100,1150,73,63,136
100,1160,75,64,139
100,1170,75,65,140
100,1180,76,66,142
100,1190,76,66,142
100,1200,76,67,143
100,1210,76,68,144
100,1220,76,68,144
100,1230,76,69,145
100,1240,76,69,145
100,1250,77,70,147
100,1260,77,71,148
100,1270,78,72,150
100,1280,78,72,150
100,1290,79,73,152
100,1300,80,73,153
100,1310,81,75,156
100,1320,81,76,157
100,1330,82,76,158
100,1340,83,77,160
100,1350,83,79,162
100,1360,84,80,164
100,1370,86,81,167
100,1380,87,82,169
100,1390,89,82,171
100,1400,89,82,171
100,1410,90,82,172
100,1420,91,82,173
100,1430,91,83,174
100,1440,92,83,175
100,1450,93,84,177
100,1460,93,84,177
100,1470,93,85,178
100,1480,94,85,179
100,1490,94,85,179
100,1500,94,87,181
100,1510,95,87,182
100,1520,96,88,184
100,1530,98,88,186
100,1540,98,88,186
100,1550,99,88,187
100,1560,99,88,187
100,1570,99,90,189
100,1580,99,90,189
100,1590,100,90,190
100,1600,101,91,192
100,1610,102,91,193
100,1620,102,91,193
100,1630,102,91,193
100,1640,103,92,195
100,1650,106,95,201
100,1660,106,96,202
100,1670,106,96,202
100,1680,107,97,204
100,1690,108,97,205
100,1700,108,97,205
100,1710,108,98,206
100,1720,109,98,207
100,1730,109,98,207
100,1740,109,99,208
100,1750,109,99,208
100,1760,110,99,209
100,1770,112,99,211
100,1780,112,99,211
100,1790,114,100,214
100,1800,115,100,215
100,1810,115,101,216
100,1820,115,101,216
100,1830,116,102,218
100,1840,117,102,219
100,1850,117,102,219
100,1860,119,103,222
100,1870,119,103,222
100,1880,119,103,222
100,1890,120,103,223
100,1900,123,103,226
100,1910,123,103,226
100,1920,124,104,228
100,1930,124,105,229
100,1940,124,106,230
100,1950,124,107,231
100,1960,124,107,231
100,1970,125,108,233
100,1980,125,110,235
100,1990,126,110,236
110,110,0,0,0
110,120,0,0,0
110,130,2,1,3
110,140,2,1,3
110,150,3,1,4
110,160,4,1,5
110,170,4,2,6
110,180,4,2,6
110,190,4,3,7
110,200,6,4,10
110,210,8,5,13
110,220,8,7,15
110,230,8,7,15
110,240,8,8,16
110,250,8,10,18
110,260,9,11,20
110,270,10,11,21
110,280,11,11,22
110,290,12,11,23
110,300,13,11,24
110,310,13,11,24
110,320,14,12,26
110,330,14,12,26
110,340,15,12,27
110,350,16,12,28
110,360,16,13,29
110,370,17,16,33
110,380,18,16,34
110,390,20,16,36
110,400,22,16,38
110,410,24,16,40
110,420,24,16,40
110,430,25,16,41
110,440,25,16,41
110,450,25,16,41
110,460,26,16,42
110,470,27,16,43
110,480,29,18,47
110,490,30,18,48
110,500,31,18,49
110,510,31,18,49
110,520,31,19,50
110,530,31,19,50
110,540,31,19,50
110,550,32,20,52
110,560,32,20,52
110,570,32,20,52
110,580,32,20,52
110,590,32,22,54
110,600,33,22,55
110,610,33,25,58
110,620,34,26,60
110,630,36,27,63
110,640,38,27,65
110,650,38,27,65
110,660,39,27,66
110,670,39,28,67
110,680,39,29,68
110,690,40,29,69
110,700,40,29,69
110,710,40,29,69
110,720,41,29,70
110,730,42,32,74
110,740,43,33,76
110,750,43,34,77
110,760,44,35,79
110,770,45,35,80
110,780,45,35,80
110,790,45,35,80
110,800,45,35,80
110,810,45,36,81
110,820,45,39,84
110,830,45,39,84
110,840,46,41,87
110,850,49,42,91
110,860,49,42,91
110,870,49,42,91
110,880,50,42,92
110,890,51,43,94
110,900,52,44,96
110,910,53,45,98
110,920,54,45,99
110,930,54,47,101
110,940,55,48,103
110,950,55,49,104
110,960,55,51,106
110,970,55,51,106
110,980,55,54,109
110,990,55,55,110
110,1000,56,55,111
110,1010,58,55,113
110,1020,61,55,116
110,1030,61,57,118
110,1040,62,57,119
110,1050,62,58,120
110,1060,62,58,120
110,1070,62,59,121
110,1080,62,59,121
110,1090,63,60,123
110,1100,64,60,124
110,1110,65,62,127
110,1120,66,62,128
110,1130,68,62,130
110,1140,72,62,134
110,1150,72,63,135
110,1160,74,64,138
110,1170,74,65,139
110,1180,75,66,141
110,1190,75,66,141
110,1200,75,67,142
110,1210,75,68,143
110,1220,75,68,143
110,1230,75,69,144
110,1240,75,69,144
110,1250,76,70,146
110,1260,76,71,147
110,1270,77,72,149
110,1280,77,72,149
110,1290,78,73,151
110,1300,79,73,152
110,1310,80,75,155
110,1320,80,76,156
110,1330,81,76,157
110,1340,82,77,159
110,1350,82,79,161
110,1360,83,80,163
110,1370,85,81,166
110,1380,86,82,168
110,1390,88,82,170
110,1400,88,82,170
110,1410,89,82,171
110,1420,90,82,172
110,1430,90,83,173
110,1440,91,83,174
110,1450,92,84,176
110,1460,92,84,176
110,1470,92,85,177
110,1480,93,85,178
110,1490,93,85,178
110,1500,93,87,180
110,1510,94,87,181
110,1520,95,88,183
110,1530,97,88,185
110,1540,97,88,185
110,1550,98,88,186
110,1560,98,88,186
110,1570,98,90,188
110,1580,98,90,188
110,1590,99,90,189
110,1600,100,91,191
110,1610,101,91,192
110,1620,101,91,192
110,1630,101,91,192
110,1640,102,92,194
110,1650,105,95,200
110,1660,105,96,201
110,1670,105,96,201
110,1680,106,97,203
110,1690,107,97,204
110,1700,107,97,204
110,1710,107,98,205
110,1720,108,98,206
110,1730,108,98,206
110,1740,108,99,207
110,1750,108,99,207
110,1760,109,99,208
110,1770,111,99,210
110,1780,111,99,210
110,1790,113,100,213
110,1800,114,100,214
110,1810,114,101,215
110,1820,114,101,215
110,1830,115,102,217
110,1840,116,102,218
110,1850,116,102,218
110,1860,118,103,221
110,1870,118,103,221
110,1880,118,103,221
110,1890,119,103,222
110,1900,122,103,225
110,1910,122,103,225
110,1920,123,104,227
110,1930,123,105,228
110,1940,123,106,229
110,1950,123,107,230
110,1960,123,107,230
110,1970,124,108,232
110,1980,124,110,234
110,1990,125,110,235
120,120,0,0,0
120,130,2,1,3
120,140,2,1,3
120,150,3,1,4
120,160,4,1,5
120,170,4,2,6
120,180,4,2,6
120,190,4,3,7
120,200,6,4,10
120,210,8,5,13
120,220,8,7,15
120,230,8,7,15
120,240,8,8,16
120,250,8,10,18
120,260,9,11,20
120,270,10,11,21
120,280,11,11,22
120,290,12,11,23
120,300,13,11,24
120,310,13,11,24
120,320,14,12,26
120,330,14,12,26
120,340,15,12,27
120,350,16,12,28
120,360,16,13,29
120,370,17,16,33
120,380,18,16,34
120,390,20,16,36
120,400,22,16,38
120,410,24,16,40
120,420,24,16,40
120,430,25,16,41
120,440,25,16,41
120,450,25,16,41
120,460,26,16,42
120,470,27,16,43
120,480,29,18,47
120,490,30,18,48
120,500,31,18,49
120,510,31,18,49
120,520,31,19,50
120,530,31,19,50
120,540,31,19,50
120,550,32,20,52
120,560,32,20,52
120,570,32,20,52
120,580,32,20,52
120,590,32,22,54
120,600,33,22,55
120,610,33,25,58
120,620,34,26,60
120,630,36,27,63
120,640,38,27,65
120,650,38,27,65
120,660,39,27,66
120,670,39,28,67
120,680,39,29,68
120,690,40,29,69
120,700,40,29,69
120,710,40,29,69
120,720,41,29,70
120,730,42,32,74
120,740,43,33,76
120,750,43,34,77
120,760,44,35,79
120,770,45,35,80
120,780,45,35,80
120,790,45,35,80
120,800,45,35,80
120,810,45,36,81
120,820,45,39,84
120,830,45,39,84
120,840,46,41,87
120,850,49,42,91
120,860,49,42,91
120,870,49,42,91
120,880,50,42,92
120,890,51,43,94
120,900,52,44,96
120,910,53,45,98
120,920,54,45,99
120,930,54,47,101
120,940,55,48,103
120,950,55,49,104
120,960,55,51,106
120,970,55,51,106
120,980,55,54,109
120,990,55,55,110
120,1000,56,55,111
120,1010,58,55,113
120,1020,61,55,116
120,1030,61,57,118
120,1040,62,57,119
120,1050,62,58,120
120,1060,62,58,120
120,1070,62,59,121
120,1080,62,59,121
120,1090,63,60,123
120,1100,64,60,124
120,1110,65,62,127
120,1120,66,62,128
120,1130,68,62,130
120,1140,72,62,134
120,1150,72,63,135
120,1160,74,64,138
120,1170,74,65,139
120,1180,75,66,141
120,1190,75,66,141
120,1200,75,67,142
120,1210,75,68,143
120,1220,75,68,143
120,1230,75,69,144
120,1240,75,69,144
120,1250,76,70,146
120,1260,76,71,147
120,1270,77,72,149
120,1280,77,72,149
120,1290,78,73,151
120,1300,79,73,152
120,1310,80,75,155
120,1320,80,76,156
120,1330,81,76,157
120,1340,82,77,159
120,1350,82,79,161
120,1360,83,80,163
120,1370,85,81,166
120,1380,86,82,168
120,1390,88,82,170
120,1400,88,82,170
120,1410,89,82,171
120,1420,90,82,172
120,1430,90,83,173
120,1440,91,83,174
120,1450,92,84,176
120,1460,92,84,176
120,1470,92,85,177
120,1480,93,85,178
120,1490,93,85,178
120,1500,93,87,180
120,1510,94,87,181
120,1520,95,88,183
120,1530,97,88,185
120,1540,97,88,185
120,1550,98,88,186
120,1560,98,88,186
120,1570,98,90,188
120,1580,98,90,188
120,1590,99,90,189
120,1600,100,91,191
120,1610,101,91,192
120,1620,101,91,192
120,1630,101,91,192
120,1640,102,92,194
120,1650,105,95,200
120,1660,105,96,201
120,1670,105,96,201
120,1680,106,97,203
120,1690,107,97,204
120,1700,107,97,204
120,1710,107,98,205
120,1720,108,98,206
120,1730,108,98,206
120,1740,108,99,207
120,1750,108,99,207
120,1760,109,99,208
120,1770,111,99,210
120,1780,111,99,210
120,1790,113,100,213
120,1800,114,100,214
120,1810,114,101,215
120,1820,114,101,215
120,1830,115,102,217
120,1840,116,102,218
120,1850,116,102,218
120,1860,118,103,221
120,1870,118,103,221
120,1880,118,103,221
120,1890,119,103,222
120,1900,122,103,225
120,1910,122,103,225
120,1920,123,104,227
120,1930,123,105,228
120,1940,123,106,229
120,1950,123,107,230
120,1960,123,107,230
120,1970,124,108,232
120,1980,124,110,234
120,1990,125,110,235
130,130,1,0,1
130,140,1,0,1
130,150,2,0,2
130,160,3,0,3
130,170,3,1,4
130,180,3,1,4
130,190,3,2,5
130,200,5,3,8
130,210,7,4,11
130,220,7,6,13
130,230,7,6,13
130,240,7,7,14
130,250,7,9,16
130,260,8,10,18
130,270,9,10,19
130,280,10,10,20
130,290,11,10,21
130,300,12,10,22
130,310,12,10,22
130,320,13,11,24
130,330,13,11,24
130,340,14,11,25
130,350,15,11,26
130,360,15,12,27
130,370,16,15,31
130,380,17,15,32
130,390,19,15,34
130,400,21,15,36
130,410,23,15,38
130,420,23,15,38
130,430,24,15,39
130,440,24,15,39
130,450,24,15,39
130,460,25,15,40
130,470,26,15,41
130,480,28,17,45
130,490,29,17,46
130,500,30,17,47
130,510,30,17,47
130,520,30,18,48
130,530,30,18,48
130,540,30,18,48
130,550,31,19,50
130,560,31,19,50
130,570,31,19,50
130,580,31,19,50
130,590,31,21,52
130,600,32,21,53
130,610,32,24,56
130,620,33,25,58
130,630,35,26,61
130,640,37,26,63
130,650,37,26,63
130,660,38,26,64
130,670,38,27,65
130,680,38,28,66
130,690,39,28,67
130,700,39,28,67
130,710,39,28,67
130,720,40,28,68
130,730,41,31,72
130,740,42,32,74
130,750,42,33,75
130,760,43,34,77
130,770,44,34,78
130,780,44,34,78
130,790,44,34,78
130,800,44,34,78
130,810,44,35,79
130,820,44,38,82
130,830,44,38,82
130,840,45,40,85
130,850,48,41,89
130,860,48,41,89
130,870,48,41,89
130,880,49,41,90
130,890,50,42,92
130,900,51,43,94
130,910,52,44,96
130,920,53,44,97
130,930,53,46,99
130,940,54,47,101
130,950,54,48,102
130,960,54,50,104
130,970,54,50,104
130,980,54,53,107
130,990,54,54,108
130,1000,55,54,109
130,1010,57,54,111
130,1020,60,54,114
130,1030,60,56,116
130,1040,61,56,117
130,1050,61,57,118
130,1060,61,57,118
130,1070,61,58,119
130,1080,61,58,119
130,1090,62,59,121
130,1100,63,59,122
130,1110,64,61,125
130,1120,65,61,126
130,1130,67,61,128
130,1140,71,61,132
130,1150,71,62,133
130,1160,73,63,136
130,1170,73,64,137
130,1180,74,65,139
130,1190,74,65,139
130,1200,74,66,140
130,1210,74,67,141
130,1220,74,67,141
130,1230,74,68,142
130,1240,74,68,142
130,1250,75,69,144
130,1260,75,70,145
130,1270,76,71,147
130,1280,76,71,147
130,1290,77,72,149
130,1300,78,72,150
130,1310,79,74,153
130,1320,79,75,154
130,1330,80,75,155
130,1340,81,76,157
130,1350,81,78,159
130,1360,82,79,161
130,1370,84,80,164
130,1380,85,81,166
130,1390,87,81,168
130,1400,87,81,168
130,1410,88,81,169
130,1420,89,81,170
130,1430,89,82,171
130,1440,90,82,172
130,1450,91,83,174
130,1460,91,83,174
130,1470,91,84,175
130,1480,92,84,176
130,1490,92,84,176
130,1500,92,86,178
130,1510,93,86,179
130,1520,94,87,181
130,1530,96,87,183
130,1540,96,87,183
130,1550,97,87,184
130,1560,97,87,184
130,1570,97,89,186
130,1580,97,89,186
130,1590,98,89,187
130,1600,99,90,189
130,1610,100,90,190
130,1620,100,90,190
130,1630,100,90,190
130,1640,101,91,192
130,1650,104,94,198
130,1660,104,95,199
130,1670,104,95,199
130,1680,105,96,201
130,1690,106,96,202
130,1700,106,96,202
130,1710,106,97,203
130,1720,107,97,204
130,1730,107,97,204
130,1740,107,98,205
130,1750,107,98,205
130,1760,108,98,206
130,1770,110,98,208
130,1780,110,98,208
130,1790,112,99,211
130,1800,113,99,212
130,1810,113,100,213
130,1820,113,100,213
130,1830,114,101,215
130,1840,115,101,216
130,1850,115,101,216
130,1860,117,102,219
130,1870,117,102,219
130,1880,117,102,219
130,1890,118,102,220
130,1900,121,102,223
130,1910,121,102,223
130,1920,122,103,225
130,1930,122,104,226
130,1940,122,105,227
130,1950,122,106,228
130,1960,122,106,228
130,1970,123,107,230
130,1980,123,109,232
130,1990,124,109,233
140,140,0,0,0
140,150,1,0,1
140,160,2,0,2
140,170,2,1,3
140,180,2,1,3
140,190,2,2,4
140,200,4,3,7
140,210,6,4,10
140,220,6,6,12
140,230,6,6,12
140,240,6,7,13
140,250,6,9,15
140,260,7,10,17
140,270,8,10,18
140,280,9,10,19
140,290,10,10,20
140,300,11,10,21
140,310,11,10,21
140,320,12,11,23
140,330,12,11,23
140,340,13,11,24
140,350,14,11,25
140,360,14,12,26
140,370,15,15,30
140,380,16,15,31
140,390,18,15,33
140,400,20,15,35
140,410,22,15,37
140,420,22,15,37
140,430,23,15,38
140,440,23,15,38
140,450,23,15,38
140,460,24,15,39
140,470,25,15,40
140,480,27,17,44
140,490,28,17,45
140,500,29,17,46
140,510,29,17,46
140,520,29,18,47
140,530,29,18,47
140,540,29,18,47
140,550,30,19,49
140,560,30,19,49
140,570,30,19,49
140,580,30,19,49
140,590,30,21,51
140,600,31,21,52
140,610,31,24,55
140,620,32,25,57
140,630,34,26,60
140,640,36,26,62
140,650,36,26,62
140,660,37,26,63
140,670,37,27,64
140,680,37,28,65
140,690,38,28,66
140,700,38,28,66
140,710,38,28,66
140,720,39,28,67
140,730,40,31,71
140,740,41,32,73
140,750,41,33,74
140,760,42,34,76
140,770,43,34,77
140,780,43,34,77
140,790,43,34,77
140,800,43,34,77
140,810,43,35,78
140,820,43,38,81
140,830,43,38,81
140,840,44,40,84
140,850,47,41,88
140,860,47,41,88
140,870,47,41,88
140,880,48,41,89
140,890,49,42,91
140,900,50,43,93
140,910,51,44,95
140,920,52,44,96
140,930,52,46,98
140,940,53,47,100
140,950,53,48,101
140,960,53,50,103
140,970,53,50,103
140,980,53,53,106
140,990,53,54,107
140,1000,54,54,108
140,1010,56,54,110
140,1020,59,54,113
140,1030,59,56,115
140,1040,60,56,116
140,1050,60,57,117
140,1060,60,57,117
140,1070,60,58,118
140,1080,60,58,118
140,1090,61,59,120
140,1100,62,59,121
140,1110,63,61,124
140,1120,64,61,125
140,1130,66,61,127
140,1140,70,61,131
140,1150,70,62,132
140,1160,72,63,135
140,1170,72,64,136
140,1180,73,65,138
140,1190,73,65,138
140,1200,73,66,139
140,1210,73,67,140
140,1220,73,67,140
140,1230,73,68,141
140,1240,73,68,141
140,1250,74,69,143
140,1260,74,70,144
140,1270,75,71,146
140,1280,75,71,146
140,1290,76,72,148
140,1300,77,72,149
140,1310,78,74,152
140,1320,78,75,153
140,1330,79,75,154
140,1340,80,76,156
140,1350,80,78,158
140,1360,81,79,160
140,1370,83,80,163
140,1380,84,81,165
140,1390,86,81,167
140,1400,86,81,167
140,1410,87,81,168
140,1420,88,81,169
140,1430,88,82,170
140,1440,89,82,171
140,1450,90,83,173
140,1460,90,83,173
140,1470,90,84,174
140,1480,91,84,175
140,1490,91,84,175
140,1500,91,86,177
140,1510,92,86,178
140,1520,93,87,180
140,1530,95,87,182
140,1540,95,87,182
140,1550,96,87,183
140,1560,96,87,183
140,1570,96,89,185
140,1580,96,89,185
140,1590,97,89,186
140,1600,98,90,188
140,1610,99,90,189
140,1620,99,90,189
140,1630,99,90,189
140,1640,100,91,191
140,1650,103,94,197
140,1660,103,95,198
140,1670,103,95,198
140,1680,104,96,200
140,1690,105,96,201
140,1700,105,96,201
140,1710,105,97,202
140,1720,106,97,203
140,1730,106,97,203
140,1740,106,98,204
140,1750,106,98,204
140,1760,107,98,205
140,1770,109,98,207
140,1780,109,98,207
140,1790,111,99,210
140,1800,112,99,211
140,1810,112,100,212
140,1820,112,100,212
140,1830,113,101,214
140,1840,114,101,215
140,1850,114,101,215
140,1860,116,102,218
140,1870,116,102,218
140,1880,116,102,218
140,1890,117,102,219
140,1900,120,102,222
140,1910,120,102,222
140,1920,121,103,224
140,1930,121,104,225
140,1940,121,105,226
140,1950,121,106,227
140,1960,121,106,227
140,1970,122,107,229
140,1980,122,109,231
140,1990,123,109,232
150,150,0,0,0
150,160,1,0,1
150,170,1,1,2
150,180,1,1,2
150,190,1,2,3
150,200,3,3,6
150,210,5,4,9
150,220,5,6,11
150,230,5,6,11
150,240,5,7,12
150,250,5,9,14
150,260,6,10,16
150,270,7,10,17
150,280,8,10,18
150,290,9,10,19
150,300,10,10,20
150,310,10,10,20
150,320,11,11,22
150,330,11,11,22
150,340,12,11,23
150,350,13,11,24
150,360,13,12,25
150,370,14,15,29
150,380,15,15,30
150,390,17,15,32
150,400,19,15,34
150,410,21,15,36
150,420,21,15,36
150,430,22,15,37
150,440,22,15,37
150,450,22,15,37
150,460,23,15,38
150,470,24,15,39
150,480,26,17,43
150,490,27,17,44
150,500,28,17,45
150,510,28,17,45
150,520,28,18,46
150,530,28,18,46
150,540,28,18,46
150,550,29,19,48
150,560,29,19,48
150,570,29,19,48
150,580,29,19,48
150,590,29,21,50
150,600,30,21,51
150,610,30,24,54
150,620,31,25,56
150,630,33,26,59
150,640,35,26,61
150,650,35,26,61
150,660,36,26,62
150,670,36,27,63
150,680,36,28,64
150,690,37,28,65
150,700,37,28,65
150,710,37,28,65
150,720,38,28,66
150,730,39,31,70
150,740,40,32,72
150,750,40,33,73
150,760,41,34,75
150,770,42,34,76
150,780,42,34,76
150,790,42,34,76
150,800,42,34,76
150,810,42,35,77
150,820,42,38,80
150,830,42,38,80
150,840,43,40,83
150,850,46,41,87
150,860,46,41,87
150,870,46,41,87
150,880,47,41,88
150,890,48,42,90
150,900,49,43,92
150,910,50,44,94
150,920,51,44,95
150,930,51,46,97
150,940,52,47,99
150,950,52,48,100
150,960,52,50,102
150,970,52,50,102
150,980,52,53,105
150,990,52,54,106
150,1000,53,54,107
150,1010,55,54,109
150,1020,58,54,112
150,1030,58,56,114
150,1040,59,56,115
150,1050,59,57,116
150,1060,59,57,116
150,1070,59,58,117
150,1080,59,58,117
150,1090,60,59,119
150,1100,61,59,120
150,1110,62,61,123
150,1120,63,61,124
150,1130,65,61,126
150,1140,69,61,130
150,1150,69,62,131
150,1160,71,63,134
150,1170,71,64,135
150,1180,72,65,137
150,1190,72,65,137
150,1200,72,66,138
150,1210,72,67,139
150,1220,72,67,139
150,1230,72,68,140
150,1240,72,68,140
150,1250,73,69,142
150,1260,73,70,143
150,1270,74,71,145
150,1280,74,71,145
150,1290,75,72,147
150,1300,76,72,148
150,1310,77,74,151
150,1320,77,75,152
150,1330,78,75,153
150,1340,79,76,155
150,1350,79,78,157
150,1360,80,79,159
150,1370,82,80,162
150,1380,83,81,164
150,1390,85,81,166
150,1400,85,81,166
150,1410,86,81,167
150,1420,87,81,168
150,1430,87,82,169
150,1440,88,82,170
150,1450,89,83,172
150,1460,89,83,172
150,1470,89,84,173
150,1480,90,84,174
150,1490,90,84,174
150,1500,90,86,176
150,1510,91,86,177
150,1520,92,87,179
150,1530,94,87,181
150,1540,94,87,181
150,1550,95,87,182
150,1560,95,87,182
150,1570,95,89,184
150,1580,95,89,184
150,1590,96,89,185
150,1600,97,90,187
150,1610,98,90,188
150,1620,98,90,188
150,1630,98,90,188
150,1640,99,91,190
150,1650,102,94,196
150,1660,102,95,197
150,1670,102,95,197
150,1680,103,96,199
150,1690,104,96,200
150,1700,104,96,200
150,1710,104,97,201
150,1720,105,97,202
150,1730,105,97,202
150,1740,105,98,203
150,1750,105,98,203
150,1760,106,98,204
150,1770,108,98,206
150,1780,108,98,206
150,1790,110,99,209
150,1800,111,99,210
150,1810,111,100,211
150,1820,111,100,211
150,1830,112,101,213
150,1840,113,101,214
150,1850,113,101,214
150,1860,115,102,217
150,1870,115,102,217
150,1880,115,102,217
150,1890,116,102,218
150,1900,119,102,221
150,1910,119,102,221
150,1920,120,103,223
150,1930,120,104,224
150,1940,120,105,225
150,1950,120,106,226
150,1960,120,106,226
150,1970,121,107,228
150,1980,121,109,230
150,1990,122,109,231
160,160,0,0,0
160,170,0,1,1
160,180,0,1,1
160,190,0,2,2
160,200,2,3,5
160,210,4,4,8
160,220,4,6,10
160,230,4,6,10
160,240,4,7,11
160,250,4,9,13
160,260,5,10,15
160,270,6,10,16
160,280,7,10,17
160,290,8,10,18
160,300,9,10,19
160,310,9,10,19
160,320,10,11,21
160,330,10,11,21
160,340,11,11,22
160,350,12,11,23
160,360,12,12,24
160,370,13,15,28
160,380,14,15,29
160,390,16,15,31
160,400,18,15,33
160,410,20,15,35
160,420,20,15,35
160,430,21,15,36
160,440,21,15,36
160,450,21,15,36
160,460,22,15,37
160,470,23,15,38
160,480,25,17,42
160,490,26,17,43
160,500,27,17,44
160,510,27,17,44
160,520,27,18,45
160,530,27,18,45
160,540,27,18,45
160,550,28,19,47
160,560,28,19,47
160,570,28,19,47
160,580,28,19,47
160,590,28,21,49
160,600,29,21,50
160,610,29,24,53
160,620,30,25,55
160,630,32,26,58
160,640,34,26,60
160,650,34,26,60
160,660,35,26,61
160,670,35,27,62
160,680,35,28,63
160,690,36,28,64
160,700,36,28,64
160,710,36,28,64
160,720,37,28,65
160,730,38,31,69
160,740,39,32,71
160,750,39,33,72
160,760,40,34,74
160,770,41,34,75
160,780,41,34,75
160,790,41,34,75
160,800,41,34,75
160,810,41,35,76
160,820,41,38,79
160,830,41,38,79
160,840,42,40,82
160,850,45,41,86
160,860,45,41,86
160,870,45,41,86
160,880,46,41,87
160,890,47,42,89
160,900,48,43,91
160,910,49,44,93
160,920,50,44,94
160,930,50,46,96
160,940,51,47,98
160,950,51,48,99
160,960,51,50,101
160,970,51,50,101
160,980,51,53,104
160,990,51,54,105
160,1000,52,54,106
160,1010,54,54,108
160,1020,57,54,111
160,1030,57,56,113
160,1040,58,56,114
160,1050,58,57,115
160,1060,58,57,115
160,1070,58,58,116
160,1080,58,58,116
160,1090,59,59,118
160,1100,60,59,119
160,1110,61,61,122
160,1120,62,61,123
160,1130,64,61,125
160,1140,68,61,129
160,1150,68,62,130
160,1160,70,63,133
160,1170,70,64,134
160,1180,71,65,136
160,1190,71,65,136
160,1200,71,66,137
160,1210,71,67,138
160,1220,71,67,138
160,1230,71,68,139
160,1240,71,68,139
160,1250,72,69,141
160,1260,72,70,142
160,1270,73,71,144
160,1280,73,71,144
160,1290,74,72,146
160,1300,75,72,147
160,1310,76,74,150
160,1320,76,75,151
160,1330,77,75,152
160,1340,78,76,154
160,1350,78,78,156
160,1360,79,79,158
160,1370,81,80,161
160,1380,82,81,163
160,1390,84,81,165
160,1400,84,81,165
160,1410,85,81,166
160,1420,86,81,167
160,1430,86,82,168
160,1440,87,82,169
160,1450,88,83,171
160,1460,88,83,171
160,1470,88,84,172
160,1480,89,84,173
160,1490,89,84,173
160,1500,89,86,175
160,1510,90,86,176
160,1520,91,87,178
160,1530,93,87,180
160,1540,93,87,180
160,1550,94,87,181
160,1560,94,87,181
160,1570,94,89,183
160,1580,94,89,183
160,1590,95,89,184
160,1600,96,90,186
160,1610,97,90,187
160,1620,97,90,187
160,1630,97,90,187
160,1640,98,91,189
160,1650,101,94,195
160,1660,101,95,196
160,1670,101,95,196
160,1680,102,96,198
160,1690,103,96,199
160,1700,103,96,199
160,1710,103,97,200
160,1720,104,97,201
160,1730,104,97,201
160,1740,104,98,202
160,1750,104,98,202
160,1760,105,98,203
160,1770,107,98,205
160,1780,107,98,205
160,1790,109,99,208
160,1800,110,99,209
160,1810,110,100,210
160,1820,110,100,210
160,1830,111,101,212
160,1840,112,101,213
160,1850,112,101,213
160,1860,114,102,216
160,1870,114,102,216
160,1880,114,102,216
160,1890,115,102,217
160,1900,118,102,220
160,1910,118,102,220
160,1920,119,103,222
160,1930,119,104,223
160,1940,119,105,224
160,1950,119,106,225
160,1960,119,106,225
160,1970,120,107,227
160,1980,120,109,229
160,1990,121,109,230
170,170,0,0,0
170,180,0,0,0
170,190,0,1,1
170,200,2,2,4
170,210,4,3,7
170,220,4,5,9
170,230,4,5,9
170,240,4,6,10
170,250,4,8,12
170,260,5,9,14
170,270,6,9,15
170,280,7,9,16
170,290,8,9,17
170,300,9,9,18
170,310,9,9,18
170,320,10,10,20
170,330,10,10,20
170,340,11,10,21
170,350,12,10,22
170,360,12,11,23
170,370,13,14,27
170,380,14,14,28
170,390,16,14,30
170,400,18,14,32
170,410,20,14,34
170,420,20,14,34
170,430,21,14,35
170,440,21,14,35
170,450,21,14,35
170,460,22,14,36
170,470,23,14,37
170,480,25,16,41
170,490,26,16,42
170,500,27,16,43
170,510,27,16,43
170,520,27,17,44
170,530,27,17,44
170,540,27,17,44
170,550,28,18,46
170,560,28,18,46
170,570,28,18,46
170,580,28,18,46
170,590,28,20,48
170,600,29,20,49
170,610,29,23,52
170,620,30,24,54
170,630,32,25,57
170,640,34,25,59
170,650,34,25,59
170,660,35,25,60
170,670,35,26,61
170,680,35,27,62
170,690,36,27,63
170,700,36,27,63
170,710,36,27,63
170,720,37,27,64
170,730,38,30,68
170,740,39,31,70
170,750,39,32,71
170,760,40,33,73
170,770,41,33,74
170,780,41,33,74
170,790,41,33,74
170,800,41,33,74
170,810,41,34,75
170,820,41,37,78
170,830,41,37,78
170,840,42,39,81
170,850,45,40,85
170,860,45,40,85
170,870,45,40,85
170,880,46,40,86
170,890,47,41,88
170,900,48,42,90
170,910,49,43,92
170,920,50,43,93
170,930,50,45,95
170,940,51,46,97
170,950,51,47,98
170,960,51,49,100
170,970,51,49,100
170,980,51,52,103
170,990,51,53,104
170,1000,52,53,105
170,1010,54,53,107
170,1020,57,53,110
170,1030,57,55,112
170,1040,58,55,113
170,1050,58,56,114
170,1060,58,56,114
170,1070,58,57,115
170,1080,58,57,115
170,1090,59,58,117
170,1100,60,58,118
170,1110,61,60,121
170,1120,62,60,122
170,1130,64,60,124
170,1140,68,60,128
170,1150,68,61,129
170,1160,70,62,132
170,1170,70,63,133
170,1180,71,64,135
170,1190,71,64,135
170,1200,71,65,136
170,1210,71,66,137
170,1220,71,66,137
170,1230,71,67,138
170,1240,71,67,138
170,1250,72,68,140
170,1260,72,69,141
170,1270,73,70,143
170,1280,73,70,143
170,1290,74,71,145
170,1300,75,71,146
170,1310,76,73,149
170,1320,76,74,150
170,1330,77,74,151
170,1340,78,75,153
170,1350,78,77,155
170,1360,79,78,157
170,1370,81,79,160
170,1380,82,80,162
170,1390,84,80,164
170,1400,84,80,164
170,1410,85,80,165
170,1420,86,80,166
170,1430,86,81,167
170,1440,87,81,168
170,1450,88,82,170
170,1460,88,82,170
170,1470,88,83,171
170,1480,89,83,172
170,1490,89,83,172
170,1500,89,85,174
170,1510,90,85,175
170,1520,91,86,177
170,1530,93,86,179
170,1540,93,86,179
170,1550,94,86,180
170,1560,94,86,180
170,1570,94,88,182
170,1580,94,88,182
170,1590,95,88,183
170,1600,96,89,185
170,1610,97,89,186
170,1620,97,89,186
170,1630,97,89,186
170,1640,98,90,188
170,1650,101,93,194
170,1660,101,94,195
170,1670,101,94,195
170,1680,102,95,197
170,1690,103,95,198
170,1700,103,95,198
170,1710,103,96,199
170,1720,104,96,200
170,1730,104,96,200
170,1740,104,97,201
170,1750,104,97,201
170,1760,105,97,202
170,1770,107,97,204
170,1780,107,97,204
170,1790,109,98,207
170,1800,110,98,208
170,1810,110,99,209
170,1820,110,99,209
170,1830,111,100,211
170,1840,112,100,212
170,1850,112,100,212
170,1860,114,101,215
170,1870,114,101,215
170,1880,114,101,215
170,1890,115,101,216
170,1900,118,101,219
170,1910,118,101,219
170,1920,119,102,221
170,1930,119,103,222
170,1940,119,104,223
170,1950,119,105,224
170,1960,119,105,224
170,1970,120,106,226
170,1980,120,108,228
170,1990,121,108,229
180,180,0,0,0
180,190,0,1,1
180,200,2,2,4
180,210,4,3,7
180,220,4,5,9
180,230,4,5,9
180,240,4,6,10
180,250,4,8,12
180,260,5,9,14
180,270,6,9,15
180,280,7,9,16
180,290,8,9,17
180,300,9,9,18
180,310,9,9,18
180,320,10,10,20
180,330,10,10,20
180,340,11,10,21
180,350,12,10,22
180,360,12,11,23
180,370,13,14,27
180,380,14,14,28
180,390,16,14,30
180,400,18,14,32
180,410,20,14,34
180,420,20,14,34
180,430,21,14,35
180,440,21,14,35
180,450,21,14,35
180,460,22,14,36
180,470,23,14,37
180,480,25,16,41
180,490,26,16,42
180,500,27,16,43
180,510,27,16,43
180,520,27,17,44
180,530,27,17,44
180,540,27,17,44
180,550,28,18,46
180,560,28,18,46
180,570,28,18,46
180,580,28,18,46
180,590,28,20,48
180,600,29,20,49
180,610,29,23,52
180,620,30,24,54
180,630,32,25,57
180,640,34,25,59
180,650,34,25,59
180,660,35,25,60
180,670,35,26,61
180,680,35,27,62
180,690,36,27,63
180,700,36,27,63
180,710,36,27,63
180,720,37,27,64
180,730,38,30,68
180,740,39,31,70
180,750,39,32,71
180,760,40,33,73
180,770,41,33,74
180,780,41,33,74
180,790,41,33,74
180,800,41,33,74
180,810,41,34,75
180,820,41,37,78
180,830,41,37,78
180,840,42,39,81
180,850,45,40,85
180,860,45,40,85
180,870,45,40,85
180,880,46,40,86
180,890,47,41,88
180,900,48,42,90
180,910,49,43,92
180,920,50,43,93
180,930,50,45,95
180,940,51,46,97
180,950,51,47,98
180,960,51,49,100
180,970,51,49,100
180,980,51,52,103
180,990,51,53,104
180,1000,52,53,105
180,1010,54,53,107
180,1020,57,53,110
180,1030,57,55,112
180,1040,58,55,113
180,1050,58,56,114
180,1060,58,56,114
180,1070,58,57,115
180,1080,58,57,115
180,1090,59,58,117
180,1100,60,58,118
180,1110,61,60,121
180,1120,62,60,122
180,1130,64,60,124
180,1140,68,60,128
180,1150,68,61,129
180,1160,70,62,132
180,1170,70,63,133
180,1180,71,64,135
180,1190,71,64,135
180,1200,71,65,136
180,1210,71,66,137
180,1220,71,66,137
180,1230,71,67,138
180,1240,71,67,138
180,1250,72,68,140
180,1260,72,69,141
180,1270,73,70,143
180,1280,73,70,143
180,1290,74,71,145
180,1300,75,71,146
180,1310,76,73,149
180,1320,76,74,150
180,1330,77,74,151
180,1340,78,75,153
180,1350,78,77,155
180,1360,79,78,157
180,1370,81,79,160
180,1380,82,80,162
180,1390,84,80,164
180,1400,84,80,164
180,1410,85,80,165
180,1420,86,80,166
180,1430,86,81,167
180,1440,87,81,168
180,1450,88,82,170
180,1460,88,82,170
180,1470,88,83,171
180,1480,89,83,172
180,1490,89,83,172
180,1500,89,85,174
180,1510,90,85,175
180,1520,91,86,177
180,1530,93,86,179
180,1540,93,86,179
180,1550,94,86,180
180,1560,94,86,180
180,1570,94,88,182
180,1580,94,88,182
180,1590,95,88,183
180,1600,96,89,185
180,1610,97,89,186
180,1620,97,89,186
180,1630,97,89,186
180,1640,98,90,188
180,1650,101,93,194
180,1660,101,94,195
180,1670,101,94,195
180,1680,102,95,197
180,1690,103,95,198
180,1700,103,95,198
180,1710,103,96,199
180,1720,104,96,200
180,1730,104,96,200
180,1740,104,97,201
180,1750,104,97,201
180,1760,105,97,202
180,1770,107,97,204
180,1780,107,97,204
180,1790,109,98,207
180,1800,110,98,208
180,1810,110,99,209
180,1820,110,99,209
180,1830,111,100,211
180,1840,112,100,212
180,1850,112,100,212
180,1860,114,101,215
180,1870,114,101,215
180,1880,114,101,215
180,1890,115,101,216
180,1900,118,101,219
180,1910,118,101,219
180,1920,119,102,221
180,1930,119,103,222
180,1940,119,104,223
180,1950,119,105,224
180,1960,119,105,224
180,1970,120,106,226
180,1980,120,108,228
180,1990,121,108,229
190,190,0,0,0
190,200,2,1,3
190,210,4,2,6
190,220,4,4,8
190,230,4,4,8
190,240,4,5,9
190,250,4,7,11
190,260,5,8,13
190,270,6,8,14
190,280,7,8,15
190,290,8,8,16
190,300,9,8,17
190,310,9,8,17
190,320,10,9,19
190,330,10,9,19
190,340,11,9,20
190,350,12,9,21
190,360,12,10,22
190,370,13,13,26
190,380,14,13,27
190,390,16,13,29
190,400,18,13,31
190,410,20,13,33
190,420,20,13,33
190,430,21,13,34
190,440,21,13,34
190,450,21,13,34
190,460,22,13,35
190,470,23,13,36
190,480,25,15,40
190,490,26,15,41
190,500,27,15,42
190,510,27,15,42
190,520,27,16,43
190,530,27,16,43
190,540,27,16,43
190,550,28,17,45
190,560,28,17,45
190,570,28,17,45
190,580,28,17,45
190,590,28,19,47
190,600,29,19,48
190,610,29,22,51
190,620,30,23,53
190,630,32,24,56
190,640,34,24,58
190,650,34,24,58
190,660,35,24,59
190,670,35,25,60
190,680,35,26,61
190,690,36,26,62
190,700,36,26,62
190,710,36,26,62
190,720,37,26,63
190,730,38,29,67
190,740,39,30,69
190,750,39,31,70
190,760,40,32,72
190,770,41,32,73
190,780,41,32,73
190,790,41,32,73
190,800,41,32,73
190,810,41,33,74
190,820,41,36,77
190,830,41,36,77
190,840,42,38,80
190,850,45,39,84
190,860,45,39,84
190,870,45,39,84
190,880,46,39,85
190,890,47,40,87
190,900,48,41,89
190,910,49,42,91
190,920,50,42,92
190,930,50,44,94
190,940,51,45,96
190,950,51,46,97
190,960,51,48,99
190,970,51,48,99
190,980,51,51,102
190,990,51,52,103
190,1000,52,52,104
190,1010,54,52,106
190,1020,57,52,109
190,1030,57,54,111
190,1040,58,54,112
190,1050,58,55,113
190,1060,58,55,113
190,1070,58,56,114
190,1080,58,56,114
190,1090,59,57,116
190,1100,60,57,117
190,1110,61,59,120
190,1120,62,59,121
190,1130,64,59,123
190,1140,68,59,127
190,1150,68,60,128
190,1160,70,61,131
190,1170,70,62,132
190,1180,71,63,134
190,1190,71,63,134
190,1200,71,64,135
190,1210,71,65,136
190,1220,71,65,136
190,1230,71,66,137
190,1240,71,66,137
190,1250,72,67,139
190,1260,72,68,140
190,1270,73,69,142
190,1280,73,69,142
190,1290,74,70,144
190,1300,75,70,145
190,1310,76,72,148
190,1320,76,73,149
190,1330,77,73,150
190,1340,78,74,152
190,1350,78,76,154
190,1360,79,77,156
190,1370,81,78,159
190,1380,82,79,161
190,1390,84,79,163
190,1400,84,79,163
190,1410,85,79,164
190,1420,86,79,165
190,1430,86,80,166
190,1440,87,80,167
190,1450,88,81,169
190,1460,88,81,169
190,1470,88,82,170
190,1480,89,82,171
190,1490,89,82,171
190,1500,89,84,173
190,1510,90,84,174
190,1520,91,85,176
190,1530,93,85,178
190,1540,93,85,178
190,1550,94,85,179
190,1560,94,85,179
190,1570,94,87,181
190,1580,94,87,181
190,1590,95,87,182
190,1600,96,88,184
190,1610,97,88,185
190,1620,97,88,185
190,1630,97,88,185
190,1640,98,89,187
190,1650,101,92,193
190,1660,101,93,194
190,1670,101,93,194
190,1680,102,94,196
190,1690,103,94,197
190,1700,103,94,197
190,1710,103,95,198
190,1720,104,95,199
190,1730,104,95,199
190,1740,104,96,200
190,1750,104,96,200
190,1760,105,96,201
190,1770,107,96,203
190,1780,107,96,203
190,1790,109,97,206
190,1800,110,97,207
190,1810,110,98,208
190,1820,110,98,208
190,1830,111,99,210
190,1840,112,99,211
190,1850,112,99,211
190,1860,114,100,214
190,1870,114,100,214
190,1880,114,100,214
190,1890,115,100,215
190,1900,118,100,218
190,1910,118,100,218
190,1920,119,101,220
190,1930,119,102,221
190,1940,119,103,222
190,1950,119,104,223
190,1960,119,104,223
190,1970,120,105,225
190,1980,120,107,227
190,1990,121,107,228
200,200,0,0,0
200,210,2,1,3
200,220,2,3,5
200,230,2,3,5
200,240,2,4,6
200,250,2,6,8
200,260,3,7,10
200,270,4,7,11
200,280,5,7,12
200,290,6,7,13
200,300,7,7,14
200,310,7,7,14
200,320,8,8,16
200,330,8,8,16
200,340,9,8,17
200,350,10,8,18
200,360,10,9,19
200,370,11,12,23
200,380,12,12,24
200,390,14,12,26
200,400,16,12,28
200,410,18,12,30
200,420,18,12,30
200,430,19,12,31
200,440,19,12,31
200,450,19,12,31
200,460,20,12,32
200,470,21,12,33
200,480,23,14,37
200,490,24,14,38
200,500,25,14,39
200,510,25,14,39
200,520,25,15,40
200,530,25,15,40
200,540,25,15,40
200,550,26,16,42
200,560,26,16,42
200,570,26,16,42
200,580,26,16,42
200,590,26,18,44
200,600,27,18,45
200,610,27,21,48
200,620,28,22,50
200,630,30,23,53
200,640,32,23,55
200,650,32,23,55
200,660,33,23,56
200,670,33,24,57
200,680,33,25,58
200,690,34,25,59
200,700,34,25,59
200,710,34,25,59
200,720,35,25,60
200,730,36,28,64
200,740,37,29,66
200,750,37,30,67
200,760,38,31,69
200,770,39,31,70
200,780,39,31,70
200,790,39,31,70
200,800,39,31,70
200,810,39,32,71
200,820,39,35,74
200,830,39,35,74
200,840,40,37,77
200,850,43,38,81
200,860,43,38,81
200,870,43,38,81
200,880,44,38,82
200,890,45,39,84
200,900,46,40,86
200,910,47,41,88
200,920,48,41,89
200,930,48,43,91
200,940,49,44,93
200,950,49,45,94
200,960,49,47,96
200,970,49,47,96
200,980,49,50,99
200,990,49,51,100
200,1000,50,51,101
200,1010,52,51,103
200,1020,55,51,106
200,1030,55,53,108
200,1040,56,53,109
200,1050,56,54,110
200,1060,56,54,110
200,1070,56,55,111
200,1080,56,55,111
200,1090,57,56,113
200,1100,58,56,114
200,1110,59,58,117
200,1120,60,58,118
200,1130,62,58,120
200,1140,66,58,124
200,1150,66,59,125
200,1160,68,60,128
200,1170,68,61,129
200,1180,69,62,131
200,1190,69,62,131
200,1200,69,63,132
200,1210,69,64,133
200,1220,69,64,133
200,1230,69,65,134
200,1240,69,65,134
200,1250,70,66,136
200,1260,70,67,137
200,1270,71,68,139
200,1280,71,68,139
200,1290,72,69,141
200,1300,73,69,142
200,1310,74,71,145
200,1320,74,72,146
200,1330,75,72,147
200,1340,76,73,149
200,1350,76,75,151
200,1360,77,76,153
200,1370,79,77,156
200,1380,80,78,158
200,1390,82,78,160
200,1400,82,78,160
200,1410,83,78,161
200,1420,84,78,162
200,1430,84,79,163
200,1440,85,79,164
200,1450,86,80,166
200,1460,86,80,166
200,1470,86,81,167
200,1480,87,81,168
200,1490,87,81,168
200,1500,87,83,170
200,1510,88,83,171
200,1520,89,84,173
200,1530,91,84,175
200,1540,91,84,175
200,1550,92,84,176
200,1560,92,84,176
200,1570,92,86,178
200,1580,92,86,178
200,1590,93,86,179
200,1600,94,87,181
200,1610,95,87,182
200,1620,95,87,182
200,1630,95,87,182
200,1640,96,88,184
200,1650,99,91,190
200,1660,99,92,191
200,1670,99,92,191
200,1680,100,93,193
200,1690,101,93,194
200,1700,101,93,194
200,1710,101,94,195
200,1720,102,94,196
200,1730,102,94,196
200,1740,102,95,197
200,1750,102,95,197
200,1760,103,95,198
200,1770,105,95,200
200,1780,105,95,200
200,1790,107,96,203
200,1800,108,96,204
200,1810,108,97,205
200,1820,108,97,205
200,1830,109,98,207
200,1840,110,98,208
200,1850,110,98,208
200,1860,112,99,211
200,1870,112,99,211
200,1880,112,99,211
200,1890,113,99,212
200,1900,116,99,215
200,1910,116,99,215
200,1920,117,100,217
200,1930,117,101,218
200,1940,117,102,219
200,1950,117,103,220
200,1960,117,103,220
200,1970,118,104,222
200,1980,118,106,224
200,1990,119,106,225
210,210,0,0,0
210,220,0,2,2
210,230,0,2,2
210,240,0,3,3
210,250,0,5,5
210,260,1,6,7
210,270,2,6,8
210,280,3,6,9
210,290,4,6,10
210,300,5,6,11
210,310,5,6,11
210,320,6,7,13
210,330,6,7,13
210,340,7,7,14
210,350,8,7,15
210,360,8,8,16
210,370,9,11,20
210,380,10,11,21
210,390,12,11,23
210,400,14,11,25
210,410,16,11,27
210,420,16,11,27
210,430,17,11,28
210,440,17,11,28
210,450,17,11,28
210,460,18,11,29
210,470,19,11,30
210,480,21,13,34
210,490,22,13,35
210,500,23,13,36
210,510,23,13,36
210,520,23,14,37
210,530,23,14,37
210,540,23,14,37
210,550,24,15,39
210,560,24,15,39
210,570,24,15,39
210,580,24,15,39
210,590,24,17,41
210,600,25,17,42
210,610,25,20,45
210,620,26,21,47
210,630,28,22,50
210,640,30,22,52
210,650,30,22,52
210,660,31,22,53
210,670,31,23,54
210,680,31,24,55
210,690,32,24,56
210,700,32,24,56
210,710,32,24,56
210,720,33,24,57
210,730,34,27,61
210,740,35,28,63
210,750,35,29,64
210,760,36,30,66
210,770,37,30,67
210,780,37,30,67
210,790,37,30,67
210,800,37,30,67
210,810,37,31,68
210,820,37,34,71
210,830,37,34,71
210,840,38,36,74
210,850,41,37,78
210,860,41,37,78
210,870,41,37,78
210,880,42,37,79
210,890,43,38,81
210,900,44,39,83
210,910,45,40,85
210,920,46,40,86
210,930,46,42,88
210,940,47,43,90
210,950,47,44,91
210,960,47,46,93
210,970,47,46,93
210,980,47,49,96
210,990,47,50,97
210,1000,48,50,98
210,1010,50,50,100
210,1020,53,50,103
210,1030,53,52,105
210,1040,54,52,106
210,1050,54,53,107
210,1060,54,53,107
210,1070,54,54,108
210,1080,54,54,108
210,1090,55,55,110
210,1100,56,55,111
210,1110,57,57,114
210,1120,58,57,115
210,1130,60,57,117
210,1140,64,57,121
210,1150,64,58,122
210,1160,66,59,125
210,1170,66,60,126
210,1180,67,61,128
210,1190,67,61,128
210,1200,67,62,129
210,1210,67,63,130
210,1220,67,63,130
210,1230,67,64,131
210,1240,67,64,131
210,1250,68,65,133
210,1260,68,66,134
210,1270,69,67,136
210,1280,69,67,136
210,1290,70,68,138
210,1300,71,68,139
210,1310,72,70,142
210,1320,72,71,143
210,1330,73,71,144
210,1340,74,72,146
210,1350,74,74,148
210,1360,75,75,150
210,1370,77,76,153
210,1380,78,77,155
210,1390,80,77,157
210,1400,80,77,157
210,1410,81,77,158
210,1420,82,77,159
210,1430,82,78,160
210,1440,83,78,161
210,1450,84,79,163
210,1460,84,79,163
210,1470,84,80,164
210,1480,85,80,165
210,1490,85,80,165
210,1500,85,82,167
210,1510,86,82,168
210,1520,87,83,170
210,1530,89,83,172
210,1540,89,83,172
210,1550,90,83,173
210,1560,90,83,173
210,1570,90,85,175
210,1580,90,85,175
210,1590,91,85,176
210,1600,92,86,178
210,1610,93,86,179
210,1620,93,86,179
210,1630,93,86,179
210,1640,94,87,181
210,1650,97,90,187
210,1660,97,91,188
210,1670,97,91,188
210,1680,98,92,190
210,1690,99,92,191
210,1700,99,92,191
210,1710,99,93,192
210,1720,100,93,193
210,1730,100,93,193
210,1740,100,94,194
210,1750,100,94,194
210,1760,101,94,195
210,1770,103,94,197
210,1780,103,94,197
210,1790,105,95,200
210,1800,106,95,201
210,1810,106,96,202
210,1820,106,96,202
210,1830,107,97,204
210,1840,108,97,205
210,1850,108,97,205
210,1860,110,98,208
210,1870,110,98,208
210,1880,110,98,208
210,1890,111,98,209
210,1900,114,98,212
210,1910,114,98,212
210,1920,115,99,214
210,1930,115,100,215
210,1940,115,101,216
210,1950,115,102,217
210,1960,115,102,217
210,1970,116,103,219
210,1980,116,105,221
210,1990,117,105,222
220,220,0,0,0
220,230,0,0,0
220,240,0,1,1
220,250,0,3,3
220,260,1,4,5
220,270,2,4,6
220,280,3,4,7
220,290,4,4,8
220,300,5,4,9
220,310,5,4,9
220,320,6,5,11
220,330,6,5,11
220,340,7,5,12
220,350,8,5,13
220,360,8,6,14
220,370,9,9,18
220,380,10,9,19
220,390,12,9,21
220,400,14,9,23
220,410,16,9,25
220,420,16,9,25
220,430,17,9,26
220,440,17,9,26
220,450,17,9,26
220,460,18,9,27
220,470,19,9,28
220,480,21,11,32
220,490,22,11,33
220,500,23,11,34
220,510,23,11,34
220,520,23,12,35
220,530,23,12,35
220,540,23,12,35
220,550,24,13,37
220,560,24,13,37
220,570,24,13,37
220,580,24,13,37
220,590,24,15,39
220,600,25,15,40
220,610,25,18,43
220,620,26,19,45
220,630,28,20,48
220,640,30,20,50
220,650,30,20,50
220,660,31,20,51
220,670,31,21,52
220,680,31,22,53
220,690,32,22,54
220,700,32,22,54
220,710,32,22,54
220,720,33,22,55
220,730,34,25,59
220,740,35,26,61
220,750,35,27,62
220,760,36,28,64
220,770,37,28,65
220,780,37,28,65
220,790,37,28,65
220,800,37,28,65
220,810,37,29,66
220,820,37,32,69
220,830,37,32,69
220,840,38,34,72
220,850,41,35,76
220,860,41,35,76
220,870,41,35,76
220,880,42,35,77
220,890,43,36,79
220,900,44,37,81
220,910,45,38,83
220,920,46,38,84
220,930,46,40,86
220,940,47,41,88
220,950,47,42,89
220,960,47,44,91
220,970,47,44,91
220,980,47,47,94
220,990,47,48,95
220,1000,48,48,96
220,1010,50,48,98
220,1020,53,48,101
220,1030,53,50,103
220,1040,54,50,104
220,1050,54,51,105
220,1060,54,51,105
220,1070,54,52,106
220,1080,54,52,106
220,1090,55,53,108
220,1100,56,53,109
220,1110,57,55,112
220,1120,58,55,113
220,1130,60,55,115
220,1140,64,55,119
220,1150,64,56,120
220,1160,66,57,123
220,1170,66,58,124
220,1180,67,59,126
220,1190,67,59,126
220,1200,67,60,127
220,1210,67,61,128
220,1220,67,61,128
220,1230,67,62,129
220,1240,67,62,129
220,1250,68,63,131
220,1260,68,64,132
220,1270,69,65,134
220,1280,69,65,134
220,1290,70,66,136
220,1300,71,66,137
220,1310,72,68,140
220,1320,72,69,141
220,1330,73,69,142
220,1340,74,70,144
220,1350,74,72,146
220,1360,75,73,148
220,1370,77,74,151
220,1380,78,75,153
220,1390,80,75,155
220,1400,80,75,155
220,1410,81,75,156
220,1420,82,75,157
220,1430,82,76,158
220,1440,83,76,159
220,1450,84,77,161
220,1460,84,77,161
220,1470,84,78,162
220,1480,85,78,163
220,1490,85,78,163
220,1500,85,80,165
220,1510,86,80,166
220,1520,87,81,168
220,1530,89,81,170
220,1540,89,81,170
220,1550,90,81,171
220,1560,90,81,171
220,1570,90,83,173
220,1580,90,83,173
220,1590,91,83,174
220,1600,92,84,176
220,1610,93,84,177
220,1620,93,84,177
220,1630,93,84,177
220,1640,94,85,179
220,1650,97,88,185
220,1660,97,89,186
220,1670,97,89,186
220,1680,98,90,188
220,1690,99,90,189
220,1700,99,90,189
220,1710,99,91,190
220,1720,100,91,191
220,1730,100,91,191
220,1740,100,92,192
220,1750,100,92,192
220,1760,101,92,193
220,1770,103,92,195
220,1780,103,92,195
220,1790,105,93,198
220,1800,106,93,199
220,1810,106,94,200
220,1820,106,94,200
220,1830,107,95,202
220,1840,108,95,203
220,1850,108,95,203
220,1860,110,96,206
220,1870,110,96,206
220,1880,110,96,206
220,1890,111,96,207
220,1900,114,96,210
220,1910,114,96,210
220,1920,115,97,212
220,1930,115,98,213
220,1940,115,99,214
220,1950,115,100,215
220,1960,115,100,215
220,1970,116,101,217
220,1980,116,103,219
220,1990,117,103,220
230,230,0,0,0
230,240,0,1,1
230,250,0,3,3
230,260,1,4,5
230,270,2,4,6
230,280,3,4,7
230,290,4,4,8
230,300,5,4,9
230,310,5,4,9
230,320,6,5,11
230,330,6,5,11
230,340,7,5,12
230,350,8,5,13
230,360,8,6,14
230,370,9,9,18
230,380,10,9,19
230,390,12,9,21
230,400,14,9,23
230,410,16,9,25
230,420,16,9,25
230,430,17,9,26
230,440,17,9,26
230,450,17,9,26
230,460,18,9,27
230,470,19,9,28
230,480,21,11,32
230,490,22,11,33
230,500,23,11,34
230,510,23,11,34
230,520,23,12,35
230,530,23,12,35
230,540,23,12,35
230,550,24,13,37
230,560,24,13,37
230,570,24,13,37
230,580,24,13,37
230,590,24,15,39
230,600,25,15,40
230,610,25,18,43
230,620,26,19,45
230,630,28,20,48
230,640,30,20,50
230,650,30,20,50
230,660,31,20,51
230,670,31,21,52
230,680,31,22,53
230,690,32,22,54
230,700,32,22,54
230,710,32,22,54
230,720,33,22,55
230,730,34,25,59
230,740,35,26,61
230,750,35,27,62
230,760,36,28,64
230,770,37,28,65
230,780,37,28,65
230,790,37,28,65
230,800,37,28,65
230,810,37,29,66
230,820,37,32,69
230,830,37,32,69
230,840,38,34,72
230,850,41,35,76
230,860,41,35,76
230,870,41,35,76
230,880,42,35,77
230,890,43,36,79
230,900,44,37,81
230,910,45,38,83
230,920,46,38,84
230,930,46,40,86
230,940,47,41,88
230,950,47,42,89
230,960,47,44,91
230,970,47,44,91
230,980,47,47,94
230,990,47,48,95
230,1000,48,48,96
230,1010,50,48,98
230,1020,53,48,101
230,1030,53,50,103
230,1040,54,50,104
230,1050,54,51,105
230,1060,54,51,105
230,1070,54,52,106
230,1080,54,52,106
230,1090,55,53,108
230,1100,56,53,109
230,1110,57,55,112
230,1120,58,55,113
230,1130,60,55,115
230,1140,64,55,119
230,1150,64,56,120
230,1160,66,57,123
230,1170,66,58,124
230,1180,67,59,126
230,1190,67,59,126
230,1200,67,60,127
230,1210,67,61,128
230,1220,67,61,128
230,1230,67,62,129
230,1240,67,62,129
230,1250,68,63,131
230,1260,68,64,132
230,1270,69,65,134
230,1280,69,65,134
230,1290,70,66,136
230,1300,71,66,137
230,1310,72,68,140
230,1320,72,69,141
230,1330,73,69,142
230,1340,74,70,144
230,1350,74,72,146
230,1360,75,73,148
230,1370,77,74,151
230,1380,78,75,153
230,1390,80,75,155
230,1400,80,75,155
230,1410,81,75,156
230,1420,82,75,157
230,1430,82,76,158
230,1440,83,76,159
230,1450,84,77,161
230,1460,84,77,161
230,1470,84,78,162
230,1480,85,78,163
230,1490,85,78,163
230,1500,85,80,165
230,1510,86,80,166
230,1520,87,81,168
230,1530,89,81,170
230,1540,89,81,170
230,1550,90,81,171
230,1560,90,81,171
230,1570,90,83,173
230,1580,90,83,173
230,1590,91,83,174
230,1600,92,84,176
230,1610,93,84,177
230,1620,93,84,177
230,1630,93,84,177
230,1640,94,85,179
230,1650,97,88,185
230,1660,97,89,186
230,1670,97,89,186
230,1680,98,90,188
230,1690,99,90,189
230,1700,99,90,189
230,1710,99,91,190
230,1720,100,91,191
230,1730,100,91,191
230,1740,100,92,192
230,1750,100,92,192
230,1760,101,92,193
230,1770,103,92,195
230,1780,103,92,195
230,1790,105,93,198
230,1800,106,93,199
230,1810,106,94,200
230,1820,106,94,200
230,1830,107,95,202
230,1840,108,95,203
230,1850,108,95,203
230,1860,110,96,206
230,1870,110,96,206
230,1880,110,96,206
230,1890,111,96,207
230,1900,114,96,210
230,1910,114,96,210
230,1920,115,97,212
230,1930,115,98,213
230,1940,115,99,214
230,1950,115,100,215
230,1960,115,100,215
230,1970,116,101,217
230,1980,116,103,219
230,1990,117,103,220
240,240,0,1,1
240,250,0,3,3
240,260,1,4,5
240,270,2,4,6
240,280,3,4,7
240,290,4,4,8
240,300,5,4,9
240,310,5,4,9
240,320,6,5,11
240,330,6,5,11
240,340,7,5,12
240,350,8,5,13
240,360,8,6,14
240,370,9,9,18
240,380,10,9,19
240,390,12,9,21
240,400,14,9,23
240,410,16,9,25
240,420,16,9,25
240,430,17,9,26
240,440,17,9,26
240,450,17,9,26
240,460,18,9,27
240,470,19,9,28
240,480,21,11,32
240,490,22,11,33
240,500,23,11,34
240,510,23,11,34
240,520,23,12,35
240,530,23,12,35
240,540,23,12,35
240,550,24,13,37
240,560,24,13,37
240,570,24,13,37
240,580,24,13,37
240,590,24,15,39
240,600,25,15,40
240,610,25,18,43
240,620,26,19,45
240,630,28,20,48
240,640,30,20,50
240,650,30,20,50
240,660,31,20,51
240,670,31,21,52
240,680,31,22,53
240,690,32,22,54
240,700,32,22,54
240,710,32,22,54
240,720,33,22,55
240,730,34,25,59
240,740,35,26,61
240,750,35,27,62
240,760,36,28,64
240,770,37,28,65
240,780,37,28,65
240,790,37,28,65
240,800,37,28,65
240,810,37,29,66
240,820,37,32,69
240,830,37,32,69
240,840,38,34,72
240,850,41,35,76
240,860,41,35,76
240,870,41,35,76
240,880,42,35,77
240,890,43,36,79
240,900,44,37,81
240,910,45,38,83
240,920,46,38,84
240,930,46,40,86
240,940,47,41,88
240,950,47,42,89
240,960,47,44,91
240,970,47,44,91
240,980,47,47,94
240,990,47,48,95
240,1000,48,48,96
240,1010,50,48,98
240,1020,53,48,101
240,1030,53,50,103
240,1040,54,50,104
240,1050,54,51,105
240,1060,54,51,105
240,1070,54,52,106
240,1080,54,52,106
240,1090,55,53,108
240,1100,56,53,109
240,1110,57,55,112
240,1120,58,55,113
240,1130,60,55,115
240,1140,64,55,119
240,1150,64,56,120
240,1160,66,57,123
240,1170,66,58,124
240,1180,67,59,126
240,1190,67,59,126
240,1200,67,60,127
240,1210,67,61,128
240,1220,67,61,128
240,1230,67,62,129
240,1240,67,62,129
240,1250,68,63,131
240,1260,68,64,132
240,1270,69,65,134
240,1280,69,65,134
240,1290,70,66,136
240,1300,71,66,137
240,1310,72,68,140
240,1320,72,69,141
240,1330,73,69,142
240,1340,74,70,144
240,1350,74,72,146
240,1360,75,73,148
240,1370,77,74,151
240,1380,78,75,153
240,1390,80,75,155
240,1400,80,75,155
240,1410,81,75,156
240,1420,82,75,157
240,1430,82,76,158
240,1440,83,76,159
240,1450,84,77,161
240,1460,84,77,161
240,1470,84,78,162
240,1480,85,78,163
240,1490,85,78,163
240,1500,85,80,165
240,1510,86,80,166
240,1520,87,81,168
240,1530,89,81,170
240,1540,89,81,170
240,1550,90,81,171
240,1560,90,81,171
240,1570,90,83,173
240,1580,90,83,173
240,1590,91,83,174
240,1600,92,84,176
240,1610,93,84,177
240,1620,93,84,177
240,1630,93,84,177
240,1640,94,85,179
240,1650,97,88,185
240,1660,97,89,186
240,1670,97,89,186
240,1680,98,90,188
240,1690,99,90,189
240,1700,99,90,189
240,1710,99,91,190
240,1720,100,91,191
240,1730,100,91,191
240,1740,100,92,192
240,1750,100,92,192
240,1760,101,92,193
240,1770,103,92,195
240,1780,103,92,195
240,1790,105,93,198
240,1800,106,93,199
240,1810,106,94,200
240,1820,106,94,200
240,1830,107,95,202
240,1840,108,95,203
240,1850,108,95,203
240,1860,110,96,206
240,1870,110,96,206
240,1880,110,96,206
240,1890,111,96,207
240,1900,114,96,210
240,1910,114,96,210
240,1920,115,97,212
240,1930,115,98,213
240,1940,115,99,214
240,1950,115,100,215
240,1960,115,100,215
240,1970,116,101,217
240,1980,116,103,219
240,1990,117,103,220
250,250,0,1,1
250,260,1,2,3
250,270,2,2,4
250,280,3,2,5
250,290,4,2,6
250,300,5,2,7
250,310,5,2,7
250,320,6,3,9
250,330,6,3,9
250,340,7,3,10
250,350,8,3,11
250,360,8,4,12
250,370,9,7,16
250,380,10,7,17
250,390,12,7,19
250,400,14,7,21
250,410,16,7,23
250,420,16,7,23
250,430,17,7,24
250,440,17,7,24
250,450,17,7,24
250,460,18,7,25
250,470,19,7,26
250,480,21,9,30
250,490,22,9,31
250,500,23,9,32
250,510,23,9,32
250,520,23,10,33
250,530,23,10,33
250,540,23,10,33
250,550,24,11,35
250,560,24,11,35
250,570,24,11,35
250,580,24,11,35
250,590,24,13,37
250,600,25,13,38
250,610,25,16,41
250,620,26,17,43
250,630,28,18,46
250,640,30,18,48
250,650,30,18,48
250,660,31,18,49
250,670,31,19,50
250,680,31,20,51
250,690,32,20,52
250,700,32,20,52
250,710,32,20,52
250,720,33,20,53
250,730,34,23,57
250,740,35,24,59
250,750,35,25,60
250,760,36,26,62
250,770,37,26,63
250,780,37,26,63
250,790,37,26,63
250,800,37,26,63
250,810,37,27,64
250,820,37,30,67
250,830,37,30,67
250,840,38,32,70
250,850,41,33,74
250,860,41,33,74
250,870,41,33,74
250,880,42,33,75
250,890,43,34,77
250,900,44,35,79
250,910,45,36,81
250,920,46,36,82
250,930,46,38,84
250,940,47,39,86
250,950,47,40,87
250,960,47,42,89
250,970,47,42,89
250,980,47,45,92
250,990,47,46,93
250,1000,48,46,94
250,1010,50,46,96
250,1020,53,46,99
250,1030,53,48,101
250,1040,54,48,102
250,1050,54,49,103
250,1060,54,49,103
250,1070,54,50,104
250,1080,54,50,104
250,1090,55,51,106
250,1100,56,51,107
250,1110,57,53,110
250,1120,58,53,111
250,1130,60,53,113
250,1140,64,53,117
250,1150,64,54,118
250,1160,66,55,121
250,1170,66,56,122
250,1180,67,57,124
250,1190,67,57,124
250,1200,67,58,125
250,1210,67,59,126
250,1220,67,59,126
250,1230,67,60,127
250,1240,67,60,127
250,1250,68,61,129
250,1260,68,62,130
250,1270,69,63,132
250,1280,69,63,132
250,1290,70,64,134
250,1300,71,64,135
250,1310,72,66,138
250,1320,72,67,139
250,1330,73,67,140
250,1340,74,68,142
250,1350,74,70,144
250,1360,75,71,146
250,1370,77,72,149
250,1380,78,73,151
250,1390,80,73,153
250,1400,80,73,153
250,1410,81,73,154
250,1420,82,73,155
250,1430,82,74,156
250,1440,83,74,157
250,1450,84,75,159
250,1460,84,75,159
250,1470,84,76,160
250,1480,85,76,161
250,1490,85,76,161
250,1500,85,78,163
250,1510,86,78,164
250,1520,87,79,166
250,1530,89,79,168
250,1540,89,79,168
250,1550,90,79,169
250,1560,90,79,169
250,1570,90,81,171
250,1580,90,81,171
250,1590,91,81,172
250,1600,92,82,174
250,1610,93,82,175
250,1620,93,82,175
250,1630,93,82,175
250,1640,94,83,177
250,1650,97,86,183
250,1660,97,87,184
250,1670,97,87,184
250,1680,98,88,186
250,1690,99,88,187
250,1700,99,88,187
250,1710,99,89,188
250,1720,100,89,189
250,1730,100,89,189
250,1740,100,90,190
250,1750,100,90,190
250,1760,101,90,191
250,1770,103,90,193
250,1780,103,90,193
250,1790,105,91,196
250,1800,106,91,197
250,1810,106,92,198
250,1820,106,92,198
250,1830,107,93,200
250,1840,108,93,201
250,1850,108,93,201
250,1860,110,94,204
250,1870,110,94,204
250,1880,110,94,204
250,1890,111,94,205
250,1900,114,94,208
250,1910,114,94,208
250,1920,115,95,210
250,1930,115,96,211
250,1940,115,97,212
250,1950,115,98,213
250,1960,115,98,213
250,1970,116,99,215
250,1980,116,101,217
250,1990,117,101,218
260,260,0,0,0
260,270,1,0,1
260,280,2,0,2
260,290,3,0,3
260,300,4,0,4
260,310,4,0,4
260,320,5,1,6
260,330,5,1,6
260,340,6,1,7
260,350,7,1,8
260,360,7,2,9
260,370,8,5,13
260,380,9,5,14
260,390,11,5,16
260,400,13,5,18
260,410,15,5,20
260,420,15,5,20
260,430,16,5,21
260,440,16,5,21
260,450,16,5,21
260,460,17,5,22
260,470,18,5,23
260,480,20,7,27
260,490,21,7,28
260,500,22,7,29
260,510,22,7,29
260,520,22,8,30
260,530,22,8,30
260,540,22,8,30
260,550,23,9,32
260,560,23,9,32
260,570,23,9,32
260,580,23,9,32
260,590,23,11,34
260,600,24,11,35
260,610,24,14,38
260,620,25,15,40
260,630,27,16,43
260,640,29,16,45
260,650,29,16,45
260,660,30,16,46
260,670,30,17,47
260,680,30,18,48
260,690,31,18,49
260,700,31,18,49
260,710,31,18,49
260,720,32,18,50
260,730,33,21,54
260,740,34,22,56
260,750,34,23,57
260,760,35,24,59
260,770,36,24,60
260,780,36,24,60
260,790,36,24,60
260,800,36,24,60
260,810,36,25,61
260,820,36,28,64
260,830,36,28,64
260,840,37,30,67
260,850,40,31,71
260,860,40,31,71
260,870,40,31,71
260,880,41,31,72
260,890,42,32,74
260,900,43,33,76
260,910,44,34,78
260,920,45,34,79
260,930,45,36,81
260,940,46,37,83
260,950,46,38,84
260,960,46,40,86
260,970,46,40,86
260,980,46,43,89
260,990,46,44,90
260,1000,47,44,91
260,1010,49,44,93
260,1020,52,44,96
260,1030,52,46,98
260,1040,53,46,99
260,1050,53,47,100
260,1060,53,47,100
260,1070,53,48,101
260,1080,53,48,101
260,1090,54,49,103
260,1100,55,49,104
260,1110,56,51,107
260,1120,57,51,108
260,1130,59,51,110
260,1140,63,51,114
260,1150,63,52,115
260,1160,65,53,118
260,1170,65,54,119
260,1180,66,55,121
260,1190,66,55,121
260,1200,66,56,122
260,1210,66,57,123
260,1220,66,57,123
260,1230,66,58,124
260,1240,66,58,124
260,1250,67,59,126
260,1260,67,60,127
260,1270,68,61,129
260,1280,68,61,129
260,1290,69,62,131
260,1300,70,62,132
260,1310,71,64,135
260,1320,71,65,136
260,1330,72,65,137
260,1340,73,66,139
260,1350,73,68,141
260,1360,74,69,143
260,1370,76,70,146
260,1380,77,71,148
260,1390,79,71,150
260,1400,79,71,150
260,1410,80,71,151
260,1420,81,71,152
260,1430,81,72,153
260,1440,82,72,154
260,1450,83,73,156
260,1460,83,73,156
260,1470,83,74,157
260,1480,84,74,158
260,1490,84,74,158
260,1500,84,76,160
260,1510,85,76,161
260,1520,86,77,163
260,1530,88,77,165
260,1540,88,77,165
260,1550,89,77,166
260,1560,89,77,166
260,1570,89,79,168
260,1580,89,79,168
260,1590,90,79,169
260,1600,91,80,171
260,1610,92,80,172
260,1620,92,80,172
260,1630,92,80,172
260,1640,93,81,174
260,1650,96,84,180
260,1660,96,85,181
260,1670,96,85,181
260,1680,97,86,183
260,1690,98,86,184
260,1700,98,86,184
260,1710,98,87,185
260,1720,99,87,186
260,1730,99,87,186
260,1740,99,88,187
260,1750,99,88,187
260,1760,100,88,188
260,1770,102,88,190
260,1780,102,88,190
260,1790,104,89,193
260,1800,105,89,194
260,1810,105,90,195
260,1820,105,90,195
260,1830,106,91,197
260,1840,107,91,198
260,1850,107,91,198
260,1860,109,92,201
260,1870,109,92,201
260,1880,109,92,201
260,1890,110,92,202
260,1900,113,92,205
260,1910,113,92,205
260,1920,114,93,207
260,1930,114,94,208
260,1940,114,95,209
260,1950,114,96,210
260,1960,114,96,210
260,1970,115,97,212
260,1980,115,99,214
260,1990,116,99,215
270,270,0,0,0
270,280,1,0,1
270,290,2,0,2
270,300,3,0,3
270,310,3,0,3
270,320,4,1,5
270,330,4,1,5
270,340,5,1,6
270,350,6,1,7
270,360,6,2,8
270,370,7,5,12
270,380,8,5,13
270,390,10,5,15
270,400,12,5,17
270,410,14,5,19
270,420,14,5,19
270,430,15,5,20
270,440,15,5,20
270,450,15,5,20
270,460,16,5,21
270,470,17,5,22
270,480,19,7,26
270,490,20,7,27
270,500,21,7,28
270,510,21,7,28
270,520,21,8,29
270,530,21,8,29
270,540,21,8,29
270,550,22,9,31
270,560,22,9,31
270,570,22,9,31
270,580,22,9,31
270,590,22,11,33
270,600,23,11,34
270,610,23,14,37
270,620,24,15,39
270,630,26,16,42
270,640,28,16,44
270,650,28,16,44
270,660,29,16,45
270,670,29,17,46
270,680,29,18,47
270,690,30,18,48
270,700,30,18,48
270,710,30,18,48
270,720,31,18,49
270,730,32,21,53
270,740,33,22,55
270,750,33,23,56
270,760,34,24,58
270,770,35,24,59
270,780,35,24,59
270,790,35,24,59
270,800,35,24,59
270,810,35,25,60
270,820,35,28,63
270,830,35,28,63
270,840,36,30,66
270,850,39,31,70
270,860,39,31,70
270,870,39,31,70
270,880,40,31,71
270,890,41,32,73
270,900,42,33,75
270,910,43,34,77
270,920,44,34,78
270,930,44,36,80
270,940,45,37,82
270,950,45,38,83
270,960,45,40,85
270,970,45,40,85
270,980,45,43,88
270,990,45,44,89
270,1000,46,44,90
270,1010,48,44,92
270,1020,51,44,95
270,1030,51,46,97
270,1040,52,46,98
270,1050,52,47,99
270,1060,52,47,99
270,1070,52,48,100
270,1080,52,48,100
270,1090,53,49,102
270,1100,54,49,103
270,1110,55,51,106
270,1120,56,51,107
270,1130,58,51,109
270,1140,62,51,113
270,1150,62,52,114
270,1160,64,53,117
270,1170,64,54,118
270,1180,65,55,120
270,1190,65,55,120
270,1200,65,56,121
270,1210,65,57,122
270,1220,65,57,122
270,1230,65,58,123
270,1240,65,58,123
270,1250,66,59,125
270,1260,66,60,126
270,1270,67,61,128
270,1280,67,61,128
270,1290,68,62,130
270,1300,69,62,131
270,1310,70,64,134
270,1320,70,65,135
270,1330,71,65,136
270,1340,72,66,138
270,1350,72,68,140
270,1360,73,69,142
270,1370,75,70,145
270,1380,76,71,147
270,1390,78,71,149
270,1400,78,71,149
270,1410,79,71,150
270,1420,80,71,151
270,1430,80,72,152
270,1440,81,72,153
270,1450,82,73,155
270,1460,82,73,155
270,1470,82,74,156
270,1480,83,74,157
270,1490,83,74,157
270,1500,83,76,159
270,1510,84,76,160
270,1520,85,77,162
270,1530,87,77,164
270,1540,87,77,164
270,1550,88,77,165
270,1560,88,77,165
270,1570,88,79,167
270,1580,88,79,167
270,1590,89,79,168
270,1600,90,80,170
270,1610,91,80,171
270,1620,91,80,171
270,1630,91,80,171
270,1640,92,81,173
270,1650,95,84,179
270,1660,95,85,180
270,1670,95,85,180
270,1680,96,86,182
270,1690,97,86,183
270,1700,97,86,183
270,1710,97,87,184
270,1720,98,87,185
270,1730,98,87,185
270,1740,98,88,186
270,1750,98,88,186
270,1760,99,88,187
270,1770,101,88,189
270,1780,101,88,189
270,1790,103,89,192
270,1800,104,89,193
270,1810,104,90,194
270,1820,104,90,194
270,1830,105,91,196
270,1840,106,91,197
270,1850,106,91,197
270,1860,108,92,200
270,1870,108,92,200
270,1880,108,92,200
270,1890,109,92,201
270,1900,112,92,204
270,1910,112,92,204
270,1920,113,93,206
270,1930,113,94,207
270,1940,113,95,208
270,1950,113,96,209
270,1960,113,96,209
270,1970,114,97,211
270,1980,114,99,213
270,1990,115,99,214
280,280,0,0,0
280,290,1,0,1
280,300,2,0,2
280,310,2,0,2
280,320,3,1,4
280,330,3,1,4
280,340,4,1,5
280,350,5,1,6
280,360,5,2,7
280,370,6,5,11
280,380,7,5,12
280,390,9,5,14
280,400,11,5,16
280,410,13,5,18
280,420,13,5,18
280,430,14,5,19
280,440,14,5,19
280,450,14,5,19
280,460,15,5,20
280,470,16,5,21
280,480,18,7,25
280,490,19,7,26
280,500,20,7,27
280,510,20,7,27
280,520,20,8,28
280,530,20,8,28
280,540,20,8,28
280,550,21,9,30
280,560,21,9,30
280,570,21,9,30
280,580,21,9,30
280,590,21,11,32
280,600,22,11,33
280,610,22,14,36
280,620,23,15,38
280,630,25,16,41
280,640,27,16,43
280,650,27,16,43
280,660,28,16,44
280,670,28,17,45
280,680,28,18,46
280,690,29,18,47
280,700,29,18,47
280,710,29,18,47
280,720,30,18,48
280,730,31,21,52
280,740,32,22,54
280,750,32,23,55
280,760,33,24,57
280,770,34,24,58
280,780,34,24,58
280,790,34,24,58
280,800,34,24,58
280,810,34,25,59
280,820,34,28,62
280,830,34,28,62
280,840,35,30,65
280,850,38,31,69
280,860,38,31,69
280,870,38,31,69
280,880,39,31,70
280,890,40,32,72
280,900,41,33,74
280,910,42,34,76
280,920,43,34,77
280,930,43,36,79
280,940,44,37,81
280,950,44,38,82
280,960,44,40,84
280,970,44,40,84
280,980,44,43,87
280,990,44,44,88
280,1000,45,44,89
280,1010,47,44,91
280,1020,50,44,94
280,1030,50,46,96
280,1040,51,46,97
280,1050,51,47,98
280,1060,51,47,98
280,1070,51,48,99
280,1080,51,48,99
280,1090,52,49,101
280,1100,53,49,102
280,1110,54,51,105
280,1120,55,51,106
280,1130,57,51,108
280,1140,61,51,112
280,1150,61,52,113
280,1160,63,53,116
280,1170,63,54,117
280,1180,64,55,119
280,1190,64,55,119
280,1200,64,56,120
280,1210,64,57,121
280,1220,64,57,121
280,1230,64,58,122
280,1240,64,58,122
280,1250,65,59,124
280,1260,65,60,125
280,1270,66,61,127
280,1280,66,61,127
280,1290,67,62,129
280,1300,68,62,130
280,1310,69,64,133
280,1320,69,65,134
280,1330,70,65,135
280,1340,71,66,137
280,1350,71,68,139
280,1360,72,69,141
280,1370,74,70,144
280,1380,75,71,146
280,1390,77,71,148
280,1400,77,71,148
280,1410,78,71,149
280,1420,79,71,150
280,1430,79,72,151
280,1440,80,72,152
280,1450,81,73,154
280,1460,81,73,154
280,1470,81,74,155
280,1480,82,74,156
280,1490,82,74,156
280,1500,82,76,158
280,1510,83,76,159
280,1520,84,77,161
280,1530,86,77,163
280,1540,86,77,163
280,1550,87,77,164
280,1560,87,77,164
280,1570,87,79,166
280,1580,87,79,166
280,1590,88,79,167
280,1600,89,80,169
280,1610,90,80,170
280,1620,90,80,170
280,1630,90,80,170
280,1640,91,81,172
280,1650,94,84,178
280,1660,94,85,179
280,1670,94,85,179
280,1680,95,86,181
280,1690,96,86,182
280,1700,96,86,182
280,1710,96,87,183
280,1720,97,87,184
280,1730,97,87,184
280,1740,97,88,185
280,1750,97,88,185
280,1760,98,88,186
280,1770,100,88,188
280,1780,100,88,188
280,1790,102,89,191
280,1800,103,89,192
280,1810,103,90,193
280,1820,103,90,193
280,1830,104,91,195
280,1840,105,91,196
280,1850,105,91,196
280,1860,107,92,199
280,1870,107,92,199
280,1880,107,92,199
280,1890,108,92,200
280,1900,111,92,203
280,1910,111,92,203
280,1920,112,93,205
280,1930,112,94,206
280,1940,112,95,207
280,1950,112,96,208
280,1960,112,96,208
280,1970,113,97,210
280,1980,113,99,212
280,1990,114,99,213
290,290,0,0,0
290,300,1,0,1
290,310,1,0,1
290,320,2,1,3
290,330,2,1,3
290,340,3,1,4
290,350,4,1,5
290,360,4,2,6
290,370,5,5,10
290,380,6,5,11
290,390,8,5,13
290,400,10,5,15
290,410,12,5,17
290,420,12,5,17
290,430,13,5,18
290,440,13,5,18
290,450,13,5,18
290,460,14,5,19
290,470,15,5,20
290,480,17,7,24
290,490,18,7,25
290,500,19,7,26
290,510,19,7,26
290,520,19,8,27
290,530,19,8,27
290,540,19,8,27
290,550,20,9,29
290,560,20,9,29
290,570,20,9,29
290,580,20,9,29
290,590,20,11,31
290,600,21,11,32
290,610,21,14,35
290,620,22,15,37
290,630,24,16,40
290,640,26,16,42
290,650,26,16,42
290,660,27,16,43
290,670,27,17,44
290,680,27,18,45
290,690,28,18,46
290,700,28,18,46
290,710,28,18,46
290,720,29,18,47
290,730,30,21,51
290,740,31,22,53
290,750,31,23,54
290,760,32,24,56
290,770,33,24,57
290,780,33,24,57
290,790,33,24,57
290,800,33,24,57
290,810,33,25,58
290,820,33,28,61
290,830,33,28,61
290,840,34,30,64
290,850,37,31,68
290,860,37,31,68
290,870,37,31,68
290,880,38,31,69
290,890,39,32,71
290,900,40,33,73
290,910,41,34,75
290,920,42,34,76
290,930,42,36,78
290,940,43,37,80
290,950,43,38,81
290,960,43,40,83
290,970,43,40,83
290,980,43,43,86
290,990,43,44,87
290,1000,44,44,88
290,1010,46,44,90
290,1020,49,44,93
290,1030,49,46,95
290,1040,50,46,96
290,1050,50,47,97
290,1060,50,47,97
290,1070,50,48,98
290,1080,50,48,98
290,1090,51,49,100
290,1100,52,49,101
290,1110,53,51,104
290,1120,54,51,105
290,1130,56,51,107
290,1140,60,51,111
290,1150,60,52,112
290,1160,62,53,115
290,1170,62,54,116
290,1180,63,55,118
290,1190,63,55,118
290,1200,63,56,119
290,1210,63,57,120
290,1220,63,57,120
290,1230,63,58,121
290,1240,63,58,121
290,1250,64,59,123
290,1260,64,60,124
290,1270,65,61,126
290,1280,65,61,126
290,1290,66,62,128
290,1300,67,62,129
290,1310,68,64,132
290,1320,68,65,133
290,1330,69,65,134
290,1340,70,66,136
290,1350,70,68,138
290,1360,71,69,140
290,1370,73,70,143
290,1380,74,71,145
290,1390,76,71,147
290,1400,76,71,147
290,1410,77,71,148
290,1420,78,71,149
290,1430,78,72,150
290,1440,79,72,151
290,1450,80,73,153
290,1460,80,73,153
290,1470,80,74,154
290,1480,81,74,155
290,1490,81,74,155
290,1500,81,76,157
290,1510,82,76,158
290,1520,83,77,160
290,1530,85,77,162
290,1540,85,77,162
290,1550,86,77,163
290,1560,86,77,163
290,1570,86,79,165
290,1580,86,79,165
290,1590,87,79,166
290,1600,88,80,168
290,1610,89,80,169
290,1620,89,80,169
290,1630,89,80,169
290,1640,90,81,171
290,1650,93,84,177
290,1660,93,85,178
290,1670,93,85,178
290,1680,94,86,180
290,1690,95,86,181
290,1700,95,86,181
290,1710,95,87,182
290,1720,96,87,183
290,1730,96,87,183
290,1740,96,88,184
290,1750,96,88,184
290,1760,97,88,185
290,1770,99,88,187
290,1780,99,88,187
290,1790,101,89,190
290,1800,102,89,191
290,1810,102,90,192
290,1820,102,90,192
290,1830,103,91,194
290,1840,104,91,195
290,1850,104,91,195
290,1860,106,92,198
290,1870,106,92,198
290,1880,106,92,198
290,1890,107,92,199
290,1900,110,92,202
290,1910,110,92,202
290,1920,111,93,204
290,1930,111,94,205
290,1940,111,95,206
290,1950,111,96,207
290,1960,111,96,207
290,1970,112,97,209
290,1980,112,99,211
290,1990,113,99,212
300,300,0,0,0
300,310,0,0,0
300,320,1,1,2
300,330,1,1,2
300,340,2,1,3
300,350,3,1,4
300,360,3,2,5
300,370,4,5,9
300,380,5,5,10
300,390,7,5,12
300,400,9,5,14
300,410,11,5,16
300,420,11,5,16
300,430,12,5,17
300,440,12,5,17
300,450,12,5,17
300,460,13,5,18
300,470,14,5,19
300,480,16,7,23
300,490,17,7,24
300,500,18,7,25
300,510,18,7,25
300,520,18,8,26
300,530,18,8,26
300,540,18,8,26
300,550,19,9,28
300,560,19,9,28
300,570,19,9,28
300,580,19,9,28
300,590,19,11,30
300,600,20,11,31
300,610,20,14,34
300,620,21,15,36
300,630,23,16,39
300,640,25,16,41
300,650,25,16,41
300,660,26,16,42
300,670,26,17,43
300,680,26,18,44
300,690,27,18,45
300,700,27,18,45
300,710,27,18,45
300,720,28,18,46
300,730,29,21,50
300,740,30,22,52
300,750,30,23,53
300,760,31,24,55
300,770,32,24,56
300,780,32,24,56
300,790,32,24,56
300,800,32,24,56
300,810,32,25,57
300,820,32,28,60
300,830,32,28,60
300,840,33,30,63
300,850,36,31,67
300,860,36,31,67
300,870,36,31,67
300,880,37,31,68
300,890,38,32,70
300,900,39,33,72
300,910,40,34,74
300,920,41,34,75
300,930,41,36,77
300,940,42,37,79
300,950,42,38,80
300,960,42,40,82
300,970,42,40,82
300,980,42,43,85
300,990,42,44,86
300,1000,43,44,87
300,1010,45,44,89
300,1020,48,44,92
300,1030,48,46,94
300,1040,49,46,95
300,1050,49,47,96
300,1060,49,47,96
300,1070,49,48,97
300,1080,49,48,97
300,1090,50,49,99
300,1100,51,49,100
300,1110,52,51,103
300,1120,53,51,104
300,1130,55,51,106
300,1140,59,51,110
300,1150,59,52,111
300,1160,61,53,114
300,1170,61,54,115
300,1180,62,55,117
300,1190,62,55,117
300,1200,62,56,118
300,1210,62,57,119
300,1220,62,57,119
300,1230,62,58,120
300,1240,62,58,120
300,1250,63,59,122
300,1260,63,60,123
300,1270,64,61,125
300,1280,64,61,125
300,1290,65,62,127
300,1300,66,62,128
300,1310,67,64,131
300,1320,67,65,132
300,1330,68,65,133
300,1340,69,66,135
300,1350,69,68,137
300,1360,70,69,139
300,1370,72,70,142
300,1380,73,71,144
300,1390,75,71,146
300,1400,75,71,146
300,1410,76,71,147
300,1420,77,71,148
300,1430,77,72,149
300,1440,78,72,150
300,1450,79,73,152
300,1460,79,73,152
300,1470,79,74,153
300,1480,80,74,154
300,1490,80,74,154
300,1500,80,76,156
300,1510,81,76,157
300,1520,82,77,159
300,1530,84,77,161
300,1540,84,77,161
300,1550,85,77,162
300,1560,85,77,162
300,1570,85,79,164
300,1580,85,79,164
300,1590,86,79,165
300,1600,87,80,167
300,1610,88,80,168
300,1620,88,80,168
300,1630,88,80,168
300,1640,89,81,170
300,1650,92,84,176
300,1660,92,85,177
300,1670,92,85,177
300,1680,93,86,179
300,1690,94,86,180
300,1700,94,86,180
300,1710,94,87,181
300,1720,95,87,182
300,1730,95,87,182
300,1740,95,88,183
300,1750,95,88,183
300,1760,96,88,184
300,1770,98,88,186
300,1780,98,88,186
300,1790,100,89,189
300,1800,101,89,190
300,1810,101,90,191
300,1820,101,90,191
300,1830,102,91,193
300,1840,103,91,194
300,1850,103,91,194
300,1860,105,92,197
300,1870,105,92,197
300,1880,105,92,197
300,1890,106,92,198
300,1900,109,92,201
300,1910,109,92,201
300,1920,110,93,203
300,1930,110,94,204
300,1940,110,95,205
300,1950,110,96,206
300,1960,110,96,206
300,1970,111,97,208
300,1980,111,99,210
300,1990,112,99,211
310,310,0,0,0
310,320,1,1,2
310,330,1,1,2
310,340,2,1,3
310,350,3,1,4
310,360,3,2,5
310,370,4,5,9
310,380,5,5,10
310,390,7,5,12
310,400,9,5,14
310,410,11,5,16
310,420,11,5,16
310,430,12,5,17
310,440,12,5,17
310,450,12,5,17
310,460,13,5,18
310,470,14,5,19
310,480,16,7,23
310,490,17,7,24
310,500,18,7,25
310,510,18,7,25
310,520,18,8,26
310,530,18,8,26
310,540,18,8,26
310,550,19,9,28
310,560,19,9,28
310,570,19,9,28
310,580,19,9,28
310,590,19,11,30
310,600,20,11,31
310,610,20,14,34
310,620,21,15,36
310,630,23,16,39
310,640,25,16,41
310,650,25,16,41
310,660,26,16,42
310,670,26,17,43
310,680,26,18,44
310,690,27,18,45
310,700,27,18,45
310,710,27,18,45
310,720,28,18,46
310,730,29,21,50
310,740,30,22,52
310,750,30,23,53
310,760,31,24,55
310,770,32,24,56
310,780,32,24,56
310,790,32,24,56
310,800,32,24,56
310,810,32,25,57
310,820,32,28,60
310,830,32,28,60
310,840,33,30,63
310,850,36,31,67
310,860,36,31,67
310,870,36,31,67
310,880,37,31,68
310,890,38,32,70
310,900,39,33,72
310,910,40,34,74
310,920,41,34,75
310,930,41,36,77
310,940,42,37,79
310,950,42,38,80
310,960,42,40,82
310,970,42,40,82
310,980,42,43,85
310,990,42,44,86
310,1000,43,44,87
310,1010,45,44,89
310,1020,48,44,92
310,1030,48,46,94
310,1040,49,46,95
310,1050,49,47,96
310,1060,49,47,96
310,1070,49,48,97
310,1080,49,48,97
310,1090,50,49,99
310,1100,51,49,100
310,1110,52,51,103
310,1120,53,51,104
310,1130,55,51,106
310,1140,59,51,110
310,1150,59,52,111
310,1160,61,53,114
310,1170,61,54,115
310,1180,62,55,117
310,1190,62,55,117
310,1200,62,56,118
310,1210,62,57,119
310,1220,62,57,119
310,1230,62,58,120
310,1240,62,58,120
310,1250,63,59,122
310,1260,63,60,123
310,1270,64,61,125
310,1280,64,61,125
310,1290,65,62,127
310,1300,66,62,128
310,1310,67,64,131
310,1320,67,65,132
310,1330,68,65,133
310,1340,69,66,135
310,1350,69,68,137
310,1360,70,69,139
310,1370,72,70,142
310,1380,73,71,144
310,1390,75,71,146
310,1400,75,71,146
310,1410,76,71,147
310,1420,77,71,148
310,1430,77,72,149
310,1440,78,72,150
310,1450,79,73,152
310,1460,79,73,152
310,1470,79,74,153
310,1480,80,74,154
310,1490,80,74,154
310,1500,80,76,156
310,1510,81,76,157
310,1520,82,77,159
310,1530,84,77,161
310,1540,84,77,161
310,1550,85,77,162
310,1560,85,77,162
310,1570,85,79,164
310,1580,85,79,164
310,1590,86,79,165
310,1600,87,80,167
310,1610,88,80,168
310,1620,88,80,168
310,1630,88,80,168
310,1640,89,81,170
310,1650,92,84,176
310,1660,92,85,177
310,1670,92,85,177
310,1680,93,86,179
310,1690,94,86,180
310,1700,94,86,180
310,1710,94,87,181
310,1720,95,87,182
310,1730,95,87,182
310,1740,95,88,183
310,1750,95,88,183
310,1760,96,88,184
310,1770,98,88,186
310,1780,98,88,186
310,1790,100,89,189
310,1800,101,89,190
310,1810,101,90,191
310,1820,101,90,191
310,1830,102,91,193
310,1840,103,91,194
310,1850,103,91,194
310,1860,105,92,197
310,1870,105,92,197
310,1880,105,92,197
310,1890,106,92,198
310,1900,109,92,201
310,1910,109,92,201
310,1920,110,93,203
310,1930,110,94,204
310,1940,110,95,205
310,1950,110,96,206
310,1960,110,96,206
310,1970,111,97,208
310,1980,111,99,210
310,1990,112,99,211
320,320,1,0,1
320,330,1,0,1
320,340,2,0,2
320,350,3,0,3
320,360,3,1,4
320,370,4,4,8
320,380,5,4,9
320,390,7,4,11
320,400,9,4,13
320,410,11,4,15
320,420,11,4,15
320,430,12,4,16
320,440,12,4,16
320,450,12,4,16
320,460,13,4,17
320,470,14,4,18
320,480,16,6,22
320,490,17,6,23
320,500,18,6,24
320,510,18,6,24
320,520,18,7,25
320,530,18,7,25
320,540,18,7,25
320,550,19,8,27
320,560,19,8,27
320,570,19,8,27
320,580,19,8,27
320,590,19,10,29
320,600,20,10,30
320,610,20,13,33
320,620,21,14,35
320,630,23,15,38
320,640,25,15,40
320,650,25,15,40
320,660,26,15,41
320,670,26,16,42
320,680,26,17,43
320,690,27,17,44
320,700,27,17,44
320,710,27,17,44
320,720,28,17,45
320,730,29,20,49
320,740,30,21,51
320,750,30,22,52
320,760,31,23,54
320,770,32,23,55
320,780,32,23,55
320,790,32,23,55
320,800,32,23,55
320,810,32,24,56
320,820,32,27,59
320,830,32,27,59
320,840,33,29,62
320,850,36,30,66
320,860,36,30,66
320,870,36,30,66
320,880,37,30,67
320,890,38,31,69
320,900,39,32,71
320,910,40,33,73
320,920,41,33,74
320,930,41,35,76
320,940,42,36,78
320,950,42,37,79
320,960,42,39,81
320,970,42,39,81
320,980,42,42,84
320,990,42,43,85
320,1000,43,43,86
320,1010,45,43,88
320,1020,48,43,91
320,1030,48,45,93
320,1040,49,45,94
320,1050,49,46,95
320,1060,49,46,95
320,1070,49,47,96
320,1080,49,47,96
320,1090,50,48,98
320,1100,51,48,99
320,1110,52,50,102
320,1120,53,50,103
320,1130,55,50,105
320,1140,59,50,109
320,1150,59,51,110
320,1160,61,52,113
320,1170,61,53,114
320,1180,62,54,116
320,1190,62,54,116
320,1200,62,55,117
320,1210,62,56,118
320,1220,62,56,118
320,1230,62,57,119
320,1240,62,57,119
320,1250,63,58,121
320,1260,63,59,122
320,1270,64,60,124
320,1280,64,60,124
320,1290,65,61,126
320,1300,66,61,127
320,1310,67,63,130
320,1320,67,64,131
320,1330,68,64,132
320,1340,69,65,134
320,1350,69,67,136
320,1360,70,68,138
320,1370,72,69,141
320,1380,73,70,143
320,1390,75,70,145
320,1400,75,70,145
320,1410,76,70,146
320,1420,77,70,147
320,1430,77,71,148
320,1440,78,71,149
320,1450,79,72,151
320,1460,79,72,151
320,1470,79,73,152
320,1480,80,73,153
320,1490,80,73,153
320,1500,80,75,155
320,1510,81,75,156
320,1520,82,76,158
320,1530,84,76,160
320,1540,84,76,160
320,1550,85,76,161
320,1560,85,76,161
320,1570,85,78,163
320,1580,85,78,163
320,1590,86,78,164
320,1600,87,79,166
320,1610,88,79,167
320,1620,88,79,167
320,1630,88,79,167
320,1640,89,80,169
320,1650,92,83,175
320,1660,92,84,176
320,1670,92,84,176
320,1680,93,85,178
320,1690,94,85,179
320,1700,94,85,179
320,1710,94,86,180
320,1720,95,86,181
320,1730,95,86,181
320,1740,95,87,182
320,1750,95,87,182
320,1760,96,87,183
320,1770,98,87,185
320,1780,98,87,185
320,1790,100,88,188
320,1800,101,88,189
320,1810,101,89,190
320,1820,101,89,190
320,1830,102,90,192
320,1840,103,90,193
320,1850,103,90,193
320,1860,105,91,196
320,1870,105,91,196
320,1880,105,91,196
320,1890,106,91,197
320,1900,109,91,200
320,1910,109,91,200
320,1920,110,92,202
320,1930,110,93,203
320,1940,110,94,204
320,1950,110,95,205
320,1960,110,95,205
320,1970,111,96,207
320,1980,111,98,209
320,1990,112,98,210
330,330,0,0,0
330,340,1,0,1
330,350,2,0,2
330,360,2,1,3
330,370,3,4,7
330,380,4,4,8
330,390,6,4,10
330,400,8,4,12
330,410,10,4,14
330,420,10,4,14
330,430,11,4,15
330,440,11,4,15
330,450,11,4,15
330,460,12,4,16
330,470,13,4,17
330,480,15,6,21
330,490,16,6,22
330,500,17,6,23
330,510,17,6,23
330,520,17,7,24
330,530,17,7,24
330,540,17,7,24
330,550,18,8,26
330,560,18,8,26
330,570,18,8,26
330,580,18,8,26
330,590,18,10,28
330,600,19,10,29
330,610,19,13,32
330,620,20,14,34
330,630,22,15,37
330,640,24,15,39
330,650,24,15,39
330,660,25,15,40
330,670,25,16,41
330,680,25,17,42
330,690,26,17,43
330,700,26,17,43
330,710,26,17,43
330,720,27,17,44
330,730,28,20,48
330,740,29,21,50
330,750,29,22,51
330,760,30,23,53
330,770,31,23,54
330,780,31,23,54
330,790,31,23,54
330,800,31,23,54
330,810,31,24,55
330,820,31,27,58
330,830,31,27,58
330,840,32,29,61
330,850,35,30,65
330,860,35,30,65
330,870,35,30,65
330,880,36,30,66
330,890,37,31,68
330,900,38,32,70
330,910,39,33,72
330,920,40,33,73
330,930,40,35,75
330,940,41,36,77
330,950,41,37,78
330,960,41,39,80
330,970,41,39,80
330,980,41,42,83
330,990,41,43,84
330,1000,42,43,85
330,1010,44,43,87
330,1020,47,43,90
330,1030,47,45,92
330,1040,48,45,93
330,1050,48,46,94
330,1060,48,46,94
330,1070,48,47,95
330,1080,48,47,95
330,1090,49,48,97
330,1100,50,48,98
330,1110,51,50,101
330,1120,52,50,102
330,1130,54,50,104
330,1140,58,50,108
330,1150,58,51,109
330,1160,60,52,112
330,1170,60,53,113
330,1180,61,54,115
330,1190,61,54,115
330,1200,61,55,116
330,1210,61,56,117
330,1220,61,56,117
330,1230,61,57,118
330,1240,61,57,118
330,1250,62,58,120
330,1260,62,59,121
330,1270,63,60,123
330,1280,63,60,123
330,1290,64,61,125
330,1300,65,61,126
330,1310,66,63,129
330,1320,66,64,130
330,1330,67,64,131
330,1340,68,65,133
330,1350,68,67,135
330,1360,69,68,137
330,1370,71,69,140
330,1380,72,70,142
330,1390,74,70,144
330,1400,74,70,144
330,1410,75,70,145
330,1420,76,70,146
330,1430,76,71,147
330,1440,77,71,148
330,1450,78,72,150
330,1460,78,72,150
330,1470,78,73,151
330,1480,79,73,152
330,1490,79,73,152
330,1500,79,75,154
330,1510,80,75,155
330,1520,81,76,157
330,1530,83,76,159
330,1540,83,76,159
330,1550,84,76,160
330,1560,84,76,160
330,1570,84,78,162
330,1580,84,78,162
330,1590,85,78,163
330,1600,86,79,165
330,1610,87,79,166
330,1620,87,79,166
330,1630,87,79,166
330,1640,88,80,168
330,1650,91,83,174
330,1660,91,84,175
330,1670,91,84,175
330,1680,92,85,177
330,1690,93,85,178
330,1700,93,85,178
330,1710,93,86,179
330,1720,94,86,180
330,1730,94,86,180
330,1740,94,87,181
330,1750,94,87,181
330,1760,95,87,182
330,1770,97,87,184
330,1780,97,87,184
330,1790,99,88,187
330,1800,100,88,188
330,1810,100,89,189
330,1820,100,89,189
330,1830,101,90,191
330,1840,102,90,192
330,1850,102,90,192
330,1860,104,91,195
330,1870,104,91,195
330,1880,104,91,195
330,1890,105,91,196
330,1900,108,91,199
330,1910,108,91,199
330,1920,109,92,201
330,1930,109,93,202
330,1940,109,94,203
330,1950,109,95,204
330,1960,109,95,204
330,1970,110,96,206
330,1980,110,98,208
330,1990,111,98,209
340,340,0,0,0
340,350,1,0,1
340,360,1,1,2
340,370,2,4,6
340,380,3,4,7
340,390,5,4,9
340,400,7,4,11
340,410,9,4,13
340,420,9,4,13
340,430,10,4,14
340,440,10,4,14
340,450,10,4,14
340,460,11,4,15
340,470,12,4,16
340,480,14,6,20
340,490,15,6,21
340,500,16,6,22
340,510,16,6,22
340,520,16,7,23
340,530,16,7,23
340,540,16,7,23
340,550,17,8,25
340,560,17,8,25
340,570,17,8,25
340,580,17,8,25
340,590,17,10,27
340,600,18,10,28
340,610,18,13,31
340,620,19,14,33
340,630,21,15,36
340,640,23,15,38
340,650,23,15,38
340,660,24,15,39
340,670,24,16,40
340,680,24,17,41
340,690,25,17,42
340,700,25,17,42
340,710,25,17,42
340,720,26,17,43
340,730,27,20,47
340,740,28,21,49
340,750,28,22,50
340,760,29,23,52
340,770,30,23,53
340,780,30,23,53
340,790,30,23,53
340,800,30,23,53
340,810,30,24,54
340,820,30,27,57
340,830,30,27,57
340,840,31,29,60
340,850,34,30,64
340,860,34,30,64
340,870,34,30,64
340,880,35,30,65
340,890,36,31,67
340,900,37,32,69
340,910,38,33,71
340,920,39,33,72
340,930,39,35,74
340,940,40,36,76
340,950,40,37,77
340,960,40,39,79
340,970,40,39,79
340,980,40,42,82
340,990,40,43,83
340,1000,41,43,84
340,1010,43,43,86
340,1020,46,43,89
340,1030,46,45,91
340,1040,47,45,92
340,1050,47,46,93
340,1060,47,46,93
340,1070,47,47,94
340,1080,47,47,94
340,1090,48,48,96
340,1100,49,48,97
340,1110,50,50,100
340,1120,51,50,101
340,1130,53,50,103
340,1140,57,50,107
340,1150,57,51,108
340,1160,59,52,111
340,1170,59,53,112
340,1180,60,54,114
340,1190,60,54,114
340,1200,60,55,115
340,1210,60,56,116
340,1220,60,56,116
340,1230,60,57,117
340,1240,60,57,117
340,1250,61,58,119
340,1260,61,59,120
340,1270,62,60,122
340,1280,62,60,122
340,1290,63,61,124
340,1300,64,61,125
340,1310,65,63,128
340,1320,65,64,129
340,1330,66,64,130
340,1340,67,65,132
340,1350,67,67,134
340,1360,68,68,136
340,1370,70,69,139
340,1380,71,70,141
340,1390,73,70,143
340,1400,73,70,143
340,1410,74,70,144
340,1420,75,70,145
340,1430,75,71,146
340,1440,76,71,147
340,1450,77,72,149
340,1460,77,72,149
340,1470,77,73,150
340,1480,78,73,151
340,1490,78,73,151
340,1500,78,75,153
340,1510,79,75,154
340,1520,80,76,156
340,1530,82,76,158
340,1540,82,76,158
340,1550,83,76,159
340,1560,83,76,159
340,1570,83,78,161
340,1580,83,78,161
340,1590,84,78,162
340,1600,85,79,164
340,1610,86,79,165
340,1620,86,79,165
340,1630,86,79,165
340,1640,87,80,167
340,1650,90,83,173
340,1660,90,84,174
340,1670,90,84,174
340,1680,91,85,176
340,1690,92,85,177
340,1700,92,85,177
340,1710,92,86,178
340,1720,93,86,179
340,1730,93,86,179
340,1740,93,87,180
340,1750,93,87,180
340,1760,94,87,181
340,1770,96,87,183
340,1780,96,87,183
340,1790,98,88,186
340,1800,99,88,187
340,1810,99,89,188
340,1820,99,89,188
340,1830,100,90,190
340,1840,101,90,191
340,1850,101,90,191
340,1860,103,91,194
340,1870,103,91,194
340,1880,103,91,194
340,1890,104,91,195
340,1900,107,91,198
340,1910,107,91,198
340,1920,108,92,200
340,1930,108,93,201
340,1940,108,94,202
340,1950,108,95,203
340,1960,108,95,203
340,1970,109,96,205
340,1980,109,98,207
340,1990,110,98,208
350,350,1,0,1
350,360,1,1,2
350,370,2,4,6
350,380,3,4,7
350,390,5,4,9
350,400,7,4,11
350,410,9,4,13
350,420,9,4,13
350,430,10,4,14
350,440,10,4,14
350,450,10,4,14
350,460,11,4,15
350,470,12,4,16
350,480,14,6,20
350,490,15,6,21
350,500,16,6,22
350,510,16,6,22
350,520,16,7,23
350,530,16,7,23
350,540,16,7,23
350,550,17,8,25
350,560,17,8,25
350,570,17,8,25
350,580,17,8,25
350,590,17,10,27
350,600,18,10,28
350,610,18,13,31
350,620,19,14,33
350,630,21,15,36
350,640,23,15,38
350,650,23,15,38
350,660,24,15,39
350,670,24,16,40
350,680,24,17,41
350,690,25,17,42
350,700,25,17,42
350,710,25,17,42
350,720,26,17,43
350,730,27,20,47
350,740,28,21,49
350,750,28,22,50
350,760,29,23,52
350,770,30,23,53
350,780,30,23,53
350,790,30,23,53
350,800,30,23,53
350,810,30,24,54
350,820,30,27,57
350,830,30,27,57
350,840,31,29,60
350,850,34,30,64
350,860,34,30,64
350,870,34,30,64
350,880,35,30,65
350,890,36,31,67
350,900,37,32,69
350,910,38,33,71
350,920,39,33,72
350,930,39,35,74
350,940,40,36,76
350,950,40,37,77
350,960,40,39,79
350,970,40,39,79
350,980,40,42,82
350,990,40,43,83
350,1000,41,43,84
350,1010,43,43,86
350,1020,46,43,89
350,1030,46,45,91
350,1040,47,45,92
350,1050,47,46,93
350,1060,47,46,93
350,1070,47,47,94
350,1080,47,47,94
350,1090,48,48,96
350,1100,49,48,97
350,1110,50,50,100
350,1120,51,50,101
350,1130,53,50,103
350,1140,57,50,107
350,1150,57,51,108
350,1160,59,52,111
350,1170,59,53,112
350,1180,60,54,114
350,1190,60,54,114
350,1200,60,55,115
350,1210,60,56,116
350,1220,60,56,116
350,1230,60,57,117
350,1240,60,57,117
350,1250,61,58,119
350,1260,61,59,120
350,1270,62,60,122
350,1280,62,60,122
350,1290,63,61,124
350,1300,64,61,125
350,1310,65,63,128
350,1320,65,64,129
350,1330,66,64,130
350,1340,67,65,132
350,1350,67,67,134
350,1360,68,68,136
350,1370,70,69,139
350,1380,71,70,141
350,1390,73,70,143
350,1400,73,70,143
350,1410,74,70,144
350,1420,75,70,145
350,1430,75,71,146
350,1440,76,71,147
350,1450,77,72,149
350,1460,77,72,149
350,1470,77,73,150
350,1480,78,73,151
350,1490,78,73,151
350,1500,78,75,153
350,1510,79,75,154
350,1520,80,76,156
350,1530,82,76,158
350,1540,82,76,158
350,1550,83,76,159
350,1560,83,76,159
350,1570,83,78,161
350,1580,83,78,161
350,1590,84,78,162
350,1600,85,79,164
350,1610,86,79,165
350,1620,86,79,165
350,1630,86,79,165
350,1640,87,80,167
350,1650,90,83,173
350,1660,90,84,174
350,1670,90,84,174
350,1680,91,85,176
350,1690,92,85,177
350,1700,92,85,177
350,1710,92,86,178
350,1720,93,86,179
350,1730,93,86,179
350,1740,93,87,180
350,1750,93,87,180
350,1760,94,87,181
350,1770,96,87,183
350,1780,96,87,183
350,1790,98,88,186
350,1800,99,88,187
350,1810,99,89,188
350,1820,99,89,188
350,1830,100,90,190
350,1840,101,90,191
350,1850,101,90,191
350,1860,103,91,194
350,1870,103,91,194
350,1880,103,91,194
350,1890,104,91,195
350,1900,107,91,198
350,1910,107,91,198
350,1920,108,92,200
350,1930,108,93,201
350,1940,108,94,202
350,1950,108,95,203
350,1960,108,95,203
350,1970,109,96,205
350,1980,109,98,207
350,1990,110,98,208
360,360,0,0,0
360,370,1,3,4
360,380,2,3,5
360,390,4,3,7
360,400,6,3,9
360,410,8,3,11
360,420,8,3,11
360,430,9,3,12
360,440,9,3,12
360,450,9,3,12
360,460,10,3,13
360,470,11,3,14
360,480,13,5,18
360,490,14,5,19
360,500,15,5,20
360,510,15,5,20
360,520,15,6,21
360,530,15,6,21
360,540,15,6,21
360,550,16,7,23
360,560,16,7,23
360,570,16,7,23
360,580,16,7,23
360,590,16,9,25
360,600,17,9,26
360,610,17,12,29
360,620,18,13,31
360,630,20,14,34
360,640,22,14,36
360,650,22,14,36
360,660,23,14,37
360,670,23,15,38
360,680,23,16,39
360,690,24,16,40
360,700,24,16,40
360,710,24,16,40
360,720,25,16,41
360,730,26,19,45
360,740,27,20,47
360,750,27,21,48
360,760,28,22,50
360,770,29,22,51
360,780,29,22,51
360,790,29,22,51
360,800,29,22,51
360,810,29,23,52
360,820,29,26,55
360,830,29,26,55
360,840,30,28,58
360,850,33,29,62
360,860,33,29,62
360,870,33,29,62
360,880,34,29,63
360,890,35,30,65
360,900,36,31,67
360,910,37,32,69
360,920,38,32,70
360,930,38,34,72
360,940,39,35,74
360,950,39,36,75
360,960,39,38,77
360,970,39,38,77
360,980,39,41,80
360,990,39,42,81
360,1000,40,42,82
360,1010,42,42,84
360,1020,45,42,87
360,1030,45,44,89
360,1040,46,44,90
360,1050,46,45,91
360,1060,46,45,91
360,1070,46,46,92
360,1080,46,46,92
360,1090,47,47,94
360,1100,48,47,95
360,1110,49,49,98
360,1120,50,49,99
360,1130,52,49,101
360,1140,56,49,105
360,1150,56,50,106
360,1160,58,51,109
360,1170,58,52,110
360,1180,59,53,112
360,1190,59,53,112
360,1200,59,54,113
360,1210,59,55,114
360,1220,59,55,114
360,1230,59,56,115
360,1240,59,56,115
360,1250,60,57,117
360,1260,60,58,118
360,1270,61,59,120
360,1280,61,59,120
360,1290,62,60,122
360,1300,63,60,123
360,1310,64,62,126
360,1320,64,63,127
360,1330,65,63,128
360,1340,66,64,130
360,1350,66,66,132
360,1360,67,67,134
360,1370,69,68,137
360,1380,70,69,139
360,1390,72,69,141
360,1400,72,69,141
360,1410,73,69,142
360,1420,74,69,143
360,1430,74,70,144
360,1440,75,70,145
360,1450,76,71,147
360,1460,76,71,147
360,1470,76,72,148
360,1480,77,72,149
360,1490,77,72,149
360,1500,77,74,151
360,1510,78,74,152
360,1520,79,75,154
360,1530,81,75,156
360,1540,81,75,156
360,1550,82,75,157
360,1560,82,75,157
360,1570,82,77,159
360,1580,82,77,159
360,1590,83,77,160
360,1600,84,78,162
360,1610,85,78,163
360,1620,85,78,163
360,1630,85,78,163
360,1640,86,79,165
360,1650,89,82,171
360,1660,89,83,172
360,1670,89,83,172
360,1680,90,84,174
360,1690,91,84,175
360,1700,91,84,175
360,1710,91,85,176
360,1720,92,85,177
360,1730,92,85,177
360,1740,92,86,178
360,1750,92,86,178
360,1760,93,86,179
360,1770,95,86,181
360,1780,95,86,181
360,1790,97,87,184
360,1800,98,87,185
360,1810,98,88,186
360,1820,98,88,186
360,1830,99,89,188
360,1840,100,89,189
360,1850,100,89,189
360,1860,102,90,192
360,1870,102,90,192
360,1880,102,90,192
360,1890,103,90,193
360,1900,106,90,196
360,1910,106,90,196
360,1920,107,91,198
360,1930,107,92,199
360,1940,107,93,200
360,1950,107,94,201
360,1960,107,94,201
360,1970,108,95,203
360,1980,108,97,205
360,1990,109,97,206
370,370,0,0,0
370,380,1,0,1
370,390,3,0,3
370,400,5,0,5
370,410,7,0,7
370,420,7,0,7
370,430,8,0,8
370,440,8,0,8
370,450,8,0,8
370,460,9,0,9
370,470,10,0,10
370,480,12,2,14
370,490,13,2,15
370,500,14,2,16
370,510,14,2,16
370,520,14,3,17
370,530,14,3,17
370,540,14,3,17
370,550,15,4,19
370,560,15,4,19
370,570,15,4,19
370,580,15,4,19
370,590,15,6,21
370,600,16,6,22
370,610,16,9,25
370,620,17,10,27
370,630,19,11,30
370,640,21,11,32
370,650,21,11,32
370,660,22,11,33
370,670,22,12,34
370,680,22,13,35
370,690,23,13,36
370,700,23,13,36
370,710,23,13,36
370,720,24,13,37
370,730,25,16,41
370,740,26,17,43
370,750,26,18,44
370,760,27,19,46
370,770,28,19,47
370,780,28,19,47
370,790,28,19,47
370,800,28,19,47
370,810,28,20,48
370,820,28,23,51
370,830,28,23,51
370,840,29,25,54
370,850,32,26,58
370,860,32,26,58
370,870,32,26,58
370,880,33,26,59
370,890,34,27,61
370,900,35,28,63
370,910,36,29,65
370,920,37,29,66
370,930,37,31,68
370,940,38,32,70
370,950,38,33,71
370,960,38,35,73
370,970,38,35,73
370,980,38,38,76
370,990,38,39,77
370,1000,39,39,78
370,1010,41,39,80
370,1020,44,39,83
370,1030,44,41,85
370,1040,45,41,86
370,1050,45,42,87
370,1060,45,42,87
370,1070,45,43,88
370,1080,45,43,88
370,1090,46,44,90
370,1100,47,44,91
370,1110,48,46,94
370,1120,49,46,95
370,1130,51,46,97
370,1140,55,46,101
370,1150,55,47,102
370,1160,57,48,105
370,1170,57,49,106
370,1180,58,50,108
370,1190,58,50,108
370,1200,58,51,109
370,1210,58,52,110
370,1220,58,52,110
370,1230,58,53,111
370,1240,58,53,111
370,1250,59,54,113
370,1260,59,55,114
370,1270,60,56,116
370,1280,60,56,116
370,1290,61,57,118
370,1300,62,57,119
370,1310,63,59,122
370,1320,63,60,123
370,1330,64,60,124
370,1340,65,61,126
370,1350,65,63,128
370,1360,66,64,130
370,1370,68,65,133
370,1380,69,66,135
370,1390,71,66,137
370,1400,71,66,137
370,1410,72,66,138
370,1420,73,66,139
370,1430,73,67,140
370,1440,74,67,141
370,1450,75,68,143
370,1460,75,68,143
370,1470,75,69,144
370,1480,76,69,145
370,1490,76,69,145
370,1500,76,71,147
370,1510,77,71,148
370,1520,78,72,150
370,1530,80,72,152
370,1540,80,72,152
370,1550,81,72,153
370,1560,81,72,153
370,1570,81,74,155
370,1580,81,74,155
370,1590,82,74,156
370,1600,83,75,158
370,1610,84,75,159
370,1620,84,75,159
370,1630,84,75,159
370,1640,85,76,161
370,1650,88,79,167
370,1660,88,80,168
370,1670,88,80,168
370,1680,89,81,170
370,1690,90,81,171
370,1700,90,81,171
370,1710,90,82,172
370,1720,91,82,173
370,1730,91,82,173
370,1740,91,83,174
370,1750,91,83,174
370,1760,92,83,175
370,1770,94,83,177
370,1780,94,83,177
370,1790,96,84,180
370,1800,97,84,181
370,1810,97,85,182
370,1820,97,85,182
370,1830,98,86,184
370,1840,99,86,185
370,1850,99,86,185
370,1860,101,87,188
370,1870,101,87,188
370,1880,101,87,188
370,1890,102,87,189
370,1900,105,87,192
370,1910,105,87,192
370,1920,106,88,194
370,1930,106,89,195
370,1940,106,90,196
370,1950,106,91,197
370,1960,106,91,197
370,1970,107,92,199
370,1980,107,94,201
370,1990,108,94,202
380,380,0,0,0
380,390,2,0,2
380,400,4,0,4
380,410,6,0,6
380,420,6,0,6
380,430,7,0,7
380,440,7,0,7
380,450,7,0,7
380,460,8,0,8
380,470,9,0,9
380,480,11,2,13
380,490,12,2,14
380,500,13,2,15
380,510,13,2,15
380,520,13,3,16
380,530,13,3,16
380,540,13,3,16
380,550,14,4,18
380,560,14,4,18
380,570,14,4,18
380,580,14,4,18
380,590,14,6,20
380,600,15,6,21
380,610,15,9,24
380,620,16,10,26
380,630,18,11,29
380,640,20,11,31
380,650,20,11,31
380,660,21,11,32
380,670,21,12,33
380,680,21,13,34
380,690,22,13,35
380,700,22,13,35
380,710,22,13,35
380,720,23,13,36
380,730,24,16,40
380,740,25,17,42
380,750,25,18,43
380,760,26,19,45
380,770,27,19,46
380,780,27,19,46
380,790,27,19,46
380,800,27,19,46
380,810,27,20,47
380,820,27,23,50
380,830,27,23,50
380,840,28,25,53
380,850,31,26,57
380,860,31,26,57
380,870,31,26,57
380,880,32,26,58
380,890,33,27,60
380,900,34,28,62
380,910,35,29,64
380,920,36,29,65
380,930,36,31,67
380,940,37,32,69
380,950,37,33,70
380,960,37,35,72
380,970,37,35,72
380,980,37,38,75
380,990,37,39,76
380,1000,38,39,77
380,1010,40,39,79
380,1020,43,39,82
380,1030,43,41,84
380,1040,44,41,85
380,1050,44,42,86
380,1060,44,42,86
380,1070,44,43,87
380,1080,44,43,87
380,1090,45,44,89
380,1100,46,44,90
380,1110,47,46,93
380,1120,48,46,94
380,1130,50,46,96
380,1140,54,46,100
380,1150,54,47,101
380,1160,56,48,104
380,1170,56,49,105
380,1180,57,50,107
380,1190,57,50,107
380,1200,57,51,108
380,1210,57,52,109
380,1220,57,52,109
380,1230,57,53,110
380,1240,57,53,110
380,1250,58,54,112
380,1260,58,55,113
380,1270,59,56,115
380,1280,59,56,115
380,1290,60,57,117
380,1300,61,57,118
380,1310,62,59,121
380,1320,62,60,122
380,1330,63,60,123
380,1340,64,61,125
380,1350,64,63,127
380,1360,65,64,129
380,1370,67,65,132
380,1380,68,66,134
380,1390,70,66,136
380,1400,70,66,136
380,1410,71,66,137
380,1420,72,66,138
380,1430,72,67,139
380,1440,73,67,140
380,1450,74,68,142
380,1460,74,68,142
380,1470,74,69,143
380,1480,75,69,144
380,1490,75,69,144
380,1500,75,71,146
380,1510,76,71,147
380,1520,77,72,149
380,1530,79,72,151
380,1540,79,72,151
380,1550,80,72,152
380,1560,80,72,152
380,1570,80,74,154
380,1580,80,74,154
380,1590,81,74,155
380,1600,82,75,157
380,1610,83,75,158
380,1620,83,75,158
380,1630,83,75,158
380,1640,84,76,160
380,1650,87,79,166
380,1660,87,80,167
380,1670,87,80,167
380,1680,88,81,169
380,1690,89,81,170
380,1700,89,81,170
380,1710,89,82,171
380,1720,90,82,172
380,1730,90,82,172
380,1740,90,83,173
380,1750,90,83,173
380,1760,91,83,174
380,1770,93,83,176
380,1780,93,83,176
380,1790,95,84,179
380,1800,96,84,180
380,1810,96,85,181
380,1820,96,85,181
380,1830,97,86,183
380,1840,98,86,184
380,1850,98,86,184
380,1860,100,87,187
380,1870,100,87,187
380,1880,100,87,187
380,1890,101,87,188
380,1900,104,87,191
380,1910,104,87,191
380,1920,105,88,193
380,1930,105,89,194
380,1940,105,90,195
380,1950,105,91,196
380,1960,105,91,196
380,1970,106,92,198
380,1980,106,94,200
380,1990,107,94,201
390,390,0,0,0
390,400,2,0,2
390,410,4,0,4
390,420,4,0,4
390,430,5,0,5
390,440,5,0,5
390,450,5,0,5
390,460,6,0,6
390,470,7,0,7
390,480,9,2,11
390,490,10,2,12
390,500,11,2,13
390,510,11,2,13
390,520,11,3,14
390,530,11,3,14
390,540,11,3,14
390,550,12,4,16
390,560,12,4,16
390,570,12,4,16
390,580,12,4,16
390,590,12,6,18
390,600,13,6,19
390,610,13,9,22
390,620,14,10,24
390,630,16,11,27
390,640,18,11,29
390,650,18,11,29
390,660,19,11,30
390,670,19,12,31
390,680,19,13,32
390,690,20,13,33
390,700,20,13,33
390,710,20,13,33
390,720,21,13,34
390,730,22,16,38
390,740,23,17,40
390,750,23,18,41
390,760,24,19,43
390,770,25,19,44
390,780,25,19,44
390,790,25,19,44
390,800,25,19,44
390,810,25,20,45
390,820,25,23,48
390,830,25,23,48
390,840,26,25,51
390,850,29,26,55
390,860,29,26,55
390,870,29,26,55
390,880,30,26,56
390,890,31,27,58
390,900,32,28,60
390,910,33,29,62
390,920,34,29,63
390,930,34,31,65
390,940,35,32,67
390,950,35,33,68
390,960,35,35,70
390,970,35,35,70
390,980,35,38,73
390,990,35,39,74
390,1000,36,39,75
390,1010,38,39,77
390,1020,41,39,80
390,1030,41,41,82
390,1040,42,41,83
390,1050,42,42,84
390,1060,42,42,84
390,1070,42,43,85
390,1080,42,43,85
390,1090,43,44,87
390,1100,44,44,88
390,1110,45,46,91
390,1120,46,46,92
390,1130,48,46,94
390,1140,52,46,98
390,1150,52,47,99
390,1160,54,48,102
390,1170,54,49,103
390,1180,55,50,105
390,1190,55,50,105
390,1200,55,51,106
390,1210,55,52,107
390,1220,55,52,107
390,1230,55,53,108
390,1240,55,53,108
390,1250,56,54,110
390,1260,56,55,111
390,1270,57,56,113
390,1280,57,56,113
390,1290,58,57,115
390,1300,59,57,116
390,1310,60,59,119
390,1320,60,60,120
390,1330,61,60,121
390,1340,62,61,123
390,1350,62,63,125
390,1360,63,64,127
390,1370,65,65,130
390,1380,66,66,132
390,1390,68,66,134
390,1400,68,66,134
390,1410,69,66,135
390,1420,70,66,136
390,1430,70,67,137
390,1440,71,67,138
390,1450,72,68,140
390,1460,72,68,140
390,1470,72,69,141
390,1480,73,69,142
390,1490,73,69,142
390,1500,73,71,144
390,1510,74,71,145
390,1520,75,72,147
390,1530,77,72,149
390,1540,77,72,149
390,1550,78,72,150
390,1560,78,72,150
390,1570,78,74,152
390,1580,78,74,152
390,1590,79,74,153
390,1600,80,75,155
390,1610,81,75,156
390,1620,81,75,156
390,1630,81,75,156
390,1640,82,76,158
390,1650,85,79,164
390,1660,85,80,165
390,1670,85,80,165
390,1680,86,81,167
390,1690,87,81,168
390,1700,87,81,168
390,1710,87,82,169
390,1720,88,82,170
390,1730,88,82,170
390,1740,88,83,171
390,1750,88,83,171
390,1760,89,83,172
390,1770,91,83,174
390,1780,91,83,174
390,1790,93,84,177
390,1800,94,84,178
390,1810,94,85,179
390,1820,94,85,179
390,1830,95,86,181
390,1840,96,86,182
390,1850,96,86,182
390,1860,98,87,185
390,1870,98,87,185
390,1880,98,87,185
390,1890,99,87,186
390,1900,102,87,189
390,1910,102,87,189
390,1920,103,88,191
390,1930,103,89,192
390,1940,103,90,193
390,1950,103,91,194
390,1960,103,91,194
390,1970,104,92,196
390,1980,104,94,198
390,1990,105,94,199
400,400,0,0,0
400,410,2,0,2
400,420,2,0,2
400,430,3,0,3
400,440,3,0,3
400,450,3,0,3
400,460,4,0,4
400,470,5,0,5
400,480,7,2,9
400,490,8,2,10
400,500,9,2,11
400,510,9,2,11
400,520,9,3,12
400,530,9,3,12
400,540,9,3,12
400,550,10,4,14
400,560,10,4,14
400,570,10,4,14
400,580,10,4,14
400,590,10,6,16
400,600,11,6,17
400,610,11,9,20
400,620,12,10,22
400,630,14,11,25
400,640,16,11,27
400,650,16,11,27
400,660,17,11,28
400,670,17,12,29
400,680,17,13,30
400,690,18,13,31
400,700,18,13,31
400,710,18,13,31
400,720,19,13,32
400,730,20,16,36
400,740,21,17,38
400,750,21,18,39
400,760,22,19,41
400,770,23,19,42
400,780,23,19,42
400,790,23,19,42
400,800,23,19,42
400,810,23,20,43
400,820,23,23,46
400,830,23,23,46
400,840,24,25,49
400,850,27,26,53
400,860,27,26,53
400,870,27,26,53
400,880,28,26,54
400,890,29,27,56
400,900,30,28,58
400,910,31,29,60
400,920,32,29,61
400,930,32,31,63
400,940,33,32,65
400,950,33,33,66
400,960,33,35,68
400,970,33,35,68
400,980,33,38,71
400,990,33,39,72
400,1000,34,39,73
400,1010,36,39,75
400,1020,39,39,78
400,1030,39,41,80
400,1040,40,41,81
400,1050,40,42,82
400,1060,40,42,82
400,1070,40,43,83
400,1080,40,43,83
400,1090,41,44,85
400,1100,42,44,86
400,1110,43,46,89
400,1120,44,46,90
400,1130,46,46,92
400,1140,50,46,96
400,1150,50,47,97
400,1160,52,48,100
400,1170,52,49,101
400,1180,53,50,103
400,1190,53,50,103
400,1200,53,51,104
400,1210,53,52,105
400,1220,53,52,105
400,1230,53,53,106
400,1240,53,53,106
400,1250,54,54,108
400,1260,54,55,109
400,1270,55,56,111
400,1280,55,56,111
400,1290,56,57,113
400,1300,57,57,114
400,1310,58,59,117
400,1320,58,60,118
400,1330,59,60,119
400,1340,60,61,121
400,1350,60,63,123
400,1360,61,64,125
400,1370,63,65,128
400,1380,64,66,130
400,1390,66,66,132
400,1400,66,66,132
400,1410,67,66,133
400,1420,68,66,134
400,1430,68,67,135
400,1440,69,67,136
400,1450,70,68,138
400,1460,70,68,138
400,1470,70,69,139
400,1480,71,69,140
400,1490,71,69,140
400,1500,71,71,142
400,1510,72,71,143
400,1520,73,72,145
400,1530,75,72,147
400,1540,75,72,147
400,1550,76,72,148
400,1560,76,72,148
400,1570,76,74,150
400,1580,76,74,150
400,1590,77,74,151
400,1600,78,75,153
400,1610,79,75,154
400,1620,79,75,154
400,1630,79,75,154
400,1640,80,76,156
400,1650,83,79,162
400,1660,83,80,163
400,1670,83,80,163
400,1680,84,81,165
400,1690,85,81,166
400,1700,85,81,166
400,1710,85,82,167
400,1720,86,82,168
400,1730,86,82,168
400,1740,86,83,169
400,1750,86,83,169
400,1760,87,83,170
400,1770,89,83,172
400,1780,89,83,172
400,1790,91,84,175
400,1800,92,84,176
400,1810,92,85,177
400,1820,92,85,177
400,1830,93,86,179
400,1840,94,86,180
400,1850,94,86,180
400,1860,96,87,183
400,1870,96,87,183
400,1880,96,87,183
400,1890,97,87,184
400,1900,100,87,187
400,1910,100,87,187
400,1920,101,88,189
400,1930,101,89,190
400,1940,101,90,191
400,1950,101,91,192
400,1960,101,91,192
400,1970,102,92,194
400,1980,102,94,196
400,1990,103,94,197
410,410,1,0,1
410,420,1,0,1
410,430,2,0,2
410,440,2,0,2
410,450,2,0,2
410,460,3,0,3
410,470,4,0,4
410,480,6,2,8
410,490,7,2,9
410,500,8,2,10
410,510,8,2,10
410,520,8,3,11
410,530,8,3,11
410,540,8,3,11
410,550,9,4,13
410,560,9,4,13
410,570,9,4,13
410,580,9,4,13
410,590,9,6,15
410,600,10,6,16
410,610,10,9,19
410,620,11,10,21
410,630,13,11,24
410,640,15,11,26
410,650,15,11,26
410,660,16,11,27
410,670,16,12,28
410,680,16,13,29
410,690,17,13,30
410,700,17,13,30
410,710,17,13,30
410,720,18,13,31
410,730,19,16,35
410,740,20,17,37
410,750,20,18,38
410,760,21,19,40
410,770,22,19,41
410,780,22,19,41
410,790,22,19,41
410,800,22,19,41
410,810,22,20,42
410,820,22,23,45
410,830,22,23,45
410,840,23,25,48
410,850,26,26,52
410,860,26,26,52
410,870,26,26,52
410,880,27,26,53
410,890,28,27,55
410,900,29,28,57
410,910,30,29,59
410,920,31,29,60
410,930,31,31,62
410,940,32,32,64
410,950,32,33,65
410,960,32,35,67
410,970,32,35,67
410,980,32,38,70
410,990,32,39,71
410,1000,33,39,72
410,1010,35,39,74
410,1020,38,39,77
410,1030,38,41,79
410,1040,39,41,80
410,1050,39,42,81
410,1060,39,42,81
410,1070,39,43,82
410,1080,39,43,82
410,1090,40,44,84
410,1100,41,44,85
410,1110,42,46,88
410,1120,43,46,89
410,1130,45,46,91
410,1140,49,46,95
410,1150,49,47,96
410,1160,51,48,99
410,1170,51,49,100
410,1180,52,50,102
410,1190,52,50,102
410,1200,52,51,103
410,1210,52,52,104
410,1220,52,52,104
410,1230,52,53,105
410,1240,52,53,105
410,1250,53,54,107
410,1260,53,55,108
410,1270,54,56,110
410,1280,54,56,110
410,1290,55,57,112
410,1300,56,57,113
410,1310,57,59,116
410,1320,57,60,117
410,1330,58,60,118
410,1340,59,61,120
410,1350,59,63,122
410,1360,60,64,124
410,1370,62,65,127
410,1380,63,66,129
410,1390,65,66,131
410,1400,65,66,131
410,1410,66,66,132
410,1420,67,66,133
410,1430,67,67,134
410,1440,68,67,135
410,1450,69,68,137
410,1460,69,68,137
410,1470,69,69,138
410,1480,70,69,139
410,1490,70,69,139
410,1500,70,71,141
410,1510,71,71,142
410,1520,72,72,144
410,1530,74,72,146
410,1540,74,72,146
410,1550,75,72,147
410,1560,75,72,147
410,1570,75,74,149
410,1580,75,74,149
410,1590,76,74,150
410,1600,77,75,152
410,1610,78,75,153
410,1620,78,75,153
410,1630,78,75,153
410,1640,79,76,155
410,1650,82,79,161
410,1660,82,80,162
410,1670,82,80,162
410,1680,83,81,164
410,1690,84,81,165
410,1700,84,81,165
410,1710,84,82,166
410,1720,85,82,167
410,1730,85,82,167
410,1740,85,83,168
410,1750,85,83,168
410,1760,86,83,169
410,1770,88,83,171
410,1780,88,83,171
410,1790,90,84,174
410,1800,91,84,175
410,1810,91,85,176
410,1820,91,85,176
410,1830,92,86,178
410,1840,93,86,179
410,1850,93,86,179
410,1860,95,87,182
410,1870,95,87,182
410,1880,95,87,182
410,1890,96,87,183
410,1900,99,87,186
410,1910,99,87,186
410,1920,100,88,188
410,1930,100,89,189
410,1940,100,90,190
410,1950,100,91,191
410,1960,100,91,191
410,1970,101,92,193
410,1980,101,94,195
410,1990,102,94,196
420,420,0,0,0
420,430,1,0,1
420,440,1,0,1
420,450,1,0,1
420,460,2,0,2
420,470,3,0,3
420,480,5,2,7
420,490,6,2,8
420,500,7,2,9
420,510,7,2,9
420,520,7,3,10
420,530,7,3,10
420,540,7,3,10
420,550,8,4,12
420,560,8,4,12
420,570,8,4,12
420,580,8,4,12
420,590,8,6,14
420,600,9,6,15
420,610,9,9,18
420,620,10,10,20
420,630,12,11,23
420,640,14,11,25
420,650,14,11,25
420,660,15,11,26
420,670,15,12,27
420,680,15,13,28
420,690,16,13,29
420,700,16,13,29
420,710,16,13,29
420,720,17,13,30
420,730,18,16,34
420,740,19,17,36
420,750,19,18,37
420,760,20,19,39
420,770,21,19,40
420,780,21,19,40
420,790,21,19,40
420,800,21,19,40
420,810,21,20,41
420,820,21,23,44
420,830,21,23,44
420,840,22,25,47
420,850,25,26,51
420,860,25,26,51
420,870,25,26,51
420,880,26,26,52
420,890,27,27,54
420,900,28,28,56
420,910,29,29,58
420,920,30,29,59
420,930,30,31,61
420,940,31,32,63
420,950,31,33,64
420,960,31,35,66
420,970,31,35,66
420,980,31,38,69
420,990,31,39,70
420,1000,32,39,71
420,1010,34,39,73
420,1020,37,39,76
420,1030,37,41,78
420,1040,38,41,79
420,1050,38,42,80
420,1060,38,42,80
420,1070,38,43,81
420,1080,38,43,81
420,1090,39,44,83
420,1100,40,44,84
420,1110,41,46,87
420,1120,42,46,88
420,1130,44,46,90
420,1140,48,46,94
420,1150,48,47,95
420,1160,50,48,98
420,1170,50,49,99
420,1180,51,50,101
420,1190,51,50,101
420,1200,51,51,102
420,1210,51,52,103
420,1220,51,52,103
420,1230,51,53,104
420,1240,51,53,104
420,1250,52,54,106
420,1260,52,55,107
420,1270,53,56,109
420,1280,53,56,109
420,1290,54,57,111
420,1300,55,57,112
420,1310,56,59,115
420,1320,56,60,116
420,1330,57,60,117
420,1340,58,61,119
420,1350,58,63,121
420,1360,59,64,123
420,1370,61,65,126
420,1380,62,66,128
420,1390,64,66,130
420,1400,64,66,130
420,1410,65,66,131
420,1420,66,66,132
420,1430,66,67,133
420,1440,67,67,134
420,1450,68,68,136
420,1460,68,68,136
420,1470,68,69,137
420,1480,69,69,138
420,1490,69,69,138
420,1500,69,71,140
420,1510,70,71,141
420,1520,71,72,143
420,1530,73,72,145
420,1540,73,72,145
420,1550,74,72,146
420,1560,74,72,146
420,1570,74,74,148
420,1580,74,74,148
420,1590,75,74,149
420,1600,76,75,151
420,1610,77,75,152
420,1620,77,75,152
420,1630,77,75,152
420,1640,78,76,154
420,1650,81,79,160
420,1660,81,80,161
420,1670,81,80,161
420,1680,82,81,163
420,1690,83,81,164
420,1700,83,81,164
420,1710,83,82,165
420,1720,84,82,166
420,1730,84,82,166
420,1740,84,83,167
420,1750,84,83,167
420,1760,85,83,168
420,1770,87,83,170
420,1780,87,83,170
420,1790,89,84,173
420,1800,90,84,174
420,1810,90,85,175
420,1820,90,85,175
420,1830,91,86,177
420,1840,92,86,178
420,1850,92,86,178
420,1860,94,87,181
420,1870,94,87,181
420,1880,94,87,181
420,1890,95,87,182
420,1900,98,87,185
420,1910,98,87,185
420,1920,99,88,187
420,1930,99,89,188
420,1940,99,90,189
420,1950,99,91,190
420,1960,99,91,190
420,1970,100,92,192
420,1980,100,94,194
420,1990,101,94,195
430,430,0,0,0
430,440,0,0,0
430,450,0,0,0
430,460,1,0,1
430,470,2,0,2
430,480,4,2,6
430,490,5,2,7
430,500,6,2,8
430,510,6,2,8
430,520,6,3,9
430,530,6,3,9
430,540,6,3,9
430,550,7,4,11
430,560,7,4,11
430,570,7,4,11
430,580,7,4,11
430,590,7,6,13
430,600,8,6,14
430,610,8,9,17
430,620,9,10,19
430,630,11,11,22
430,640,13,11,24
430,650,13,11,24
430,660,14,11,25
430,670,14,12,26
430,680,14,13,27
430,690,15,13,28
430,700,15,13,28
430,710,15,13,28
430,720,16,13,29
430,730,17,16,33
430,740,18,17,35
430,750,18,18,36
430,760,19,19,38
430,770,20,19,39
430,780,20,19,39
430,790,20,19,39
430,800,20,19,39
430,810,20,20,40
430,820,20,23,43
430,830,20,23,43
430,840,21,25,46
430,850,24,26,50
430,860,24,26,50
430,870,24,26,50
430,880,25,26,51
430,890,26,27,53
430,900,27,28,55
430,910,28,29,57
430,920,29,29,58
430,930,29,31,60
430,940,30,32,62
430,950,30,33,63
430,960,30,35,65
430,970,30,35,65
430,980,30,38,68
430,990,30,39,69
430,1000,31,39,70
430,1010,33,39,72
430,1020,36,39,75
430,1030,36,41,77
430,1040,37,41,78
430,1050,37,42,79
430,1060,37,42,79
430,1070,37,43,80
430,1080,37,43,80
430,1090,38,44,82
430,1100,39,44,83
430,1110,40,46,86
430,1120,41,46,87
430,1130,43,46,89
430,1140,47,46,93
430,1150,47,47,94
430,1160,49,48,97
430,1170,49,49,98
430,1180,50,50,100
430,1190,50,50,100
430,1200,50,51,101
430,1210,50,52,102
430,1220,50,52,102
430,1230,50,53,103
430,1240,50,53,103
430,1250,51,54,105
430,1260,51,55,106
430,1270,52,56,108
430,1280,52,56,108
430,1290,53,57,110
430,1300,54,57,111
430,1310,55,59,114
430,1320,55,60,115
430,1330,56,60,116
430,1340,57,61,118
430,1350,57,63,120
430,1360,58,64,122
430,1370,60,65,125
430,1380,61,66,127
430,1390,63,66,129
430,1400,63,66,129
430,1410,64,66,130
430,1420,65,66,131
430,1430,65,67,132
430,1440,66,67,133
430,1450,67,68,135
430,1460,67,68,135
430,1470,67,69,136
430,1480,68,69,137
430,1490,68,69,137
430,1500,68,71,139
430,1510,69,71,140
430,1520,70,72,142
430,1530,72,72,144
430,1540,72,72,144
430,1550,73,72,145
430,1560,73,72,145
430,1570,73,74,147
430,1580,73,74,147
430,1590,74,74,148
430,1600,75,75,150
430,1610,76,75,151
430,1620,76,75,151
430,1630,76,75,151
430,1640,77,76,153
430,1650,80,79,159
430,1660,80,80,160
430,1670,80,80,160
430,1680,81,81,162
430,1690,82,81,163
430,1700,82,81,163
430,1710,82,82,164
430,1720,83,82,165
430,1730,83,82,165
430,1740,83,83,166
430,1750,83,83,166
430,1760,84,83,167
430,1770,86,83,169
430,1780,86,83,169
430,1790,88,84,172
430,1800,89,84,173
430,1810,89,85,174
430,1820,89,85,174
430,1830,90,86,176
430,1840,91,86,177
430,1850,91,86,177
430,1860,93,87,180
430,1870,93,87,180
430,1880,93,87,180
430,1890,94,87,181
430,1900,97,87,184
430,1910,97,87,184
430,1920,98,88,186
430,1930,98,89,187
430,1940,98,90,188
430,1950,98,91,189
430,1960,98,91,189
430,1970,99,92,191
430,1980,99,94,193
430,1990,100,94,194
440,440,0,0,0
440,450,0,0,0
440,460,1,0,1
440,470,2,0,2
440,480,4,2,6
440,490,5,2,7
440,500,6,2,8
440,510,6,2,8
440,520,6,3,9
440,530,6,3,9
440,540,6,3,9
440,550,7,4,11
440,560,7,4,11
440,570,7,4,11
440,580,7,4,11
440,590,7,6,13
440,600,8,6,14
440,610,8,9,17
440,620,9,10,19
440,630,11,11,22
440,640,13,11,24
440,650,13,11,24
440,660,14,11,25
440,670,14,12,26
440,680,14,13,27
440,690,15,13,28
440,700,15,13,28
440,710,15,13,28
440,720,16,13,29
440,730,17,16,33
440,740,18,17,35
440,750,18,18,36
440,760,19,19,38
440,770,20,19,39
440,780,20,19,39
440,790,20,19,39
440,800,20,19,39
440,810,20,20,40
440,820,20,23,43
440,830,20,23,43
440,840,21,25,46
440,850,24,26,50
440,860,24,26,50
440,870,24,26,50
440,880,25,26,51
440,890,26,27,53
440,900,27,28,55
440,910,28,29,57
440,920,29,29,58
440,930,29,31,60
440,940,30,32,62
440,950,30,33,63
440,960,30,35,65
440,970,30,35,65
440,980,30,38,68
440,990,30,39,69
440,1000,31,39,70
440,1010,33,39,72
440,1020,36,39,75
440,1030,36,41,77
440,1040,37,41,78
440,1050,37,42,79
440,1060,37,42,79
440,1070,37,43,80
440,1080,37,43,80
440,1090,38,44,82
440,1100,39,44,83
440,1110,40,46,86
440,1120,41,46,87
440,1130,43,46,89
440,1140,47,46,93
440,1150,47,47,94
440,1160,49,48,97
440,1170,49,49,98
440,1180,50,50,100
440,1190,50,50,100
440,1200,50,51,101
440,1210,50,52,102
440,1220,50,52,102
440,1230,50,53,103
440,1240,50,53,103
440,1250,51,54,105
440,1260,51,55,106
440,1270,52,56,108
440,1280,52,56,108
440,1290,53,57,110
440,1300,54,57,111
440,1310,55,59,114
440,1320,55,60,115
440,1330,56,60,116
440,1340,57,61,118
440,1350,57,63,120
440,1360,58,64,122
440,1370,60,65,125
440,1380,61,66,127
440,1390,63,66,129
440,1400,63,66,129
440,1410,64,66,130
440,1420,65,66,131
440,1430,65,67,132
440,1440,66,67,133
440,1450,67,68,135
440,1460,67,68,135
440,1470,67,69,136
440,1480,68,69,137
440,1490,68,69,137
440,1500,68,71,139
440,1510,69,71,140
440,1520,70,72,142
440,1530,72,72,144
440,1540,72,72,144
440,1550,73,72,145
440,1560,73,72,145
440,1570,73,74,147
440,1580,73,74,147
440,1590,74,74,148
440,1600,75,75,150
440,1610,76,75,151
440,1620,76,75,151
440,1630,76,75,151
440,1640,77,76,153
440,1650,80,79,159
440,1660,80,80,160
440,1670,80,80,160
440,1680,81,81,162
440,1690,82,81,163
440,1700,82,81,163
440,1710,82,82,164
440,1720,83,82,165
440,1730,83,82,165
440,1740,83,83,166
440,1750,83,83,166
440,1760,84,83,167
440,1770,86,83,169
440,1780,86,83,169
440,1790,88,84,172
440,1800,89,84,173
440,1810,89,85,174
440,1820,89,85,174
440,1830,90,86,176
440,1840,91,86,177
440,1850,91,86,177
440,1860,93,87,180
440,1870,93,87,180
440,1880,93,87,180
440,1890,94,87,181
440,1900,97,87,184
440,1910,97,87,184
440,1920,98,88,186
440,1930,98,89,187
440,1940,98,90,188
440,1950,98,91,189
440,1960,98,91,189
440,1970,99,92,191
440,1980,99,94,193
440,1990,100,94,194
450,450,0,0,0
450,460,1,0,1
450,470,2,0,2
450,480,4,2,6
450,490,5,2,7
450,500,6,2,8
450,510,6,2,8
450,520,6,3,9
450,530,6,3,9
450,540,6,3,9
450,550,7,4,11
450,560,7,4,11
450,570,7,4,11
450,580,7,4,11
450,590,7,6,13
450,600,8,6,14
450,610,8,9,17
450,620,9,10,19
450,630,11,11,22
450,640,13,11,24
450,650,13,11,24
450,660,14,11,25
450,670,14,12,26
450,680,14,13,27
450,690,15,13,28
450,700,15,13,28
450,710,15,13,28
450,720,16,13,29
450,730,17,16,33
450,740,18,17,35
450,750,18,18,36
450,760,19,19,38
450,770,20,19,39
450,780,20,19,39
450,790,20,19,39
450,800,20,19,39
450,810,20,20,40
450,820,20,23,43
450,830,20,23,43
450,840,21,25,46
450,850,24,26,50
450,860,24,26,50
450,870,24,26,50
450,880,25,26,51
450,890,26,27,53
450,900,27,28,55
450,910,28,29,57
450,920,29,29,58
450,930,29,31,60
450,940,30,32,62
450,950,30,33,63
450,960,30,35,65
450,970,30,35,65
450,980,30,38,68
450,990,30,39,69
450,1000,31,39,70
450,1010,33,39,72
450,1020,36,39,75
450,1030,36,41,77
450,1040,37,41,78
450,1050,37,42,79
450,1060,37,42,79
450,1070,37,43,80
450,1080,37,43,80
450,1090,38,44,82
450,1100,39,44,83
450,1110,40,46,86
450,1120,41,46,87
450,1130,43,46,89
450,1140,47,46,93
450,1150,47,47,94
450,1160,49,48,97
450,1170,49,49,98
450,1180,50,50,100
450,1190,50,50,100
450,1200,50,51,101
450,1210,50,52,102
450,1220,50,52,102
450,1230,50,53,103
450,1240,50,53,103
450,1250,51,54,105
450,1260,51,55,106
450,1270,52,56,108
450,1280,52,56,108
450,1290,53,57,110
450,1300,54,57,111
450,1310,55,59,114
450,1320,55,60,115
450,1330,56,60,116
450,1340,57,61,118
450,1350,57,63,120
450,1360,58,64,122
450,1370,60,65,125
450,1380,61,66,127
450,1390,63,66,129
450,1400,63,66,129
450,1410,64,66,130
450,1420,65,66,131
450,1430,65,67,132
450,1440,66,67,133
450,1450,67,68,135
450,1460,67,68,135
450,1470,67,69,136
450,1480,68,69,137
450,1490,68,69,137
450,1500,68,71,139
450,1510,69,71,140
450,1520,70,72,142
450,1530,72,72,144
450,1540,72,72,144
450,1550,73,72,145
450,1560,73,72,145
450,1570,73,74,147
450,1580,73,74,147
450,1590,74,74,148
450,1600,75,75,150
450,1610,76,75,151
450,1620,76,75,151
450,1630,76,75,151
450,1640,77,76,153
450,1650,80,79,159
450,1660,80,80,160
450,1670,80,80,160
450,1680,81,81,162
450,1690,82,81,163
450,1700,82,81,163
450,1710,82,82,164
450,1720,83,82,165
450,1730,83,82,165
450,1740,83,83,166
450,1750,83,83,166
450,1760,84,83,167
450,1770,86,83,169
450,1780,86,83,169
450,1790,88,84,172
450,1800,89,84,173
450,1810,89,85,174
450,1820,89,85,174
450,1830,90,86,176
450,1840,91,86,177
450,1850,91,86,177
450,1860,93,87,180
450,1870,93,87,180
450,1880,93,87,180
450,1890,94,87,181
450,1900,97,87,184
450,1910,97,87,184
450,1920,98,88,186
450,1930,98,89,187
450,1940,98,90,188
450,1950,98,91,189
450,1960,98,91,189
450,1970,99,92,191
450,1980,99,94,193
450,1990,100,94,194
460,460,0,0,0
460,470,1,0,1
460,480,3,2,5
460,490,4,2,6
460,500,5,2,7
460,510,5,2,7
460,520,5,3,8
460,530,5,3,8
460,540,5,3,8
460,550,6,4,10
460,560,6,4,10
460,570,6,4,10
460,580,6,4,10
460,590,6,6,12
460,600,7,6,13
460,610,7,9,16
460,620,8,10,18
460,630,10,11,21
460,640,12,11,23
460,650,12,11,23
460,660,13,11,24
460,670,13,12,25
460,680,13,13,26
460,690,14,13,27
460,700,14,13,27
460,710,14,13,27
460,720,15,13,28
460,730,16,16,32
460,740,17,17,34
460,750,17,18,35
460,760,18,19,37
460,770,19,19,38
460,780,19,19,38
460,790,19,19,38
460,800,19,19,38
460,810,19,20,39
460,820,19,23,42
460,830,19,23,42
460,840,20,25,45
460,850,23,26,49
460,860,23,26,49
460,870,23,26,49
460,880,24,26,50
460,890,25,27,52
460,900,26,28,54
460,910,27,29,56
460,920,28,29,57
460,930,28,31,59
460,940,29,32,61
460,950,29,33,62
460,960,29,35,64
460,970,29,35,64
460,980,29,38,67
460,990,29,39,68
460,1000,30,39,69
460,1010,32,39,71
460,1020,35,39,74
460,1030,35,41,76
460,1040,36,41,77
460,1050,36,42,78
460,1060,36,42,78
460,1070,36,43,79
460,1080,36,43,79
460,1090,37,44,81
460,1100,38,44,82
460,1110,39,46,85
460,1120,40,46,86
460,1130,42,46,88
460,1140,46,46,92
460,1150,46,47,93
460,1160,48,48,96
460,1170,48,49,97
460,1180,49,50,99
460,1190,49,50,99
460,1200,49,51,100
460,1210,49,52,101
460,1220,49,52,101
460,1230,49,53,102
460,1240,49,53,102
460,1250,50,54,104
460,1260,50,55,105
460,1270,51,56,107
460,1280,51,56,107
460,1290,52,57,109
460,1300,53,57,110
460,1310,54,59,113
460,1320,54,60,114
460,1330,55,60,115
460,1340,56,61,117
460,1350,56,63,119
460,1360,57,64,121
460,1370,59,65,124
460,1380,60,66,126
460,1390,62,66,128
460,1400,62,66,128
460,1410,63,66,129
460,1420,64,66,130
460,1430,64,67,131
460,1440,65,67,132
460,1450,66,68,134
460,1460,66,68,134
460,1470,66,69,135
460,1480,67,69,136
460,1490,67,69,136
460,1500,67,71,138
460,1510,68,71,139
460,1520,69,72,141
460,1530,71,72,143
460,1540,71,72,143
460,1550,72,72,144
460,1560,72,72,144
460,1570,72,74,146
460,1580,72,74,146
460,1590,73,74,147
460,1600,74,75,149
460,1610,75,75,150
460,1620,75,75,150
460,1630,75,75,150
460,1640,76,76,152
460,1650,79,79,158
460,1660,79,80,159
460,1670,79,80,159
460,1680,80,81,161
460,1690,81,81,162
460,1700,81,81,162
460,1710,81,82,163
460,1720,82,82,164
460,1730,82,82,164
460,1740,82,83,165
460,1750,82,83,165
460,1760,83,83,166
460,1770,85,83,168
460,1780,85,83,168
460,1790,87,84,171
460,1800,88,84,172
460,1810,88,85,173
460,1820,88,85,173
460,1830,89,86,175
460,1840,90,86,176
460,1850,90,86,176
460,1860,92,87,179
460,1870,92,87,179
460,1880,92,87,179
460,1890,93,87,180
460,1900,96,87,183
460,1910,96,87,183
460,1920,97,88,185
460,1930,97,89,186
460,1940,97,90,187
460,1950,97,91,188
460,1960,97,91,188
460,1970,98,92,190
460,1980,98,94,192
460,1990,99,94,193
470,470,0,0,0
470,480,2,2,4
470,490,3,2,5
470,500,4,2,6
470,510,4,2,6
470,520,4,3,7
470,530,4,3,7
470,540,4,3,7
470,550,5,4,9
470,560,5,4,9
470,570,5,4,9
470,580,5,4,9
470,590,5,6,11
470,600,6,6,12
470,610,6,9,15
470,620,7,10,17
470,630,9,11,20
470,640,11,11,22
470,650,11,11,22
470,660,12,11,23
470,670,12,12,24
470,680,12,13,25
470,690,13,13,26
470,700,13,13,26
470,710,13,13,26
470,720,14,13,27
470,730,15,16,31
470,740,16,17,33
470,750,16,18,34
470,760,17,19,36
470,770,18,19,37
470,780,18,19,37
470,790,18,19,37
470,800,18,19,37
470,810,18,20,38
470,820,18,23,41
470,830,18,23,41
470,840,19,25,44
470,850,22,26,48
470,860,22,26,48
470,870,22,26,48
470,880,23,26,49
470,890,24,27,51
470,900,25,28,53
470,910,26,29,55
470,920,27,29,56
470,930,27,31,58
470,940,28,32,60
470,950,28,33,61
470,960,28,35,63
470,970,28,35,63
470,980,28,38,66
470,990,28,39,67
470,1000,29,39,68
470,1010,31,39,70
470,1020,34,39,73
470,1030,34,41,75
470,1040,35,41,76
470,1050,35,42,77
470,1060,35,42,77
470,1070,35,43,78
470,1080,35,43,78
470,1090,36,44,80
470,1100,37,44,81
470,1110,38,46,84
470,1120,39,46,85
470,1130,41,46,87
470,1140,45,46,91
470,1150,45,47,92
470,1160,47,48,95
470,1170,47,49,96
470,1180,48,50,98
470,1190,48,50,98
470,1200,48,51,99
470,1210,48,52,100
470,1220,48,52,100
470,1230,48,53,101
470,1240,48,53,101
470,1250,49,54,103
470,1260,49,55,104
470,1270,50,56,106
470,1280,50,56,106
470,1290,51,57,108
470,1300,52,57,109
470,1310,53,59,112
470,1320,53,60,113
470,1330,54,60,114
470,1340,55,61,116
470,1350,55,63,118
470,1360,56,64,120
470,1370,58,65,123
470,1380,59,66,125
470,1390,61,66,127
470,1400,61,66,127
470,1410,62,66,128
470,1420,63,66,129
470,1430,63,67,130
470,1440,64,67,131
470,1450,65,68,133
470,1460,65,68,133
470,1470,65,69,134
470,1480,66,69,135
470,1490,66,69,135
470,1500,66,71,137
470,1510,67,71,138
470,1520,68,72,140
470,1530,70,72,142
470,1540,70,72,142
470,1550,71,72,143
470,1560,71,72,143
470,1570,71,74,145
470,1580,71,74,145
470,1590,72,74,146
470,1600,73,75,148
470,1610,74,75,149
470,1620,74,75,149
470,1630,74,75,149
470,1640,75,76,151
470,1650,78,79,157
470,1660,78,80,158
470,1670,78,80,158
470,1680,79,81,160
470,1690,80,81,161
470,1700,80,81,161
470,1710,80,82,162
470,1720,81,82,163
470,1730,81,82,163
470,1740,81,83,164
470,1750,81,83,164
470,1760,82,83,165
470,1770,84,83,167
470,1780,84,83,167
470,1790,86,84,170
470,1800,87,84,171
470,1810,87,85,172
470,1820,87,85,172
470,1830,88,86,174
470,1840,89,86,175
470,1850,89,86,175
470,1860,91,87,178
470,1870,91,87,178
470,1880,91,87,178
470,1890,92,87,179
470,1900,95,87,182
470,1910,95,87,182
470,1920,96,88,184
470,1930,96,89,185
470,1940,96,90,186
470,1950,96,91,187
470,1960,96,91,187
470,1970,97,92,189
470,1980,97,94,191
470,1990,98,94,192
480,480,0,0,0
480,490,1,0,1
480,500,2,0,2
480,510,2,0,2
480,520,2,1,3
480,530,2,1,3
480,540,2,1,3
480,550,3,2,5
480,560,3,2,5
480,570,3,2,5
480,580,3,2,5
480,590,3,4,7
480,600,4,4,8
480,610,4,7,11
480,620,5,8,13
480,630,7,9,16
480,640,9,9,18
480,650,9,9,18
480,660,10,9,19
480,670,10,10,20
480,680,10,11,21
480,690,11,11,22
480,700,11,11,22
480,710,11,11,22
480,720,12,11,23
480,730,13,14,27
480,740,14,15,29
480,750,14,16,30
480,760,15,17,32
480,770,16,17,33
480,780,16,17,33
480,790,16,17,33
480,800,16,17,33
480,810,16,18,34
480,820,16,21,37
480,830,16,21,37
480,840,17,23,40
480,850,20,24,44
480,860,20,24,44
480,870,20,24,44
480,880,21,24,45
480,890,22,25,47
480,900,23,26,49
480,910,24,27,51
480,920,25,27,52
480,930,25,29,54
480,940,26,30,56
480,950,26,31,57
480,960,26,33,59
480,970,26,33,59
480,980,26,36,62
480,990,26,37,63
480,1000,27,37,64
480,1010,29,37,66
480,1020,32,37,69
480,1030,32,39,71
480,1040,33,39,72
480,1050,33,40,73
480,1060,33,40,73
480,1070,33,41,74
480,1080,33,41,74
480,1090,34,42,76
480,1100,35,42,77
480,1110,36,44,80
480,1120,37,44,81
480,1130,39,44,83
480,1140,43,44,87
480,1150,43,45,88
480,1160,45,46,91
480,1170,45,47,92
480,1180,46,48,94
480,1190,46,48,94
480,1200,46,49,95
480,1210,46,50,96
480,1220,46,50,96
480,1230,46,51,97
480,1240,46,51,97
480,1250,47,52,99
480,1260,47,53,100
480,1270,48,54,102
480,1280,48,54,102
480,1290,49,55,104
480,1300,50,55,105
480,1310,51,57,108
480,1320,51,58,109
480,1330,52,58,110
480,1340,53,59,112
480,1350,53,61,114
480,1360,54,62,116
480,1370,56,63,119
480,1380,57,64,121
480,1390,59,64,123
480,1400,59,64,123
480,1410,60,64,124
480,1420,61,64,125
480,1430,61,65,126
480,1440,62,65,127
480,1450,63,66,129
480,1460,63,66,129
480,1470,63,67,130
480,1480,64,67,131
480,1490,64,67,131
480,1500,64,69,133
480,1510,65,69,134
480,1520,66,70,136
480,1530,68,70,138
480,1540,68,70,138
480,1550,69,70,139
480,1560,69,70,139
480,1570,69,72,141
480,1580,69,72,141
480,1590,70,72,142
480,1600,71,73,144
480,1610,72,73,145
480,1620,72,73,145
480,1630,72,73,145
480,1640,73,74,147
480,1650,76,77,153
480,1660,76,78,154
480,1670,76,78,154
480,1680,77,79,156
480,1690,78,79,157
480,1700,78,79,157
480,1710,78,80,158
480,1720,79,80,159
480,1730,79,80,159
480,1740,79,81,160
480,1750,79,81,160
480,1760,80,81,161
480,1770,82,81,163
480,1780,82,81,163
480,1790,84,82,166
480,1800,85,82,167
480,1810,85,83,168
480,1820,85,83,168
480,1830,86,84,170
480,1840,87,84,171
480,1850,87,84,171
480,1860,89,85,174
480,1870,89,85,174
480,1880,89,85,174
480,1890,90,85,175
480,1900,93,85,178
480,1910,93,85,178
480,1920,94,86,180
480,1930,94,87,181
480,1940,94,88,182
480,1950,94,89,183
480,1960,94,89,183
480,1970,95,90,185
480,1980,95,92,187
480,1990,96,92,188
490,490,0,0,0
490,500,1,0,1
490,510,1,0,1
490,520,1,1,2
490,530,1,1,2
490,540,1,1,2
490,550,2,2,4
490,560,2,2,4
490,570,2,2,4
490,580,2,2,4
490,590,2,4,6
490,600,3,4,7
490,610,3,7,10
490,620,4,8,12
490,630,6,9,15
490,640,8,9,17
490,650,8,9,17
490,660,9,9,18
490,670,9,10,19
490,680,9,11,20
490,690,10,11,21
490,700,10,11,21
490,710,10,11,21
490,720,11,11,22
490,730,12,14,26
490,740,13,15,28
490,750,13,16,29
490,760,14,17,31
490,770,15,17,32
490,780,15,17,32
490,790,15,17,32
490,800,15,17,32
490,810,15,18,33
490,820,15,21,36
490,830,15,21,36
490,840,16,23,39
490,850,19,24,43
490,860,19,24,43
490,870,19,24,43
490,880,20,24,44
490,890,21,25,46
490,900,22,26,48
490,910,23,27,50
490,920,24,27,51
490,930,24,29,53
490,940,25,30,55
490,950,25,31,56
490,960,25,33,58
490,970,25,33,58
490,980,25,36,61
490,990,25,37,62
490,1000,26,37,63
490,1010,28,37,65
490,1020,31,37,68
490,1030,31,39,70
490,1040,32,39,71
490,1050,32,40,72
490,1060,32,40,72
490,1070,32,41,73
490,1080,32,41,73
490,1090,33,42,75
490,1100,34,42,76
490,1110,35,44,79
490,1120,36,44,80
490,1130,38,44,82
490,1140,42,44,86
490,1150,42,45,87
490,1160,44,46,90
490,1170,44,47,91
490,1180,45,48,93
490,1190,45,48,93
490,1200,45,49,94
490,1210,45,50,95
490,1220,45,50,95
490,1230,45,51,96
490,1240,45,51,96
490,1250,46,52,98
490,1260,46,53,99
490,1270,47,54,101
490,1280,47,54,101
490,1290,48,55,103
490,1300,49,55,104
490,1310,50,57,107
490,1320,50,58,108
490,1330,51,58,109
490,1340,52,59,111
490,1350,52,61,113
490,1360,53,62,115
490,1370,55,63,118
490,1380,56,64,120
490,1390,58,64,122
490,1400,58,64,122
490,1410,59,64,123
490,1420,60,64,124
490,1430,60,65,125
490,1440,61,65,126
490,1450,62,66,128
490,1460,62,66,128
490,1470,62,67,129
490,1480,63,67,130
490,1490,63,67,130
490,1500,63,69,132
490,1510,64,69,133
490,1520,65,70,135
490,1530,67,70,137
490,1540,67,70,137
490,1550,68,70,138
490,1560,68,70,138
490,1570,68,72,140
490,1580,68,72,140
490,1590,69,72,141
490,1600,70,73,143
490,1610,71,73,144
490,1620,71,73,144
490,1630,71,73,144
490,1640,72,74,146
490,1650,75,77,152
490,1660,75,78,153
490,1670,75,78,153
490,1680,76,79,155
490,1690,77,79,156
490,1700,77,79,156
490,1710,77,80,157
490,1720,78,80,158
490,1730,78,80,158
490,1740,78,81,159
490,1750,78,81,159
490,1760,79,81,160
490,1770,81,81,162
490,1780,81,81,162
490,1790,83,82,165
490,1800,84,82,166
490,1810,84,83,167
490,1820,84,83,167
490,1830,85,84,169
490,1840,86,84,170
490,1850,86,84,170
490,1860,88,85,173
490,1870,88,85,173
490,1880,88,85,173
490,1890,89,85,174
490,1900,92,85,177
490,1910,92,85,177
490,1920,93,86,179
490,1930,93,87,180
490,1940,93,88,181
490,1950,93,89,182
490,1960,93,89,182
490,1970,94,90,184
490,1980,94,92,186
490,1990,95,92,187
500,500,0,0,0
500,510,0,0,0
500,520,0,1,1
500,530,0,1,1
500,540,0,1,1
500,550,1,2,3
500,560,1,2,3
500,570,1,2,3
500,580,1,2,3
500,590,1,4,5
500,600,2,4,6
500,610,2,7,9
500,620,3,8,11
500,630,5,9,14
500,640,7,9,16
500,650,7,9,16
500,660,8,9,17
500,670,8,10,18
500,680,8,11,19
500,690,9,11,20
500,700,9,11,20
500,710,9,11,20
500,720,10,11,21
500,730,11,14,25
500,740,12,15,27
500,750,12,16,28
500,760,13,17,30
500,770,14,17,31
500,780,14,17,31
500,790,14,17,31
500,800,14,17,31
500,810,14,18,32
500,820,14,21,35
500,830,14,21,35
500,840,15,23,38
500,850,18,24,42
500,860,18,24,42
500,870,18,24,42
500,880,19,24,43
500,890,20,25,45
500,900,21,26,47
500,910,22,27,49
500,920,23,27,50
500,930,23,29,52
500,940,24,30,54
500,950,24,31,55
500,960,24,33,57
500,970,24,33,57
500,980,24,36,60
500,990,24,37,61
500,1000,25,37,62
500,1010,27,37,64
500,1020,30,37,67
500,1030,30,39,69
500,1040,31,39,70
500,1050,31,40,71
500,1060,31,40,71
500,1070,31,41,72
500,1080,31,41,72
500,1090,32,42,74
500,1100,33,42,75
500,1110,34,44,78
500,1120,35,44,79
500,1130,37,44,81
500,1140,41,44,85
500,1150,41,45,86
500,1160,43,46,89
500,1170,43,47,90
500,1180,44,48,92
500,1190,44,48,92
500,1200,44,49,93
500,1210,44,50,94
500,1220,44,50,94
500,1230,44,51,95
500,1240,44,51,95
500,1250,45,52,97
500,1260,45,53,98
500,1270,46,54,100
500,1280,46,54,100
500,1290,47,55,102
500,1300,48,55,103
500,1310,49,57,106
500,1320,49,58,107
500,1330,50,58,108
500,1340,51,59,110
500,1350,51,61,112
500,1360,52,62,114
500,1370,54,63,117
500,1380,55,64,119
500,1390,57,64,121
500,1400,57,64,121
500,1410,58,64,122
500,1420,59,64,123
500,1430,59,65,124
500,1440,60,65,125
500,1450,61,66,127
500,1460,61,66,127
500,1470,61,67,128
500,1480,62,67,129
500,1490,62,67,129
500,1500,62,69,131
500,1510,63,69,132
500,1520,64,70,134
500,1530,66,70,136
500,1540,66,70,136
500,1550,67,70,137
500,1560,67,70,137
500,1570,67,72,139
500,1580,67,72,139
500,1590,68,72,140
500,1600,69,73,142
500,1610,70,73,143
500,1620,70,73,143
500,1630,70,73,143
500,1640,71,74,145
500,1650,74,77,151
500,1660,74,78,152
500,1670,74,78,152
500,1680,75,79,154
500,1690,76,79,155
500,1700,76,79,155
500,1710,76,80,156
500,1720,77,80,157
500,1730,77,80,157
500,1740,77,81,158
500,1750,77,81,158
500,1760,78,81,159
500,1770,80,81,161
500,1780,80,81,161
500,1790,82,82,164
500,1800,83,82,165
500,1810,83,83,166
500,1820,83,83,166
500,1830,84,84,168
500,1840,85,84,169
500,1850,85,84,169
500,1860,87,85,172
500,1870,87,85,172
500,1880,87,85,172
500,1890,88,85,173
500,1900,91,85,176
500,1910,91,85,176
500,1920,92,86,178
500,1930,92,87,179
500,1940,92,88,180
500,1950,92,89,181
500,1960,92,89,181
500,1970,93,90,183
500,1980,93,92,185
500,1990,94,92,186
510,510,0,0,0
510,520,0,1,1
510,530,0,1,1
510,540,0,1,1
510,550,1,2,3
510,560,1,2,3
510,570,1,2,3
510,580,1,2,3
510,590,1,4,5
510,600,2,4,6
510,610,2,7,9
510,620,3,8,11
510,630,5,9,14
510,640,7,9,16
510,650,7,9,16
510,660,8,9,17
510,670,8,10,18
510,680,8,11,19
510,690,9,11,20
510,700,9,11,20
510,710,9,11,20
510,720,10,11,21
510,730,11,14,25
510,740,12,15,27
510,750,12,16,28
510,760,13,17,30
510,770,14,17,31
510,780,14,17,31
510,790,14,17,31
510,800,14,17,31
510,810,14,18,32
510,820,14,21,35
510,830,14,21,35
510,840,15,23,38
510,850,18,24,42
510,860,18,24,42
510,870,18,24,42
510,880,19,24,43
510,890,20,25,45
510,900,21,26,47
510,910,22,27,49
510,920,23,27,50
510,930,23,29,52
510,940,24,30,54
510,950,24,31,55
510,960,24,33,57
510,970,24,33,57
510,980,24,36,60
510,990,24,37,61
510,1000,25,37,62
510,1010,27,37,64
510,1020,30,37,67
510,1030,30,39,69
510,1040,31,39,70
510,1050,31,40,71
510,1060,31,40,71
510,1070,31,41,72
510,1080,31,41,72
510,1090,32,42,74
510,1100,33,42,75
510,1110,34,44,78
510,1120,35,44,79
510,1130,37,44,81
510,1140,41,44,85
510,1150,41,45,86
510,1160,43,46,89
510,1170,43,47,90
510,1180,44,48,92
510,1190,44,48,92
510,1200,44,49,93
510,1210,44,50,94
510,1220,44,50,94
510,1230,44,51,95
510,1240,44,51,95
510,1250,45,52,97
510,1260,45,53,98
510,1270,46,54,100
510,1280,46,54,100
510,1290,47,55,102
510,1300,48,55,103
510,1310,49,57,106
510,1320,49,58,107
510,1330,50,58,108
510,1340,51,59,110
510,1350,51,61,112
510,1360,52,62,114
510,1370,54,63,117
510,1380,55,64,119
510,1390,57,64,121
510,1400,57,64,121
510,1410,58,64,122
510,1420,59,64,123
510,1430,59,65,124
510,1440,60,65,125
510,1450,61,66,127
510,1460,61,66,127
510,1470,61,67,128
510,1480,62,67,129
510,1490,62,67,129
510,1500,62,69,131
510,1510,63,69,132
510,1520,64,70,134
510,1530,66,70,136
510,1540,66,70,136
510,1550,67,70,137
510,1560,67,70,137
510,1570,67,72,139
510,1580,67,72,139
510,1590,68,72,140
510,1600,69,73,142
510,1610,70,73,143
510,1620,70,73,143
510,1630,70,73,143
510,1640,71,74,145
510,1650,74,77,151
510,1660,74,78,152
510,1670,74,78,152
510,1680,75,79,154
510,1690,76,79,155
510,1700,76,79,155
510,1710,76,80,156
510,1720,77,80,157
510,1730,77,80,157
510,1740,77,81,158
510,1750,77,81,158
510,1760,78,81,159
510,1770,80,81,161
510,1780,80,81,161
510,1790,82,82,164
510,1800,83,82,165
510,1810,83,83,166
510,1820,83,83,166
510,1830,84,84,168
510,1840,85,84,169
510,1850,85,84,169
510,1860,87,85,172
510,1870,87,85,172
510,1880,87,85,172
510,1890,88,85,173
510,1900,91,85,176
510,1910,91,85,176
510,1920,92,86,178
510,1930,92,87,179
510,1940,92,88,180
510,1950,92,89,181
510,1960,92,89,181
510,1970,93,90,183
510,1980,93,92,185
510,1990,94,92,186
520,520,0,0,0
520,530,0,0,0
520,540,0,0,0
520,550,1,1,2
520,560,1,1,2
520,570,1,1,2
520,580,1,1,2
520,590,1,3,4
520,600,2,3,5
520,610,2,6,8
520,620,3,7,10
520,630,5,8,13
520,640,7,8,15
520,650,7,8,15
520,660,8,8,16
520,670,8,9,17
520,680,8,10,18
520,690,9,10,19
520,700,9,10,19
520,710,9,10,19
520,720,10,10,20
520,730,11,13,24
520,740,12,14,26
520,750,12,15,27
520,760,13,16,29
520,770,14,16,30
520,780,14,16,30
520,790,14,16,30
520,800,14,16,30
520,810,14,17,31
520,820,14,20,34
520,830,14,20,34
520,840,15,22,37
520,850,18,23,41
520,860,18,23,41
520,870,18,23,41
520,880,19,23,42
520,890,20,24,44
520,900,21,25,46
520,910,22,26,48
520,920,23,26,49
520,930,23,28,51
520,940,24,29,53
520,950,24,30,54
520,960,24,32,56
520,970,24,32,56
520,980,24,35,59
520,990,24,36,60
520,1000,25,36,61
520,1010,27,36,63
520,1020,30,36,66
520,1030,30,38,68
520,1040,31,38,69
520,1050,31,39,70
520,1060,31,39,70
520,1070,31,40,71
520,1080,31,40,71
520,1090,32,41,73
520,1100,33,41,74
520,1110,34,43,77
520,1120,35,43,78
520,1130,37,43,80
520,1140,41,43,84
520,1150,41,44,85
520,1160,43,45,88
520,1170,43,46,89
520,1180,44,47,91
520,1190,44,47,91
520,1200,44,48,92
520,1210,44,49,93
520,1220,44,49,93
520,1230,44,50,94
520,1240,44,50,94
520,1250,45,51,96
520,1260,45,52,97
520,1270,46,53,99
520,1280,46,53,99
520,1290,47,54,101
520,1300,48,54,102
520,1310,49,56,105
520,1320,49,57,106
520,1330,50,57,107
520,1340,51,58,109
520,1350,51,60,111
520,1360,52,61,113
520,1370,54,62,116
520,1380,55,63,118
520,1390,57,63,120
520,1400,57,63,120
520,1410,58,63,121
520,1420,59,63,122
520,1430,59,64,123
520,1440,60,64,124
520,1450,61,65,126
520,1460,61,65,126
520,1470,61,66,127
520,1480,62,66,128
520,1490,62,66,128
520,1500,62,68,130
520,1510,63,68,131
520,1520,64,69,133
520,1530,66,69,135
520,1540,66,69,135
520,1550,67,69,136
520,1560,67,69,136
520,1570,67,71,138
520,1580,67,71,138
520,1590,68,71,139
520,1600,69,72,141
520,1610,70,72,142
520,1620,70,72,142
520,1630,70,72,142
520,1640,71,73,144
520,1650,74,76,150
520,1660,74,77,151
520,1670,74,77,151
520,1680,75,78,153
520,1690,76,78,154
520,1700,76,78,154
520,1710,76,79,155
520,1720,77,79,156
520,1730,77,79,156
520,1740,77,80,157
520,1750,77,80,157
520,1760,78,80,158
520,1770,80,80,160
520,1780,80,80,160
520,1790,82,81,163
520,1800,83,81,164
520,1810,83,82,165
520,1820,83,82,165
520,1830,84,83,167
520,1840,85,83,168
520,1850,85,83,168
520,1860,87,84,171
520,1870,87,84,171
520,1880,87,84,171
520,1890,88,84,172
520,1900,91,84,175
520,1910,91,84,175
520,1920,92,85,177
520,1930,92,86,178
520,1940,92,87,179
520,1950,92,88,180
520,1960,92,88,180
520,1970,93,89,182
520,1980,93,91,184
520,1990,94,91,185
530,530,0,0,0
530,540,0,0,0
530,550,1,1,2
530,560,1,1,2
530,570,1,1,2
530,580,1,1,2
530,590,1,3,4
530,600,2,3,5
530,610,2,6,8
530,620,3,7,10
530,630,5,8,13
530,640,7,8,15
530,650,7,8,15
530,660,8,8,16
530,670,8,9,17
530,680,8,10,18
530,690,9,10,19
530,700,9,10,19
530,710,9,10,19
530,720,10,10,20
530,730,11,13,24
530,740,12,14,26
530,750,12,15,27
530,760,13,16,29
530,770,14,16,30
530,780,14,16,30
530,790,14,16,30
530,800,14,16,30
530,810,14,17,31
530,820,14,20,34
530,830,14,20,34
530,840,15,22,37
530,850,18,23,41
530,860,18,23,41
530,870,18,23,41
530,880,19,23,42
530,890,20,24,44
530,900,21,25,46
530,910,22,26,48
530,920,23,26,49
530,930,23,28,51
530,940,24,29,53
530,950,24,30,54
530,960,24,32,56
530,970,24,32,56
530,980,24,35,59
530,990,24,36,60
530,1000,25,36,61
530,1010,27,36,63
530,1020,30,36,66
530,1030,30,38,68
530,1040,31,38,69
530,1050,31,39,70
530,1060,31,39,70
530,1070,31,40,71
530,1080,31,40,71
530,1090,32,41,73
530,1100,33,41,74
530,1110,34,43,77
530,1120,35,43,78
530,1130,37,43,80
530,1140,41,43,84
530,1150,41,44,85
530,1160,43,45,88
530,1170,43,46,89
530,1180,44,47,91
530,1190,44,47,91
530,1200,44,48,92
530,1210,44,49,93
530,1220,44,49,93
530,1230,44,50,94
530,1240,44,50,94
530,1250,45,51,96
530,1260,45,52,97
530,1270,46,53,99
530,1280,46,53,99
530,1290,47,54,101
530,1300,48,54,102
530,1310,49,56,105
530,1320,49,57,106
530,1330,50,57,107
530,1340,51,58,109
530,1350,51,60,111
530,1360,52,61,113
530,1370,54,62,116
530,1380,55,63,118
530,1390,57,63,120
530,1400,57,63,120
530,1410,58,63,121
530,1420,59,63,122
530,1430,59,64,123
530,1440,60,64,124
530,1450,61,65,126
530,1460,61,65,126
530,1470,61,66,127
530,1480,62,66,128
530,1490,62,66,128
530,1500,62,68,130
530,1510,63,68,131
530,1520,64,69,133
530,1530,66,69,135
530,1540,66,69,135
530,1550,67,69,136
530,1560,67,69,136
530,1570,67,71,138
530,1580,67,71,138
530,1590,68,71,139
530,1600,69,72,141
530,1610,70,72,142
530,1620,70,72,142
530,1630,70,72,142
530,1640,71,73,144
530,1650,74,76,150
530,1660,74,77,151
530,1670,74,77,151
530,1680,75,78,153
530,1690,76,78,154
530,1700,76,78,154
530,1710,76,79,155
530,1720,77,79,156
530,1730,77,79,156
530,1740,77,80,157
530,1750,77,80,157
530,1760,78,80,158
530,1770,80,80,160
530,1780,80,80,160
530,1790,82,81,163
530,1800,83,81,164
530,1810,83,82,165
530,1820,83,82,165
530,1830,84,83,167
530,1840,85,83,168
530,1850,85,83,168
530,1860,87,84,171
530,1870,87,84,171
530,1880,87,84,171
530,1890,88,84,172
530,1900,91,84,175
530,1910,91,84,175
530,1920,92,85,177
530,1930,92,86,178
530,1940,92,87,179
530,1950,92,88,180
530,1960,92,88,180
530,1970,93,89,182
530,1980,93,91,184
530,1990,94,91,185
540,540,0,0,0
540,550,1,1,2
540,560,1,1,2
540,570,1,1,2
540,580,1,1,2
540,590,1,3,4
540,600,2,3,5
540,610,2,6,8
540,620,3,7,10
540,630,5,8,13
540,640,7,8,15
540,650,7,8,15
540,660,8,8,16
540,670,8,9,17
540,680,8,10,18
540,690,9,10,19
540,700,9,10,19
540,710,9,10,19
540,720,10,10,20
540,730,11,13,24
540,740,12,14,26
540,750,12,15,27
540,760,13,16,29
540,770,14,16,30
540,780,14,16,30
540,790,14,16,30
540,800,14,16,30
540,810,14,17,31
540,820,14,20,34
540,830,14,20,34
540,840,15,22,37
540,850,18,23,41
540,860,18,23,41
540,870,18,23,41
540,880,19,23,42
540,890,20,24,44
540,900,21,25,46
540,910,22,26,48
540,920,23,26,49
540,930,23,28,51
540,940,24,29,53
540,950,24,30,54
540,960,24,32,56
540,970,24,32,56
540,980,24,35,59
540,990,24,36,60
540,1000,25,36,61
540,1010,27,36,63
540,1020,30,36,66
540,1030,30,38,68
540,1040,31,38,69
540,1050,31,39,70
540,1060,31,39,70
540,1070,31,40,71
540,1080,31,40,71
540,1090,32,41,73
540,1100,33,41,74
540,1110,34,43,77
540,1120,35,43,78
540,1130,37,43,80
540,1140,41,43,84
540,1150,41,44,85
540,1160,43,45,88
540,1170,43,46,89
540,1180,44,47,91
540,1190,44,47,91
540,1200,44,48,92
540,1210,44,49,93
540,1220,44,49,93
540,1230,44,50,94
540,1240,44,50,94
540,1250,45,51,96
540,1260,45,52,97
540,1270,46,53,99
540,1280,46,53,99
540,1290,47,54,101
540,1300,48,54,102
540,1310,49,56,105
540,1320,49,57,106
540,1330,50,57,107
540,1340,51,58,109
540,1350,51,60,111
540,1360,52,61,113
540,1370,54,62,116
540,1380,55,63,118
540,1390,57,63,120
540,1400,57,63,120
540,1410,58,63,121
540,1420,59,63,122
540,1430,59,64,123
540,1440,60,64,124
540,1450,61,65,126
540,1460,61,65,126
540,1470,61,66,127
540,1480,62,66,128
540,1490,62,66,128
540,1500,62,68,130
540,1510,63,68,131
540,1520,64,69,133
540,1530,66,69,135
540,1540,66,69,135
540,1550,67,69,136
540,1560,67,69,136
540,1570,67,71,138
540,1580,67,71,138
540,1590,68,71,139
540,1600,69,72,141
540,1610,70,72,142
540,1620,70,72,142
540,1630,70,72,142
540,1640,71,73,144
540,1650,74,76,150
540,1660,74,77,151
540,1670,74,77,151
540,1680,75,78,153
540,1690,76,78,154
540,1700,76,78,154
540,1710,76,79,155
540,1720,77,79,156
540,1730,77,79,156
540,1740,77,80,157
540,1750,77,80,157
540,1760,78,80,158
540,1770,80,80,160
540,1780,80,80,160
540,1790,82,81,163
540,1800,83,81,164
540,1810,83,82,165
540,1820,83,82,165
540,1830,84,83,167
540,1840,85,83,168
540,1850,85,83,168
540,1860,87,84,171
540,1870,87,84,171
540,1880,87,84,171
540,1890,88,84,172
540,1900,91,84,175
540,1910,91,84,175
540,1920,92,85,177
540,1930,92,86,178
540,1940,92,87,179
540,1950,92,88,180
540,1960,92,88,180
540,1970,93,89,182
540,1980,93,91,184
540,1990,94,91,185
550,550,0,0,0
550,560,0,0,0
550,570,0,0,0
550,580,0,0,0
550,590,0,2,2
550,600,1,2,3
550,610,1,5,6
550,620,2,6,8
550,630,4,7,11
550,640,6,7,13
550,650,6,7,13
550,660,7,7,14
550,670,7,8,15
550,680,7,9,16
550,690,8,9,17
550,700,8,9,17
550,710,8,9,17
550,720,9,9,18
550,730,10,12,22
550,740,11,13,24
550,750,11,14,25
550,760,12,15,27
550,770,13,15,28
550,780,13,15,28
550,790,13,15,28
550,800,13,15,28
550,810,13,16,29
550,820,13,19,32
550,830,13,19,32
550,840,14,21,35
550,850,17,22,39
550,860,17,22,39
550,870,17,22,39
550,880,18,22,40
550,890,19,23,42
550,900,20,24,44
550,910,21,25,46
550,920,22,25,47
550,930,22,27,49
550,940,23,28,51
550,950,23,29,52
550,960,23,31,54
550,970,23,31,54
550,980,23,34,57
550,990,23,35,58
550,1000,24,35,59
550,1010,26,35,61
550,1020,29,35,64
550,1030,29,37,66
550,1040,30,37,67
550,1050,30,38,68
550,1060,30,38,68
550,1070,30,39,69
550,1080,30,39,69
550,1090,31,40,71
550,1100,32,40,72
550,1110,33,42,75
550,1120,34,42,76
550,1130,36,42,78
550,1140,40,42,82
550,1150,40,43,83
550,1160,42,44,86
550,1170,42,45,87
550,1180,43,46,89
550,1190,43,46,89
550,1200,43,47,90
550,1210,43,48,91
550,1220,43,48,91
550,1230,43,49,92
550,1240,43,49,92
550,1250,44,50,94
550,1260,44,51,95
550,1270,45,52,97
550,1280,45,52,97
550,1290,46,53,99
550,1300,47,53,100
550,1310,48,55,103
550,1320,48,56,104
550,1330,49,56,105
550,1340,50,57,107
550,1350,50,59,109
550,1360,51,60,111
550,1370,53,61,114
550,1380,54,62,116
550,1390,56,62,118
550,1400,56,62,118
550,1410,57,62,119
550,1420,58,62,120
550,1430,58,63,121
550,1440,59,63,122
550,1450,60,64,124
550,1460,60,64,124
550,1470,60,65,125
550,1480,61,65,126
550,1490,61,65,126
550,1500,61,67,128
550,1510,62,67,129
550,1520,63,68,131
550,1530,65,68,133
550,1540,65,68,133
550,1550,66,68,134
550,1560,66,68,134
550,1570,66,70,136
550,1580,66,70,136
550,1590,67,70,137
550,1600,68,71,139
550,1610,69,71,140
550,1620,69,71,140
550,1630,69,71,140
550,1640,70,72,142
550,1650,73,75,148
550,1660,73,76,149
550,1670,73,76,149
550,1680,74,77,151
550,1690,75,77,152
550,1700,75,77,152
550,1710,75,78,153
550,1720,76,78,154
550,1730,76,78,154
550,1740,76,79,155
550,1750,76,79,155
550,1760,77,79,156
550,1770,79,79,158
550,1780,79,79,158
550,1790,81,80,161
550,1800,82,80,162
550,1810,82,81,163
550,1820,82,81,163
550,1830,83,82,165
550,1840,84,82,166
550,1850,84,82,166
550,1860,86,83,169
550,1870,86,83,169
550,1880,86,83,169
550,1890,87,83,170
550,1900,90,83,173
550,1910,90,83,173
550,1920,91,84,175
550,1930,91,85,176
550,1940,91,86,177
550,1950,91,87,178
550,1960,91,87,178
550,1970,92,88,180
550,1980,92,90,182
550,1990,93,90,183
560,560,0,0,0
560,570,0,0,0
560,580,0,0,0
560,590,0,2,2
560,600,1,2,3
560,610,1,5,6
560,620,2,6,8
560,630,4,7,11
560,640,6,7,13
560,650,6,7,13
560,660,7,7,14
560,670,7,8,15
560,680,7,9,16
560,690,8,9,17
560,700,8,9,17
560,710,8,9,17
560,720,9,9,18
560,730,10,12,22
560,740,11,13,24
560,750,11,14,25
560,760,12,15,27
560,770,13,15,28
560,780,13,15,28
560,790,13,15,28
560,800,13,15,28
560,810,13,16,29
560,820,13,19,32
560,830,13,19,32
560,840,14,21,35
560,850,17,22,39
560,860,17,22,39
560,870,17,22,39
560,880,18,22,40
560,890,19,23,42
560,900,20,24,44
560,910,21,25,46
560,920,22,25,47
560,930,22,27,49
560,940,23,28,51
560,950,23,29,52
560,960,23,31,54
560,970,23,31,54
560,980,23,34,57
560,990,23,35,58
560,1000,24,35,59
560,1010,26,35,61
560,1020,29,35,64
560,1030,29,37,66
560,1040,30,37,67
560,1050,30,38,68
560,1060,30,38,68
560,1070,30,39,69
560,1080,30,39,69
560,1090,31,40,71
560,1100,32,40,72
560,1110,33,42,75
560,1120,34,42,76
560,1130,36,42,78
560,1140,40,42,82
560,1150,40,43,83
560,1160,42,44,86
560,1170,42,45,87
560,1180,43,46,89
560,1190,43,46,89
560,1200,43,47,90
560,1210,43,48,91
560,1220,43,48,91
560,1230,43,49,92
560,1240,43,49,92
560,1250,44,50,94
560,1260,44,51,95
560,1270,45,52,97
560,1280,45,52,97
560,1290,46,53,99
560,1300,47,53,100
560,1310,48,55,103
560,1320,48,56,104
560,1330,49,56,105
560,1340,50,57,107
560,1350,50,59,109
560,1360,51,60,111
560,1370,53,61,114
560,1380,54,62,116
560,1390,56,62,118
560,1400,56,62,118
560,1410,57,62,119
560,1420,58,62,120
560,1430,58,63,121
560,1440,59,63,122
560,1450,60,64,124
560,1460,60,64,124
560,1470,60,65,125
560,1480,61,65,126
560,1490,61,65,126
560,1500,61,67,128
560,1510,62,67,129
560,1520,63,68,131
560,1530,65,68,133
560,1540,65,68,133
560,1550,66,68,134
560,1560,66,68,134
560,1570,66,70,136
560,1580,66,70,136
560,1590,67,70,137
560,1600,68,71,139
560,1610,69,71,140
560,1620,69,71,140
560,1630,69,71,140
560,1640,70,72,142
560,1650,73,75,148
560,1660,73,76,149
560,1670,73,76,149
560,1680,74,77,151
560,1690,75,77,152
560,1700,75,77,152
560,1710,75,78,153
560,1720,76,78,154
560,1730,76,78,154
560,1740,76,79,155
560,1750,76,79,155
560,1760,77,79,156
560,1770,79,79,158
560,1780,79,79,158
560,1790,81,80,161
560,1800,82,80,162
560,1810,82,81,163
560,1820,82,81,163
560,1830,83,82,165
560,1840,84,82,166
560,1850,84,82,166
560,1860,86,83,169
560,1870,86,83,169
560,1880,86,83,169
560,1890,87,83,170
560,1900,90,83,173
560,1910,90,83,173
560,1920,91,84,175
560,1930,91,85,176
560,1940,91,86,177
560,1950,91,87,178
560,1960,91,87,178
560,1970,92,88,180
560,1980,92,90,182
560,1990,93,90,183
570,570,0,0,0
570,580,0,0,0
570,590,0,2,2
570,600,1,2,3
570,610,1,5,6
570,620,2,6,8
570,630,4,7,11
570,640,6,7,13
570,650,6,7,13
570,660,7,7,14
570,670,7,8,15
570,680,7,9,16
570,690,8,9,17
570,700,8,9,17
570,710,8,9,17
570,720,9,9,18
570,730,10,12,22
570,740,11,13,24
570,750,11,14,25
570,760,12,15,27
570,770,13,15,28
570,780,13,15,28
570,790,13,15,28
570,800,13,15,28
570,810,13,16,29
570,820,13,19,32
570,830,13,19,32
570,840,14,21,35
570,850,17,22,39
570,860,17,22,39
570,870,17,22,39
570,880,18,22,40
570,890,19,23,42
570,900,20,24,44
570,910,21,25,46
570,920,22,25,47
570,930,22,27,49
570,940,23,28,51
570,950,23,29,52
570,960,23,31,54
570,970,23,31,54
570,980,23,34,57
570,990,23,35,58
570,1000,24,35,59
570,1010,26,35,61
570,1020,29,35,64
570,1030,29,37,66
570,1040,30,37,67
570,1050,30,38,68
570,1060,30,38,68
570,1070,30,39,69
570,1080,30,39,69
570,1090,31,40,71
570,1100,32,40,72
570,1110,33,42,75
570,1120,34,42,76
570,1130,36,42,78
570,1140,40,42,82
570,1150,40,43,83
570,1160,42,44,86
570,1170,42,45,87
570,1180,43,46,89
570,1190,43,46,89
570,1200,43,47,90
570,1210,43,48,91
570,1220,43,48,91
570,1230,43,49,92
570,1240,43,49,92
570,1250,44,50,94
570,1260,44,51,95
570,1270,45,52,97
570,1280,45,52,97
570,1290,46,53,99
570,1300,47,53,100
570,1310,48,55,103
570,1320,48,56,104
570,1330,49,56,105
570,1340,50,57,107
570,1350,50,59,109
570,1360,51,60,111
570,1370,53,61,114
570,1380,54,62,116
570,1390,56,62,118
570,1400,56,62,118
570,1410,57,62,119
570,1420,58,62,120
570,1430,58,63,121
570,1440,59,63,122
570,1450,60,64,124
570,1460,60,64,124
570,1470,60,65,125
570,1480,61,65,126
570,1490,61,65,126
570,1500,61,67,128
570,1510,62,67,129
570,1520,63,68,131
570,1530,65,68,133
570,1540,65,68,133
570,1550,66,68,134
570,1560,66,68,134
570,1570,66,70,136
570,1580,66,70,136
570,1590,67,70,137
570,1600,68,71,139
570,1610,69,71,140
570,1620,69,71,140
570,1630,69,71,140
570,1640,70,72,142
570,1650,73,75,148
570,1660,73,76,149
570,1670,73,76,149
570,1680,74,77,151
570,1690,75,77,152
570,1700,75,77,152
570,1710,75,78,153
570,1720,76,78,154
570,1730,76,78,154
570,1740,76,79,155
570,1750,76,79,155
570,1760,77,79,156
570,1770,79,79,158
570,1780,79,79,158
570,1790,81,80,161
570,1800,82,80,162
570,1810,82,81,163
570,1820,82,81,163
570,1830,83,82,165
570,1840,84,82,166
570,1850,84,82,166
570,1860,86,83,169
570,1870,86,83,169
570,1880,86,83,169
570,1890,87,83,170
570,1900,90,83,173
570,1910,90,83,173
570,1920,91,84,175
570,1930,91,85,176
570,1940,91,86,177
570,1950,91,87,178
570,1960,91,87,178
570,1970,92,88,180
570,1980,92,90,182
570,1990,93,90,183
580,580,0,0,0
580,590,0,2,2
580,600,1,2,3
580,610,1,5,6
580,620,2,6,8
580,630,4,7,11
580,640,6,7,13
580,650,6,7,13
580,660,7,7,14
580,670,7,8,15
580,680,7,9,16
580,690,8,9,17
580,700,8,9,17
580,710,8,9,17
580,720,9,9,18
580,730,10,12,22
580,740,11,13,24
580,750,11,14,25
580,760,12,15,27
580,770,13,15,28
580,780,13,15,28
580,790,13,15,28
580,800,13,15,28
580,810,13,16,29
580,820,13,19,32
580,830,13,19,32
580,840,14,21,35
580,850,17,22,39
580,860,17,22,39
580,870,17,22,39
580,880,18,22,40
580,890,19,23,42
580,900,20,24,44
580,910,21,25,46
580,920,22,25,47
580,930,22,27,49
580,940,23,28,51
580,950,23,29,52
580,960,23,31,54
580,970,23,31,54
580,980,23,34,57
580,990,23,35,58
580,1000,24,35,59
580,1010,26,35,61
580,1020,29,35,64
580,1030,29,37,66
580,1040,30,37,67
580,1050,30,38,68
580,1060,30,38,68
580,1070,30,39,69
580,1080,30,39,69
580,1090,31,40,71
580,1100,32,40,72
580,1110,33,42,75
580,1120,34,42,76
580,1130,36,42,78
580,1140,40,42,82
580,1150,40,43,83
580,1160,42,44,86
580,1170,42,45,87
580,1180,43,46,89
580,1190,43,46,89
580,1200,43,47,90
580,1210,43,48,91
580,1220,43,48,91
580,1230,43,49,92
580,1240,43,49,92
580,1250,44,50,94
580,1260,44,51,95
580,1270,45,52,97
580,1280,45,52,97
580,1290,46,53,99
580,1300,47,53,100
580,1310,48,55,103
580,1320,48,56,104
580,1330,49,56,105
580,1340,50,57,107
580,1350,50,59,109
580,1360,51,60,111
580,1370,53,61,114
580,1380,54,62,116
580,1390,56,62,118
580,1400,56,62,118
580,1410,57,62,119
580,1420,58,62,120
580,1430,58,63,121
580,1440,59,63,122
580,1450,60,64,124
580,1460,60,64,124
580,1470,60,65,125
580,1480,61,65,126
580,1490,61,65,126
580,1500,61,67,128
580,1510,62,67,129
580,1520,63,68,131
580,1530,65,68,133
580,1540,65,68,133
580,1550,66,68,134
580,1560,66,68,134
580,1570,66,70,136
580,1580,66,70,136
580,1590,67,70,137
580,1600,68,71,139
580,1610,69,71,140
580,1620,69,71,140
580,1630,69,71,140
580,1640,70,72,142
580,1650,73,75,148
580,1660,73,76,149
580,1670,73,76,149
580,1680,74,77,151
580,1690,75,77,152
580,1700,75,77,152
580,1710,75,78,153
580,1720,76,78,154
580,1730,76,78,154
580,1740,76,79,155
580,1750,76,79,155
580,1760,77,79,156
580,1770,79,79,158
580,1780,79,79,158
580,1790,81,80,161
580,1800,82,80,162
580,1810,82,81,163
580,1820,82,81,163
580,1830,83,82,165
580,1840,84,82,166
580,1850,84,82,166
580,1860,86,83,169
580,1870,86,83,169
580,1880,86,83,169
580,1890,87,83,170
580,1900,90,83,173
580,1910,90,83,173
580,1920,91,84,175
580,1930,91,85,176
580,1940,91,86,177
580,1950,91,87,178
580,1960,91,87,178
580,1970,92,88,180
580,1980,92,90,182
580,1990,93,90,183
590,590,0,1,1
590,600,1,1,2
590,610,1,4,5
590,620,2,5,7
590,630,4,6,10
590,640,6,6,12
590,650,6,6,12
590,660,7,6,13
590,670,7,7,14
590,680,7,8,15
590,690,8,8,16
590,700,8,8,16
590,710,8,8,16
590,720,9,8,17
590,730,10,11,21
590,740,11,12,23
590,750,11,13,24
590,760,12,14,26
590,770,13,14,27
590,780,13,14,27
590,790,13,14,27
590,800,13,14,27
590,810,13,15,28
590,820,13,18,31
590,830,13,18,31
590,840,14,20,34
590,850,17,21,38
590,860,17,21,38
590,870,17,21,38
590,880,18,21,39
590,890,19,22,41
590,900,20,23,43
590,910,21,24,45
590,920,22,24,46
590,930,22,26,48
590,940,23,27,50
590,950,23,28,51
590,960,23,30,53
590,970,23,30,53
590,980,23,33,56
590,990,23,34,57
590,1000,24,34,58
590,1010,26,34,60
590,1020,29,34,63
590,1030,29,36,65
590,1040,30,36,66
590,1050,30,37,67
590,1060,30,37,67
590,1070,30,38,68
590,1080,30,38,68
590,1090,31,39,70
590,1100,32,39,71
590,1110,33,41,74
590,1120,34,41,75
590,1130,36,41,77
590,1140,40,41,81
590,1150,40,42,82
590,1160,42,43,85
590,1170,42,44,86
590,1180,43,45,88
590,1190,43,45,88
590,1200,43,46,89
590,1210,43,47,90
590,1220,43,47,90
590,1230,43,48,91
590,1240,43,48,91
590,1250,44,49,93
590,1260,44,50,94
590,1270,45,51,96
590,1280,45,51,96
590,1290,46,52,98
590,1300,47,52,99
590,1310,48,54,102
590,1320,48,55,103
590,1330,49,55,104
590,1340,50,56,106
590,1350,50,58,108
590,1360,51,59,110
590,1370,53,60,113
590,1380,54,61,115
590,1390,56,61,117
590,1400,56,61,117
590,1410,57,61,118
590,1420,58,61,119
590,1430,58,62,120
590,1440,59,62,121
590,1450,60,63,123
590,1460,60,63,123
590,1470,60,64,124
590,1480,61,64,125
590,1490,61,64,125
590,1500,61,66,127
590,1510,62,66,128
590,1520,63,67,130
590,1530,65,67,132
590,1540,65,67,132
590,1550,66,67,133
590,1560,66,67,133
590,1570,66,69,135
590,1580,66,69,135
590,1590,67,69,136
590,1600,68,70,138
590,1610,69,70,139
590,1620,69,70,139
590,1630,69,70,139
590,1640,70,71,141
590,1650,73,74,147
590,1660,73,75,148
590,1670,73,75,148
590,1680,74,76,150
590,1690,75,76,151
590,1700,75,76,151
590,1710,75,77,152
590,1720,76,77,153
590,1730,76,77,153
590,1740,76,78,154
590,1750,76,78,154
590,1760,77,78,155
590,1770,79,78,157
590,1780,79,78,157
590,1790,81,79,160
590,1800,82,79,161
590,1810,82,80,162
590,1820,82,80,162
590,1830,83,81,164
590,1840,84,81,165
590,1850,84,81,165
590,1860,86,82,168
590,1870,86,82,168
590,1880,86,82,168
590,1890,87,82,169
590,1900,90,82,172
590,1910,90,82,172
590,1920,91,83,174
590,1930,91,84,175
590,1940,91,85,176
590,1950,91,86,177
590,1960,91,86,177
590,1970,92,87,179
590,1980,92,89,181
590,1990,93,89,182
600,600,0,0,0
600,610,0,3,3
600,620,1,4,5
600,630,3,5,8
600,640,5,5,10
600,650,5,5,10
600,660,6,5,11
600,670,6,6,12
600,680,6,7,13
600,690,7,7,14
600,700,7,7,14
600,710,7,7,14
600,720,8,7,15
600,730,9,10,19
600,740,10,11,21
600,750,10,12,22
600,760,11,13,24
600,770,12,13,25
600,780,12,13,25
600,790,12,13,25
600,800,12,13,25
600,810,12,14,26
600,820,12,17,29
600,830,12,17,29
600,840,13,19,32
600,850,16,20,36
600,860,16,20,36
600,870,16,20,36
600,880,17,20,37
600,890,18,21,39
600,900,19,22,41
600,910,20,23,43
600,920,21,23,44
600,930,21,25,46
600,940,22,26,48
600,950,22,27,49
600,960,22,29,51
600,970,22,29,51
600,980,22,32,54
600,990,22,33,55
600,1000,23,33,56
600,1010,25,33,58
600,1020,28,33,61
600,1030,28,35,63
600,1040,29,35,64
600,1050,29,36,65
600,1060,29,36,65
600,1070,29,37,66
600,1080,29,37,66
600,1090,30,38,68
600,1100,31,38,69
600,1110,32,40,72
600,1120,33,40,73
600,1130,35,40,75
600,1140,39,40,79
600,1150,39,41,80
600,1160,41,42,83
600,1170,41,43,84
600,1180,42,44,86
600,1190,42,44,86
600,1200,42,45,87
600,1210,42,46,88
600,1220,42,46,88
600,1230,42,47,89
600,1240,42,47,89
600,1250,43,48,91
600,1260,43,49,92
600,1270,44,50,94
600,1280,44,50,94
600,1290,45,51,96
600,1300,46,51,97
600,1310,47,53,100
600,1320,47,54,101
600,1330,48,54,102
600,1340,49,55,104
600,1350,49,57,106
600,1360,50,58,108
600,1370,52,59,111
600,1380,53,60,113
600,1390,55,60,115
600,1400,55,60,115
600,1410,56,60,116
600,1420,57,60,117
600,1430,57,61,118
600,1440,58,61,119
600,1450,59,62,121
600,1460,59,62,121
600,1470,59,63,122
600,1480,60,63,123
600,1490,60,63,123
600,1500,60,65,125
600,1510,61,65,126
600,1520,62,66,128
600,1530,64,66,130
600,1540,64,66,130
600,1550,65,66,131
600,1560,65,66,131
600,1570,65,68,133
600,1580,65,68,133
600,1590,66,68,134
600,1600,67,69,136
600,1610,68,69,137
600,1620,68,69,137
600,1630,68,69,137
600,1640,69,70,139
600,1650,72,73,145
600,1660,72,74,146
600,1670,72,74,146
600,1680,73,75,148
600,1690,74,75,149
600,1700,74,75,149
600,1710,74,76,150
600,1720,75,76,151
600,1730,75,76,151
600,1740,75,77,152
600,1750,75,77,152
600,1760,76,77,153
600,1770,78,77,155
600,1780,78,77,155
600,1790,80,78,158
600,1800,81,78,159
600,1810,81,79,160
600,1820,81,79,160
600,1830,82,80,162
600,1840,83,80,163
600,1850,83,80,163
600,1860,85,81,166
600,1870,85,81,166
600,1880,85,81,166
600,1890,86,81,167
600,1900,89,81,170
600,1910,89,81,170
600,1920,90,82,172
600,1930,90,83,173
600,1940,90,84,174
600,1950,90,85,175
600,1960,90,85,175
600,1970,91,86,177
600,1980,91,88,179
600,1990,92,88,180
610,610,0,0,0
610,620,1,1,2
610,630,3,2,5
610,640,5,2,7
610,650,5,2,7
610,660,6,2,8
610,670,6,3,9
610,680,6,4,10
610,690,7,4,11
610,700,7,4,11
610,710,7,4,11
610,720,8,4,12
610,730,9,7,16
610,740,10,8,18
610,750,10,9,19
610,760,11,10,21
610,770,12,10,22
610,780,12,10,22
610,790,12,10,22
610,800,12,10,22
610,810,12,11,23
610,820,12,14,26
610,830,12,14,26
610,840,13,16,29
610,850,16,17,33
610,860,16,17,33
610,870,16,17,33
610,880,17,17,34
610,890,18,18,36
610,900,19,19,38
610,910,20,20,40
610,920,21,20,41
610,930,21,22,43
610,940,22,23,45
610,950,22,24,46
610,960,22,26,48
610,970,22,26,48
610,980,22,29,51
610,990,22,30,52
610,1000,23,30,53
610,1010,25,30,55
610,1020,28,30,58
610,1030,28,32,60
610,1040,29,32,61
610,1050,29,33,62
610,1060,29,33,62
610,1070,29,34,63
610,1080,29,34,63
610,1090,30,35,65
610,1100,31,35,66
610,1110,32,37,69
610,1120,33,37,70
610,1130,35,37,72
610,1140,39,37,76
610,1150,39,38,77
610,1160,41,39,80
610,1170,41,40,81
610,1180,42,41,83
610,1190,42,41,83
610,1200,42,42,84
610,1210,42,43,85
610,1220,42,43,85
610,1230,42,44,86
610,1240,42,44,86
610,1250,43,45,88
610,1260,43,46,89
610,1270,44,47,91
610,1280,44,47,91
610,1290,45,48,93
610,1300,46,48,94
610,1310,47,50,97
610,1320,47,51,98
610,1330,48,51,99
610,1340,49,52,101
610,1350,49,54,103
610,1360,50,55,105
610,1370,52,56,108
610,1380,53,57,110
610,1390,55,57,112
610,1400,55,57,112
610,1410,56,57,113
610,1420,57,57,114
610,1430,57,58,115
610,1440,58,58,116
610,1450,59,59,118
610,1460,59,59,118
610,1470,59,60,119
610,1480,60,60,120
610,1490,60,60,120
610,1500,60,62,122
610,1510,61,62,123
610,1520,62,63,125
610,1530,64,63,127
610,1540,64,63,127
610,1550,65,63,128
610,1560,65,63,128
610,1570,65,65,130
610,1580,65,65,130
610,1590,66,65,131
610,1600,67,66,133
610,1610,68,66,134
610,1620,68,66,134
610,1630,68,66,134
610,1640,69,67,136
610,1650,72,70,142
610,1660,72,71,143
610,1670,72,71,143
610,1680,73,72,145
610,1690,74,72,146
610,1700,74,72,146
610,1710,74,73,147
610,1720,75,73,148
610,1730,75,73,148
610,1740,75,74,149
610,1750,75,74,149
610,1760,76,74,150
610,1770,78,74,152
610,1780,78,74,152
610,1790,80,75,155
610,1800,81,75,156
610,1810,81,76,157
610,1820,81,76,157
610,1830,82,77,159
610,1840,83,77,160
610,1850,83,77,160
610,1860,85,78,163
610,1870,85,78,163
610,1880,85,78,163
610,1890,86,78,164
610,1900,89,78,167
610,1910,89,78,167
610,1920,90,79,169
610,1930,90,80,170
610,1940,90,81,171
610,1950,90,82,172
610,1960,90,82,172
610,1970,91,83,174
610,1980,91,85,176
610,1990,92,85,177
620,620,0,0,0
620,630,2,1,3
620,640,4,1,5
620,650,4,1,5
620,660,5,1,6
620,670,5,2,7
620,680,5,3,8
620,690,6,3,9
620,700,6,3,9
620,710,6,3,9
620,720,7,3,10
620,730,8,6,14
620,740,9,7,16
620,750,9,8,17
620,760,10,9,19
620,770,11,9,20
620,780,11,9,20
620,790,11,9,20
620,800,11,9,20
620,810,11,10,21
620,820,11,13,24
620,830,11,13,24
620,840,12,15,27
620,850,15,16,31
620,860,15,16,31
620,870,15,16,31
620,880,16,16,32
620,890,17,17,34
620,900,18,18,36
620,910,19,19,38
620,920,20,19,39
620,930,20,21,41
620,940,21,22,43
620,950,21,23,44
620,960,21,25,46
620,970,21,25,46
620,980,21,28,49
620,990,21,29,50
620,1000,22,29,51
620,1010,24,29,53
620,1020,27,29,56
620,1030,27,31,58
620,1040,28,31,59
620,1050,28,32,60
620,1060,28,32,60
620,1070,28,33,61
620,1080,28,33,61
620,1090,29,34,63
620,1100,30,34,64
620,1110,31,36,67
620,1120,32,36,68
620,1130,34,36,70
620,1140,38,36,74
620,1150,38,37,75
620,1160,40,38,78
620,1170,40,39,79
620,1180,41,40,81
620,1190,41,40,81
620,1200,41,41,82
620,1210,41,42,83
620,1220,41,42,83
620,1230,41,43,84
620,1240,41,43,84
620,1250,42,44,86
620,1260,42,45,87
620,1270,43,46,89
620,1280,43,46,89
620,1290,44,47,91
620,1300,45,47,92
620,1310,46,49,95
620,1320,46,50,96
620,1330,47,50,97
620,1340,48,51,99
620,1350,48,53,101
620,1360,49,54,103
620,1370,51,55,106
620,1380,52,56,108
620,1390,54,56,110
620,1400,54,56,110
620,1410,55,56,111
620,1420,56,56,112
620,1430,56,57,113
620,1440,57,57,114
620,1450,58,58,116
620,1460,58,58,116
620,1470,58,59,117
620,1480,59,59,118
620,1490,59,59,118
620,1500,59,61,120
620,1510,60,61,121
620,1520,61,62,123
620,1530,63,62,125
620,1540,63,62,125
620,1550,64,62,126
620,1560,64,62,126
620,1570,64,64,128
620,1580,64,64,128
620,1590,65,64,129
620,1600,66,65,131
620,1610,67,65,132
620,1620,67,65,132
620,1630,67,65,132
620,1640,68,66,134
620,1650,71,69,140
620,1660,71,70,141
620,1670,71,70,141
620,1680,72,71,143
620,1690,73,71,144
620,1700,73,71,144
620,1710,73,72,145
620,1720,74,72,146
620,1730,74,72,146
620,1740,74,73,147
620,1750,74,73,147
620,1760,75,73,148
620,1770,77,73,150
620,1780,77,73,150
620,1790,79,74,153
620,1800,80,74,154
620,1810,80,75,155
620,1820,80,75,155
620,1830,81,76,157
620,1840,82,76,158
620,1850,82,76,158
620,1860,84,77,161
620,1870,84,77,161
620,1880,84,77,161
620,1890,85,77,162
620,1900,88,77,165
620,1910,88,77,165
620,1920,89,78,167
620,1930,89,79,168
620,1940,89,80,169
620,1950,89,81,170
620,1960,89,81,170
620,1970,90,82,172
620,1980,90,84,174
620,1990,91,84,175
630,630,0,0,0
630,640,2,0,2
630,650,2,0,2
630,660,3,0,3
630,670,3,1,4
630,680,3,2,5
630,690,4,2,6
630,700,4,2,6
630,710,4,2,6
630,720,5,2,7
630,730,6,5,11
630,740,7,6,13
630,750,7,7,14
630,760,8,8,16
630,770,9,8,17
630,780,9,8,17
630,790,9,8,17
630,800,9,8,17
630,810,9,9,18
630,820,9,12,21
630,830,9,12,21
630,840,10,14,24
630,850,13,15,28
630,860,13,15,28
630,870,13,15,28
630,880,14,15,29
630,890,15,16,31
630,900,16,17,33
630,910,17,18,35
630,920,18,18,36
630,930,18,20,38
630,940,19,21,40
630,950,19,22,41
630,960,19,24,43
630,970,19,24,43
630,980,19,27,46
630,990,19,28,47
630,1000,20,28,48
630,1010,22,28,50
630,1020,25,28,53
630,1030,25,30,55
630,1040,26,30,56
630,1050,26,31,57
630,1060,26,31,57
630,1070,26,32,58
630,1080,26,32,58
630,1090,27,33,60
630,1100,28,33,61
630,1110,29,35,64
630,1120,30,35,65
630,1130,32,35,67
630,1140,36,35,71
630,1150,36,36,72
630,1160,38,37,75
630,1170,38,38,76
630,1180,39,39,78
630,1190,39,39,78
630,1200,39,40,79
630,1210,39,41,80
630,1220,39,41,80
630,1230,39,42,81
630,1240,39,42,81
630,1250,40,43,83
630,1260,40,44,84
630,1270,41,45,86
630,1280,41,45,86
630,1290,42,46,88
630,1300,43,46,89
630,1310,44,48,92
630,1320,44,49,93
630,1330,45,49,94
630,1340,46,50,96
630,1350,46,52,98
630,1360,47,53,100
630,1370,49,54,103
630,1380,50,55,105
630,1390,52,55,107
630,1400,52,55,107
630,1410,53,55,108
630,1420,54,55,109
630,1430,54,56,110
630,1440,55,56,111
630,1450,56,57,113
630,1460,56,57,113
630,1470,56,58,114
630,1480,57,58,115
630,1490,57,58,115
630,1500,57,60,117
630,1510,58,60,118
630,1520,59,61,120
630,1530,61,61,122
630,1540,61,61,122
630,1550,62,61,123
630,1560,62,61,123
630,1570,62,63,125
630,1580,62,63,125
630,1590,63,63,126
630,1600,64,64,128
630,1610,65,64,129
630,1620,65,64,129
630,1630,65,64,129
630,1640,66,65,131
630,1650,69,68,137
630,1660,69,69,138
630,1670,69,69,138
630,1680,70,70,140
630,1690,71,70,141
630,1700,71,70,141
630,1710,71,71,142
630,1720,72,71,143
630,1730,72,71,143
630,1740,72,72,144
630,1750,72,72,144
630,1760,73,72,145
630,1770,75,72,147
630,1780,75,72,147
630,1790,77,73,150
630,1800,78,73,151
630,1810,78,74,152
630,1820,78,74,152
630,1830,79,75,154
630,1840,80,75,155
630,1850,80,75,155
630,1860,82,76,158
630,1870,82,76,158
630,1880,82,76,158
630,1890,83,76,159
630,1900,86,76,162
630,1910,86,76,162
630,1920,87,77,164
630,1930,87,78,165
630,1940,87,79,166
630,1950,87,80,167
630,1960,87,80,167
630,1970,88,81,169
630,1980,88,83,171
630,1990,89,83,172
640,640,0,0,0
640,650,0,0,0
640,660,1,0,1
640,670,1,1,2
640,680,1,2,3
640,690,2,2,4
640,700,2,2,4
640,710,2,2,4
640,720,3,2,5
640,730,4,5,9
640,740,5,6,11
640,750,5,7,12
640,760,6,8,14
640,770,7,8,15
640,780,7,8,15
640,790,7,8,15
640,800,7,8,15
640,810,7,9,16
640,820,7,12,19
640,830,7,12,19
640,840,8,14,22
640,850,11,15,26
640,860,11,15,26
640,870,11,15,26
640,880,12,15,27
640,890,13,16,29
640,900,14,17,31
640,910,15,18,33
640,920,16,18,34
640,930,16,20,36
640,940,17,21,38
640,950,17,22,39
640,960,17,24,41
640,970,17,24,41
640,980,17,27,44
640,990,17,28,45
640,1000,18,28,46
640,1010,20,28,48
640,1020,23,28,51
640,1030,23,30,53
640,1040,24,30,54
640,1050,24,31,55
640,1060,24,31,55
640,1070,24,32,56
640,1080,24,32,56
640,1090,25,33,58
640,1100,26,33,59
640,1110,27,35,62
640,1120,28,35,63
640,1130,30,35,65
640,1140,34,35,69
640,1150,34,36,70
640,1160,36,37,73
640,1170,36,38,74
640,1180,37,39,76
640,1190,37,39,76
640,1200,37,40,77
640,1210,37,41,78
640,1220,37,41,78
640,1230,37,42,79
640,1240,37,42,79
640,1250,38,43,81
640,1260,38,44,82
640,1270,39,45,84
640,1280,39,45,84
640,1290,40,46,86
640,1300,41,46,87
640,1310,42,48,90
640,1320,42,49,91
640,1330,43,49,92
640,1340,44,50,94
640,1350,44,52,96
640,1360,45,53,98
640,1370,47,54,101
640,1380,48,55,103
640,1390,50,55,105
640,1400,50,55,105
640,1410,51,55,106
640,1420,52,55,107
640,1430,52,56,108
640,1440,53,56,109
640,1450,54,57,111
640,1460,54,57,111
640,1470,54,58,112
640,1480,55,58,113
640,1490,55,58,113
640,1500,55,60,115
640,1510,56,60,116
640,1520,57,61,118
640,1530,59,61,120
640,1540,59,61,120
640,1550,60,61,121
640,1560,60,61,121
640,1570,60,63,123
640,1580,60,63,123
640,1590,61,63,124
640,1600,62,64,126
640,1610,63,64,127
640,1620,63,64,127
640,1630,63,64,127
640,1640,64,65,129
640,1650,67,68,135
640,1660,67,69,136
640,1670,67,69,136
640,1680,68,70,138
640,1690,69,70,139
640,1700,69,70,139
640,1710,69,71,140
640,1720,70,71,141
640,1730,70,71,141
640,1740,70,72,142
640,1750,70,72,142
640,1760,71,72,143
640,1770,73,72,145
640,1780,73,72,145
640,1790,75,73,148
640,1800,76,73,149
640,1810,76,74,150
640,1820,76,74,150
640,1830,77,75,152
640,1840,78,75,153
640,1850,78,75,153
640,1860,80,76,156
640,1870,80,76,156
640,1880,80,76,156
640,1890,81,76,157
640,1900,84,76,160
640,1910,84,76,160
640,1920,85,77,162
640,1930,85,78,163
640,1940,85,79,164
640,1950,85,80,165
640,1960,85,80,165
640,1970,86,81,167
640,1980,86,83,169
640,1990,87,83,170
650,650,0,0,0
650,660,1,0,1
650,670,1,1,2
650,680,1,2,3
650,690,2,2,4
650,700,2,2,4
650,710,2,2,4
650,720,3,2,5
650,730,4,5,9
650,740,5,6,11
650,750,5,7,12
650,760,6,8,14
650,770,7,8,15
650,780,7,8,15
650,790,7,8,15
650,800,7,8,15
650,810,7,9,16
650,820,7,12,19
650,830,7,12,19
650,840,8,14,22
650,850,11,15,26
650,860,11,15,26
650,870,11,15,26
650,880,12,15,27
650,890,13,16,29
650,900,14,17,31
650,910,15,18,33
650,920,16,18,34
650,930,16,20,36
650,940,17,21,38
650,950,17,22,39
650,960,17,24,41
650,970,17,24,41
650,980,17,27,44
650,990,17,28,45
650,1000,18,28,46
650,1010,20,28,48
650,1020,23,28,51
650,1030,23,30,53
650,1040,24,30,54
650,1050,24,31,55
650,1060,24,31,55
650,1070,24,32,56
650,1080,24,32,56
650,1090,25,33,58
650,1100,26,33,59
650,1110,27,35,62
650,1120,28,35,63
650,1130,30,35,65
650,1140,34,35,69
650,1150,34,36,70
650,1160,36,37,73
650,1170,36,38,74
650,1180,37,39,76
650,1190,37,39,76
650,1200,37,40,77
650,1210,37,41,78
650,1220,37,41,78
650,1230,37,42,79
650,1240,37,42,79
650,1250,38,43,81
650,1260,38,44,82
650,1270,39,45,84
650,1280,39,45,84
650,1290,40,46,86
650,1300,41,46,87
650,1310,42,48,90
650,1320,42,49,91
650,1330,43,49,92
650,1340,44,50,94
650,1350,44,52,96
650,1360,45,53,98
650,1370,47,54,101
650,1380,48,55,103
650,1390,50,55,105
650,1400,50,55,105
650,1410,51,55,106
650,1420,52,55,107
650,1430,52,56,108
650,1440,53,56,109
650,1450,54,57,111
650,1460,54,57,111
650,1470,54,58,112
650,1480,55,58,113
650,1490,55,58,113
650,1500,55,60,115
650,1510,56,60,116
650,1520,57,61,118
650,1530,59,61,120
650,1540,59,61,120
650,1550,60,61,121
650,1560,60,61,121
650,1570,60,63,123
650,1580,60,63,123
650,1590,61,63,124
650,1600,62,64,126
650,1610,63,64,127
650,1620,63,64,127
650,1630,63,64,127
650,1640,64,65,129
650,1650,67,68,135
650,1660,67,69,136
650,1670,67,69,136
650,1680,68,70,138
650,1690,69,70,139
650,1700,69,70,139
650,1710,69,71,140
650,1720,70,71,141
650,1730,70,71,141
650,1740,70,72,142
650,1750,70,72,142
650,1760,71,72,143
650,1770,73,72,145
650,1780,73,72,145
650,1790,75,73,148
650,1800,76,73,149
650,1810,76,74,150
650,1820,76,74,150
650,1830,77,75,152
650,1840,78,75,153
650,1850,78,75,153
650,1860,80,76,156
650,1870,80,76,156
650,1880,80,76,156
650,1890,81,76,157
650,1900,84,76,160
650,1910,84,76,160
650,1920,85,77,162
650,1930,85,78,163
650,1940,85,79,164
650,1950,85,80,165
650,1960,85,80,165
650,1970,86,81,167
650,1980,86,83,169
650,1990,87,83,170
660,660,0,0,0
660,670,0,1,1
660,680,0,2,2
660,690,1,2,3
660,700,1,2,3
660,710,1,2,3
660,720,2,2,4
660,730,3,5,8
660,740,4,6,10
660,750,4,7,11
660,760,5,8,13
660,770,6,8,14
660,780,6,8,14
660,790,6,8,14
660,800,6,8,14
660,810,6,9,15
660,820,6,12,18
660,830,6,12,18
660,840,7,14,21
660,850,10,15,25
660,860,10,15,25
660,870,10,15,25
660,880,11,15,26
660,890,12,16,28
660,900,13,17,30
660,910,14,18,32
660,920,15,18,33
660,930,15,20,35
660,940,16,21,37
660,950,16,22,38
660,960,16,24,40
660,970,16,24,40
660,980,16,27,43
660,990,16,28,44
660,1000,17,28,45
660,1010,19,28,47
660,1020,22,28,50
660,1030,22,30,52
660,1040,23,30,53
660,1050,23,31,54
660,1060,23,31,54
660,1070,23,32,55
660,1080,23,32,55
660,1090,24,33,57
660,1100,25,33,58
660,1110,26,35,61
660,1120,27,35,62
660,1130,29,35,64
660,1140,33,35,68
660,1150,33,36,69
660,1160,35,37,72
660,1170,35,38,73
660,1180,36,39,75
660,1190,36,39,75
660,1200,36,40,76
660,1210,36,41,77
660,1220,36,41,77
660,1230,36,42,78
660,1240,36,42,78
660,1250,37,43,80
660,1260,37,44,81
660,1270,38,45,83
660,1280,38,45,83
660,1290,39,46,85
660,1300,40,46,86
660,1310,41,48,89
660,1320,41,49,90
660,1330,42,49,91
660,1340,43,50,93
660,1350,43,52,95
660,1360,44,53,97
660,1370,46,54,100
660,1380,47,55,102
660,1390,49,55,104
660,1400,49,55,104
660,1410,50,55,105
660,1420,51,55,106
660,1430,51,56,107
660,1440,52,56,108
660,1450,53,57,110
660,1460,53,57,110
660,1470,53,58,111
660,1480,54,58,112
660,1490,54,58,112
660,1500,54,60,114
660,1510,55,60,115
660,1520,56,61,117
660,1530,58,61,119
660,1540,58,61,119
660,1550,59,61,120
660,1560,59,61,120
660,1570,59,63,122
660,1580,59,63,122
660,1590,60,63,123
660,1600,61,64,125
660,1610,62,64,126
660,1620,62,64,126
660,1630,62,64,126
660,1640,63,65,128
660,1650,66,68,134
660,1660,66,69,135
660,1670,66,69,135
660,1680,67,70,137
660,1690,68,70,138
660,1700,68,70,138
660,1710,68,71,139
660,1720,69,71,140
660,1730,69,71,140
660,1740,69,72,141
660,1750,69,72,141
660,1760,70,72,142
660,1770,72,72,144
660,1780,72,72,144
660,1790,74,73,147
660,1800,75,73,148
660,1810,75,74,149
660,1820,75,74,149
660,1830,76,75,151
660,1840,77,75,152
660,1850,77,75,152
660,1860,79,76,155
660,1870,79,76,155
660,1880,79,76,155
660,1890,80,76,156
660,1900,83,76,159
660,1910,83,76,159
660,1920,84,77,161
660,1930,84,78,162
660,1940,84,79,163
660,1950,84,80,164
660,1960,84,80,164
660,1970,85,81,166
660,1980,85,83,168
660,1990,86,83,169
670,670,0,0,0
670,680,0,1,1
670,690,1,1,2
670,700,1,1,2
670,710,1,1,2
670,720,2,1,3
670,730,3,4,7
670,740,4,5,9
670,750,4,6,10
670,760,5,7,12
670,770,6,7,13
670,780,6,7,13
670,790,6,7,13
670,800,6,7,13
670,810,6,8,14
670,820,6,11,17
670,830,6,11,17
670,840,7,13,20
670,850,10,14,24
670,860,10,14,24
670,870,10,14,24
670,880,11,14,25
670,890,12,15,27
670,900,13,16,29
670,910,14,17,31
670,920,15,17,32
670,930,15,19,34
670,940,16,20,36
670,950,16,21,37
670,960,16,23,39
670,970,16,23,39
670,980,16,26,42
670,990,16,27,43
670,1000,17,27,44
670,1010,19,27,46
670,1020,22,27,49
670,1030,22,29,51
670,1040,23,29,52
670,1050,23,30,53
670,1060,23,30,53
670,1070,23,31,54
670,1080,23,31,54
670,1090,24,32,56
670,1100,25,32,57
670,1110,26,34,60
670,1120,27,34,61
670,1130,29,34,63
670,1140,33,34,67
670,1150,33,35,68
670,1160,35,36,71
670,1170,35,37,72
670,1180,36,38,74
670,1190,36,38,74
670,1200,36,39,75
670,1210,36,40,76
670,1220,36,40,76
670,1230,36,41,77
670,1240,36,41,77
670,1250,37,42,79
670,1260,37,43,80
670,1270,38,44,82
670,1280,38,44,82
670,1290,39,45,84
670,1300,40,45,85
670,1310,41,47,88
670,1320,41,48,89
670,1330,42,48,90
670,1340,43,49,92
670,1350,43,51,94
670,1360,44,52,96
670,1370,46,53,99
670,1380,47,54,101
670,1390,49,54,103
670,1400,49,54,103
670,1410,50,54,104
670,1420,51,54,105
670,1430,51,55,106
670,1440,52,55,107
670,1450,53,56,109
670,1460,53,56,109
670,1470,53,57,110
670,1480,54,57,111
670,1490,54,57,111
670,1500,54,59,113
670,1510,55,59,114
670,1520,56,60,116
670,1530,58,60,118
670,1540,58,60,118
670,1550,59,60,119
670,1560,59,60,119
670,1570,59,62,121
670,1580,59,62,121
670,1590,60,62,122
670,1600,61,63,124
670,1610,62,63,125
670,1620,62,63,125
670,1630,62,63,125
670,1640,63,64,127
670,1650,66,67,133
670,1660,66,68,134
670,1670,66,68,134
670,1680,67,69,136
670,1690,68,69,137
670,1700,68,69,137
670,1710,68,70,138
670,1720,69,70,139
670,1730,69,70,139
670,1740,69,71,140
670,1750,69,71,140
670,1760,70,71,141
670,1770,72,71,143
670,1780,72,71,143
670,1790,74,72,146
670,1800,75,72,147
670,1810,75,73,148
670,1820,75,73,148
670,1830,76,74,150
670,1840,77,74,151
670,1850,77,74,151
670,1860,79,75,154
670,1870,79,75,154
670,1880,79,75,154
670,1890,80,75,155
670,1900,83,75,158
670,1910,83,75,158
670,1920,84,76,160
670,1930,84,77,161
670,1940,84,78,162
670,1950,84,79,163
670,1960,84,79,163
670,1970,85,80,165
670,1980,85,82,167
670,1990,86,82,168
680,680,0,1,1
680,690,1,1,2
680,700,1,1,2
680,710,1,1,2
680,720,2,1,3
680,730,3,4,7
680,740,4,5,9
680,750,4,6,10
680,760,5,7,12
680,770,6,7,13
680,780,6,7,13
680,790,6,7,13
680,800,6,7,13
680,810,6,8,14
680,820,6,11,17
680,830,6,11,17
680,840,7,13,20
680,850,10,14,24
680,860,10,14,24
680,870,10,14,24
680,880,11,14,25
680,890,12,15,27
680,900,13,16,29
680,910,14,17,31
680,920,15,17,32
680,930,15,19,34
680,940,16,20,36
680,950,16,21,37
680,960,16,23,39
680,970,16,23,39
680,980,16,26,42
680,990,16,27,43
680,1000,17,27,44
680,1010,19,27,46
680,1020,22,27,49
680,1030,22,29,51
680,1040,23,29,52
680,1050,23,30,53
680,1060,23,30,53
680,1070,23,31,54
680,1080,23,31,54
680,1090,24,32,56
680,1100,25,32,57
680,1110,26,34,60
680,1120,27,34,61
680,1130,29,34,63
680,1140,33,34,67
680,1150,33,35,68
680,1160,35,36,71
680,1170,35,37,72
680,1180,36,38,74
680,1190,36,38,74
680,1200,36,39,75
680,1210,36,40,76
680,1220,36,40,76
680,1230,36,41,77
680,1240,36,41,77
680,1250,37,42,79
680,1260,37,43,80
680,1270,38,44,82
680,1280,38,44,82
680,1290,39,45,84
680,1300,40,45,85
680,1310,41,47,88
680,1320,41,48,89
680,1330,42,48,90
680,1340,43,49,92
680,1350,43,51,94
680,1360,44,52,96
680,1370,46,53,99
680,1380,47,54,101
680,1390,49,54,103
680,1400,49,54,103
680,1410,50,54,104
680,1420,51,54,105
680,1430,51,55,106
680,1440,52,55,107
680,1450,53,56,109
680,1460,53,56,109
680,1470,53,57,110
680,1480,54,57,111
680,1490,54,57,111
680,1500,54,59,113
680,1510,55,59,114
680,1520,56,60,116
680,1530,58,60,118
680,1540,58,60,118
680,1550,59,60,119
680,1560,59,60,119
680,1570,59,62,121
680,1580,59,62,121
680,1590,60,62,122
680,1600,61,63,124
680,1610,62,63,125
680,1620,62,63,125
680,1630,62,63,125
680,1640,63,64,127
680,1650,66,67,133
680,1660,66,68,134
680,1670,66,68,134
680,1680,67,69,136
680,1690,68,69,137
680,1700,68,69,137
680,1710,68,70,138
680,1720,69,70,139
680,1730,69,70,139
680,1740,69,71,140
680,1750,69,71,140
680,1760,70,71,141
680,1770,72,71,143
680,1780,72,71,143
680,1790,74,72,146
680,1800,75,72,147
680,1810,75,73,148
680,1820,75,73,148
680,1830,76,74,150
680,1840,77,74,151
680,1850,77,74,151
680,1860,79,75,154
680,1870,79,75,154
680,1880,79,75,154
680,1890,80,75,155
680,1900,83,75,158
680,1910,83,75,158
680,1920,84,76,160
680,1930,84,77,161
680,1940,84,78,162
680,1950,84,79,163
680,1960,84,79,163
680,1970,85,80,165
680,1980,85,82,167
680,1990,86,82,168
690,690,0,0,0
690,700,0,0,0
690,710,0,0,0
690,720,1,0,1
690,730,2,3,5
690,740,3,4,7
690,750,3,5,8
690,760,4,6,10
690,770,5,6,11
690,780,5,6,11
690,790,5,6,11
690,800,5,6,11
690,810,5,7,12
690,820,5,10,15
690,830,5,10,15
690,840,6,12,18
690,850,9,13,22
690,860,9,13,22
690,870,9,13,22
690,880,10,13,23
690,890,11,14,25
690,900,12,15,27
690,910,13,16,29
690,920,14,16,30
690,930,14,18,32
690,940,15,19,34
690,950,15,20,35
690,960,15,22,37
690,970,15,22,37
690,980,15,25,40
690,990,15,26,41
690,1000,16,26,42
690,1010,18,26,44
690,1020,21,26,47
690,1030,21,28,49
690,1040,22,28,50
690,1050,22,29,51
690,1060,22,29,51
690,1070,22,30,52
690,1080,22,30,52
690,1090,23,31,54
690,1100,24,31,55
690,1110,25,33,58
690,1120,26,33,59
690,1130,28,33,61
690,1140,32,33,65
690,1150,32,34,66
690,1160,34,35,69
690,1170,34,36,70
690,1180,35,37,72
690,1190,35,37,72
690,1200,35,38,73
690,1210,35,39,74
690,1220,35,39,74
690,1230,35,40,75
690,1240,35,40,75
690,1250,36,41,77
690,1260,36,42,78
690,1270,37,43,80
690,1280,37,43,80
690,1290,38,44,82
690,1300,39,44,83
690,1310,40,46,86
690,1320,40,47,87
690,1330,41,47,88
690,1340,42,48,90
690,1350,42,50,92
690,1360,43,51,94
690,1370,45,52,97
690,1380,46,53,99
690,1390,48,53,101
690,1400,48,53,101
690,1410,49,53,102
690,1420,50,53,103
690,1430,50,54,104
690,1440,51,54,105
690,1450,52,55,107
690,1460,52,55,107
690,1470,52,56,108
690,1480,53,56,109
690,1490,53,56,109
690,1500,53,58,111
690,1510,54,58,112
690,1520,55,59,114
690,1530,57,59,116
690,1540,57,59,116
690,1550,58,59,117
690,1560,58,59,117
690,1570,58,61,119
690,1580,58,61,119
690,1590,59,61,120
690,1600,60,62,122
690,1610,61,62,123
690,1620,61,62,123
690,1630,61,62,123
690,1640,62,63,125
690,1650,65,66,131
690,1660,65,67,132
690,1670,65,67,132
690,1680,66,68,134
690,1690,67,68,135
690,1700,67,68,135
690,1710,67,69,136
690,1720,68,69,137
690,1730,68,69,137
690,1740,68,70,138
690,1750,68,70,138
690,1760,69,70,139
690,1770,71,70,141
690,1780,71,70,141
690,1790,73,71,144
690,1800,74,71,145
690,1810,74,72,146
690,1820,74,72,146
690,1830,75,73,148
690,1840,76,73,149
690,1850,76,73,149
690,1860,78,74,152
690,1870,78,74,152
690,1880,78,74,152
690,1890,79,74,153
690,1900,82,74,156
690,1910,82,74,156
690,1920,83,75,158
690,1930,83,76,159
690,1940,83,77,160
690,1950,83,78,161
690,1960,83,78,161
690,1970,84,79,163
690,1980,84,81,165
690,1990,85,81,166
700,700,0,0,0
700,710,0,0,0
700,720,1,0,1
700,730,2,3,5
700,740,3,4,7
700,750,3,5,8
700,760,4,6,10
700,770,5,6,11
700,780,5,6,11
700,790,5,6,11
700,800,5,6,11
700,810,5,7,12
700,820,5,10,15
700,830,5,10,15
700,840,6,12,18
700,850,9,13,22
700,860,9,13,22
700,870,9,13,22
700,880,10,13,23
700,890,11,14,25
700,900,12,15,27
700,910,13,16,29
700,920,14,16,30
700,930,14,18,32
700,940,15,19,34
700,950,15,20,35
700,960,15,22,37
700,970,15,22,37
700,980,15,25,40
700,990,15,26,41
700,1000,16,26,42
700,1010,18,26,44
700,1020,21,26,47
700,1030,21,28,49
700,1040,22,28,50
700,1050,22,29,51
700,1060,22,29,51
700,1070,22,30,52
700,1080,22,30,52
700,1090,23,31,54
700,1100,24,31,55
700,1110,25,33,58
700,1120,26,33,59
700,1130,28,33,61
700,1140,32,33,65
700,1150,32,34,66
700,1160,34,35,69
700,1170,34,36,70
700,1180,35,37,72
700,1190,35,37,72
700,1200,35,38,73
700,1210,35,39,74
700,1220,35,39,74
700,1230,35,40,75
700,1240,35,40,75
700,1250,36,41,77
700,1260,36,42,78
700,1270,37,43,80
700,1280,37,43,80
700,1290,38,44,82
700,1300,39,44,83
700,1310,40,46,86
700,1320,40,47,87
700,1330,41,47,88
700,1340,42,48,90
700,1350,42,50,92
700,1360,43,51,94
700,1370,45,52,97
700,1380,46,53,99
700,1390,48,53,101
700,1400,48,53,101
700,1410,49,53,102
700,1420,50,53,103
700,1430,50,54,104
700,1440,51,54,105
700,1450,52,55,107
700,1460,52,55,107
700,1470,52,56,108
700,1480,53,56,109
700,1490,53,56,109
700,1500,53,58,111
700,1510,54,58,112
700,1520,55,59,114
700,1530,57,59,116
700,1540,57,59,116
700,1550,58,59,117
700,1560,58,59,117
700,1570,58,61,119
700,1580,58,61,119
700,1590,59,61,120
700,1600,60,62,122
700,1610,61,62,123
700,1620,61,62,123
700,1630,61,62,123
700,1640,62,63,125
700,1650,65,66,131
700,1660,65,67,132
700,1670,65,67,132
700,1680,66,68,134
700,1690,67,68,135
700,1700,67,68,135
700,1710,67,69,136
700,1720,68,69,137
700,1730,68,69,137
700,1740,68,70,138
700,1750,68,70,138
700,1760,69,70,139
700,1770,71,70,141
700,1780,71,70,141
700,1790,73,71,144
700,1800,74,71,145
700,1810,74,72,146
700,1820,74,72,146
700,1830,75,73,148
700,1840,76,73,149
700,1850,76,73,149
700,1860,78,74,152
700,1870,78,74,152
700,1880,78,74,152
700,1890,79,74,153
700,1900,82,74,156
700,1910,82,74,156
700,1920,83,75,158
700,1930,83,76,159
700,1940,83,77,160
700,1950,83,78,161
700,1960,83,78,161
700,1970,84,79,163
700,1980,84,81,165
700,1990,85,81,166
710,710,0,0,0
710,720,1,0,1
710,730,2,3,5
710,740,3,4,7
710,750,3,5,8
710,760,4,6,10
710,770,5,6,11
710,780,5,6,11
710,790,5,6,11
710,800,5,6,11
710,810,5,7,12
710,820,5,10,15
710,830,5,10,15
710,840,6,12,18
710,850,9,13,22
710,860,9,13,22
710,870,9,13,22
710,880,10,13,23
710,890,11,14,25
710,900,12,15,27
710,910,13,16,29
710,920,14,16,30
710,930,14,18,32
710,940,15,19,34
710,950,15,20,35
710,960,15,22,37
710,970,15,22,37
710,980,15,25,40
710,990,15,26,41
710,1000,16,26,42
710,1010,18,26,44
710,1020,21,26,47
710,1030,21,28,49
710,1040,22,28,50
710,1050,22,29,51
710,1060,22,29,51
710,1070,22,30,52
710,1080,22,30,52
710,1090,23,31,54
710,1100,24,31,55
710,1110,25,33,58
710,1120,26,33,59
710,1130,28,33,61
710,1140,32,33,65
710,1150,32,34,66
710,1160,34,35,69
710,1170,34,36,70
710,1180,35,37,72
710,1190,35,37,72
710,1200,35,38,73
710,1210,35,39,74
710,1220,35,39,74
710,1230,35,40,75
710,1240,35,40,75
710,1250,36,41,77
710,1260,36,42,78
710,1270,37,43,80
710,1280,37,43,80
710,1290,38,44,82
710,1300,39,44,83
710,1310,40,46,86
710,1320,40,47,87
710,1330,41,47,88
710,1340,42,48,90
710,1350,42,50,92
710,1360,43,51,94
710,1370,45,52,97
710,1380,46,53,99
710,1390,48,53,101
710,1400,48,53,101
710,1410,49,53,102
710,1420,50,53,103
710,1430,50,54,104
710,1440,51,54,105
710,1450,52,55,107
710,1460,52,55,107
710,1470,52,56,108
710,1480,53,56,109
710,1490,53,56,109
710,1500,53,58,111
710,1510,54,58,112
710,1520,55,59,114
710,1530,57,59,116
710,1540,57,59,116
710,1550,58,59,117
710,1560,58,59,117
710,1570,58,61,119
710,1580,58,61,119
710,1590,59,61,120
710,1600,60,62,122
710,1610,61,62,123
710,1620,61,62,123
710,1630,61,62,123
710,1640,62,63,125
710,1650,65,66,131
710,1660,65,67,132
710,1670,65,67,132
710,1680,66,68,134
710,1690,67,68,135
710,1700,67,68,135
710,1710,67,69,136
710,1720,68,69,137
710,1730,68,69,137
710,1740,68,70,138
710,1750,68,70,138
710,1760,69,70,139
710,1770,71,70,141
710,1780,71,70,141
710,1790,73,71,144
710,1800,74,71,145
710,1810,74,72,146
710,1820,74,72,146
710,1830,75,73,148
710,1840,76,73,149
710,1850,76,73,149
710,1860,78,74,152
710,1870,78,74,152
710,1880,78,74,152
710,1890,79,74,153
710,1900,82,74,156
710,1910,82,74,156
710,1920,83,75,158
710,1930,83,76,159
710,1940,83,77,160
710,1950,83,78,161
710,1960,83,78,161
710,1970,84,79,163
710,1980,84,81,165
710,1990,85,81,166
720,720,0,0,0
720,730,1,3,4
720,740,2,4,6
720,750,2,5,7
720,760,3,6,9
720,770,4,6,10
720,780,4,6,10
720,790,4,6,10
720,800,4,6,10
720,810,4,7,11
720,820,4,10,14
720,830,4,10,14
720,840,5,12,17
720,850,8,13,21
720,860,8,13,21
720,870,8,13,21
720,880,9,13,22
720,890,10,14,24
720,900,11,15,26
720,910,12,16,28
720,920,13,16,29
720,930,13,18,31
720,940,14,19,33
720,950,14,20,34
720,960,14,22,36
720,970,14,22,36
720,980,14,25,39
720,990,14,26,40
720,1000,15,26,41
720,1010,17,26,43
720,1020,20,26,46
720,1030,20,28,48
720,1040,21,28,49
720,1050,21,29,50
720,1060,21,29,50
720,1070,21,30,51
720,1080,21,30,51
720,1090,22,31,53
720,1100,23,31,54
720,1110,24,33,57
720,1120,25,33,58
720,1130,27,33,60
720,1140,31,33,64
720,1150,31,34,65
720,1160,33,35,68
720,1170,33,36,69
720,1180,34,37,71
720,1190,34,37,71
720,1200,34,38,72
720,1210,34,39,73
720,1220,34,39,73
720,1230,34,40,74
720,1240,34,40,74
720,1250,35,41,76
720,1260,35,42,77
720,1270,36,43,79
720,1280,36,43,79
720,1290,37,44,81
720,1300,38,44,82
720,1310,39,46,85
720,1320,39,47,86
720,1330,40,47,87
720,1340,41,48,89
720,1350,41,50,91
720,1360,42,51,93
720,1370,44,52,96
720,1380,45,53,98
720,1390,47,53,100
720,1400,47,53,100
720,1410,48,53,101
720,1420,49,53,102
720,1430,49,54,103
720,1440,50,54,104
720,1450,51,55,106
720,1460,51,55,106
720,1470,51,56,107
720,1480,52,56,108
720,1490,52,56,108
720,1500,52,58,110
720,1510,53,58,111
720,1520,54,59,113
720,1530,56,59,115
720,1540,56,59,115
720,1550,57,59,116
720,1560,57,59,116
720,1570,57,61,118
720,1580,57,61,118
720,1590,58,61,119
720,1600,59,62,121
720,1610,60,62,122
720,1620,60,62,122
720,1630,60,62,122
720,1640,61,63,124
720,1650,64,66,130
720,1660,64,67,131
720,1670,64,67,131
720,1680,65,68,133
720,1690,66,68,134
720,1700,66,68,134
720,1710,66,69,135
720,1720,67,69,136
720,1730,67,69,136
720,1740,67,70,137
720,1750,67,70,137
720,1760,68,70,138
720,1770,70,70,140
720,1780,70,70,140
720,1790,72,71,143
720,1800,73,71,144
720,1810,73,72,145
720,1820,73,72,145
720,1830,74,73,147
720,1840,75,73,148
720,1850,75,73,148
720,1860,77,74,151
720,1870,77,74,151
720,1880,77,74,151
720,1890,78,74,152
720,1900,81,74,155
720,1910,81,74,155
720,1920,82,75,157
720,1930,82,76,158
720,1940,82,77,159
720,1950,82,78,160
720,1960,82,78,160
720,1970,83,79,162
720,1980,83,81,164
720,1990,84,81,165
730,730,0,0,0
730,740,1,1,2
730,750,1,2,3
730,760,2,3,5
730,770,3,3,6
730,780,3,3,6
730,790,3,3,6
730,800,3,3,6
730,810,3,4,7
730,820,3,7,10
730,830,3,7,10
730,840,4,9,13
730,850,7,10,17
730,860,7,10,17
730,870,7,10,17
730,880,8,10,18
730,890,9,11,20
730,900,10,12,22
730,910,11,13,24
730,920,12,13,25
730,930,12,15,27
730,940,13,16,29
730,950,13,17,30
730,960,13,19,32
730,970,13,19,32
730,980,13,22,35
730,990,13,23,36
730,1000,14,23,37
730,1010,16,23,39
730,1020,19,23,42
730,1030,19,25,44
730,1040,20,25,45
730,1050,20,26,46
730,1060,20,26,46
730,1070,20,27,47
730,1080,20,27,47
730,1090,21,28,49
730,1100,22,28,50
730,1110,23,30,53
730,1120,24,30,54
730,1130,26,30,56
730,1140,30,30,60
730,1150,30,31,61
730,1160,32,32,64
730,1170,32,33,65
730,1180,33,34,67
730,1190,33,34,67
730,1200,33,35,68
730,1210,33,36,69
730,1220,33,36,69
730,1230,33,37,70
730,1240,33,37,70
730,1250,34,38,72
730,1260,34,39,73
730,1270,35,40,75
730,1280,35,40,75
730,1290,36,41,77
730,1300,37,41,78
730,1310,38,43,81
730,1320,38,44,82
730,1330,39,44,83
730,1340,40,45,85
730,1350,40,47,87
730,1360,41,48,89
730,1370,43,49,92
730,1380,44,50,94
730,1390,46,50,96
730,1400,46,50,96
730,1410,47,50,97
730,1420,48,50,98
730,1430,48,51,99
730,1440,49,51,100
730,1450,50,52,102
730,1460,50,52,102
730,1470,50,53,103
730,1480,51,53,104
730,1490,51,53,104
730,1500,51,55,106
730,1510,52,55,107
730,1520,53,56,109
730,1530,55,56,111
730,1540,55,56,111
730,1550,56,56,112
730,1560,56,56,112
730,1570,56,58,114
730,1580,56,58,114
730,1590,57,58,115
730,1600,58,59,117
730,1610,59,59,118
730,1620,59,59,118
730,1630,59,59,118
730,1640,60,60,120
730,1650,63,63,126
730,1660,63,64,127
730,1670,63,64,127
730,1680,64,65,129
730,1690,65,65,130
730,1700,65,65,130
730,1710,65,66,131
730,1720,66,66,132
730,1730,66,66,132
730,1740,66,67,133
730,1750,66,67,133
730,1760,67,67,134
730,1770,69,67,136
730,1780,69,67,136
730,1790,71,68,139
730,1800,72,68,140
730,1810,72,69,141
730,1820,72,69,141
730,1830,73,70,143
730,1840,74,70,144
730,1850,74,70,144
730,1860,76,71,147
730,1870,76,71,147
730,1880,76,71,147
730,1890,77,71,148
730,1900,80,71,151
730,1910,80,71,151
730,1920,81,72,153
730,1930,81,73,154
730,1940,81,74,155
730,1950,81,75,156
730,1960,81,75,156
730,1970,82,76,158
730,1980,82,78,160
730,1990,83,78,161
740,740,0,0,0
740,750,0,1,1
740,760,1,2,3
740,770,2,2,4
740,780,2,2,4
740,790,2,2,4
740,800,2,2,4
740,810,2,3,5
740,820,2,6,8
740,830,2,6,8
740,840,3,8,11
740,850,6,9,15
740,860,6,9,15
740,870,6,9,15
740,880,7,9,16
740,890,8,10,18
740,900,9,11,20
740,910,10,12,22
740,920,11,12,23
740,930,11,14,25
740,940,12,15,27
740,950,12,16,28
740,960,12,18,30
740,970,12,18,30
740,980,12,21,33
740,990,12,22,34
740,1000,13,22,35
740,1010,15,22,37
740,1020,18,22,40
740,1030,18,24,42
740,1040,19,24,43
740,1050,19,25,44
740,1060,19,25,44
740,1070,19,26,45
740,1080,19,26,45
740,1090,20,27,47
740,1100,21,27,48
740,1110,22,29,51
740,1120,23,29,52
740,1130,25,29,54
740,1140,29,29,58
740,1150,29,30,59
740,1160,31,31,62
740,1170,31,32,63
740,1180,32,33,65
740,1190,32,33,65
740,1200,32,34,66
740,1210,32,35,67
740,1220,32,35,67
740,1230,32,36,68
740,1240,32,36,68
740,1250,33,37,70
740,1260,33,38,71
740,1270,34,39,73
740,1280,34,39,73
740,1290,35,40,75
740,1300,36,40,76
740,1310,37,42,79
740,1320,37,43,80
740,1330,38,43,81
740,1340,39,44,83
740,1350,39,46,85
740,1360,40,47,87
740,1370,42,48,90
740,1380,43,49,92
740,1390,45,49,94
740,1400,45,49,94
740,1410,46,49,95
740,1420,47,49,96
740,1430,47,50,97
740,1440,48,50,98
740,1450,49,51,100
740,1460,49,51,100
740,1470,49,52,101
740,1480,50,52,102
740,1490,50,52,102
740,1500,50,54,104
740,1510,51,54,105
740,1520,52,55,107
740,1530,54,55,109
740,1540,54,55,109
740,1550,55,55,110
740,1560,55,55,110
740,1570,55,57,112
740,1580,55,57,112
740,1590,56,57,113
740,1600,57,58,115
740,1610,58,58,116
740,1620,58,58,116
740,1630,58,58,116
740,1640,59,59,118
740,1650,62,62,124
740,1660,62,63,125
740,1670,62,63,125
740,1680,63,64,127
740,1690,64,64,128
740,1700,64,64,128
740,1710,64,65,129
740,1720,65,65,130
740,1730,65,65,130
740,1740,65,66,131
740,1750,65,66,131
740,1760,66,66,132
740,1770,68,66,134
740,1780,68,66,134
740,1790,70,67,137
740,1800,71,67,138
740,1810,71,68,139
740,1820,71,68,139
740,1830,72,69,141
740,1840,73,69,142
740,1850,73,69,142
740,1860,75,70,145
740,1870,75,70,145
740,1880,75,70,145
740,1890,76,70,146
740,1900,79,70,149
740,1910,79,70,149
740,1920,80,71,151
740,1930,80,72,152
740,1940,80,73,153
740,1950,80,74,154
740,1960,80,74,154
740,1970,81,75,156
740,1980,81,77,158
740,1990,82,77,159
750,750,0,0,0
750,760,1,1,2
750,770,2,1,3
750,780,2,1,3
750,790,2,1,3
750,800,2,1,3
750,810,2,2,4
750,820,2,5,7
750,830,2,5,7
750,840,3,7,10
750,850,6,8,14
750,860,6,8,14
750,870,6,8,14
750,880,7,8,15
750,890,8,9,17
750,900,9,10,19
750,910,10,11,21
750,920,11,11,22
750,930,11,13,24
750,940,12,14,26
750,950,12,15,27
750,960,12,17,29
750,970,12,17,29
750,980,12,20,32
750,990,12,21,33
750,1000,13,21,34
750,1010,15,21,36
750,1020,18,21,39
750,1030,18,23,41
750,1040,19,23,42
750,1050,19,24,43
750,1060,19,24,43
750,1070,19,25,44
750,1080,19,25,44
750,1090,20,26,46
750,1100,21,26,47
750,1110,22,28,50
750,1120,23,28,51
750,1130,25,28,53
750,1140,29,28,57
750,1150,29,29,58
750,1160,31,30,61
750,1170,31,31,62
750,1180,32,32,64
750,1190,32,32,64
750,1200,32,33,65
750,1210,32,34,66
750,1220,32,34,66
750,1230,32,35,67
750,1240,32,35,67
750,1250,33,36,69
750,1260,33,37,70
750,1270,34,38,72
750,1280,34,38,72
750,1290,35,39,74
750,1300,36,39,75
750,1310,37,41,78
750,1320,37,42,79
750,1330,38,42,80
750,1340,39,43,82
750,1350,39,45,84
750,1360,40,46,86
750,1370,42,47,89
750,1380,43,48,91
750,1390,45,48,93
750,1400,45,48,93
750,1410,46,48,94
750,1420,47,48,95
750,1430,47,49,96
750,1440,48,49,97
750,1450,49,50,99
750,1460,49,50,99
750,1470,49,51,100
750,1480,50,51,101
750,1490,50,51,101
750,1500,50,53,103
750,1510,51,53,104
750,1520,52,54,106
750,1530,54,54,108
750,1540,54,54,108
750,1550,55,54,109
750,1560,55,54,109
750,1570,55,56,111
750,1580,55,56,111
750,1590,56,56,112
750,1600,57,57,114
750,1610,58,57,115
750,1620,58,57,115
750,1630,58,57,115
750,1640,59,58,117
750,1650,62,61,123
750,1660,62,62,124
750,1670,62,62,124
750,1680,63,63,126
750,1690,64,63,127
750,1700,64,63,127
750,1710,64,64,128
750,1720,65,64,129
750,1730,65,64,129
750,1740,65,65,130
750,1750,65,65,130
750,1760,66,65,131
750,1770,68,65,133
750,1780,68,65,133
750,1790,70,66,136
750,1800,71,66,137
750,1810,71,67,138
750,1820,71,67,138
750,1830,72,68,140
750,1840,73,68,141
750,1850,73,68,141
750,1860,75,69,144
750,1870,75,69,144
750,1880,75,69,144
750,1890,76,69,145
750,1900,79,69,148
750,1910,79,69,148
750,1920,80,70,150
750,1930,80,71,151
750,1940,80,72,152
750,1950,80,73,153
750,1960,80,73,153
750,1970,81,74,155
750,1980,81,76,157
750,1990,82,76,158
760,760,0,0,0
760,770,1,0,1
760,780,1,0,1
760,790,1,0,1
760,800,1,0,1
760,810,1,1,2
760,820,1,4,5
760,830,1,4,5
760,840,2,6,8
760,850,5,7,12
760,860,5,7,12
760,870,5,7,12
760,880,6,7,13
760,890,7,8,15
760,900,8,9,17
760,910,9,10,19
760,920,10,10,20
760,930,10,12,22
760,940,11,13,24
760,950,11,14,25
760,960,11,16,27
760,970,11,16,27
760,980,11,19,30
760,990,11,20,31
760,1000,12,20,32
760,1010,14,20,34
760,1020,17,20,37
760,1030,17,22,39
760,1040,18,22,40
760,1050,18,23,41
760,1060,18,23,41
760,1070,18,24,42
760,1080,18,24,42
760,1090,19,25,44
760,1100,20,25,45
760,1110,21,27,48
760,1120,22,27,49
760,1130,24,27,51
760,1140,28,27,55
760,1150,28,28,56
760,1160,30,29,59
760,1170,30,30,60
760,1180,31,31,62
760,1190,31,31,62
760,1200,31,32,63
760,1210,31,33,64
760,1220,31,33,64
760,1230,31,34,65
760,1240,31,34,65
760,1250,32,35,67
760,1260,32,36,68
760,1270,33,37,70
760,1280,33,37,70
760,1290,34,38,72
760,1300,35,38,73
760,1310,36,40,76
760,1320,36,41,77
760,1330,37,41,78
760,1340,38,42,80
760,1350,38,44,82
760,1360,39,45,84
760,1370,41,46,87
760,1380,42,47,89
760,1390,44,47,91
760,1400,44,47,91
760,1410,45,47,92
760,1420,46,47,93
760,1430,46,48,94
760,1440,47,48,95
760,1450,48,49,97
760,1460,48,49,97
760,1470,48,50,98
760,1480,49,50,99
760,1490,49,50,99
760,1500,49,52,101
760,1510,50,52,102
760,1520,51,53,104
760,1530,53,53,106
760,1540,53,53,106
760,1550,54,53,107
760,1560,54,53,107
760,1570,54,55,109
760,1580,54,55,109
760,1590,55,55,110
760,1600,56,56,112
760,1610,57,56,113
760,1620,57,56,113
760,1630,57,56,113
760,1640,58,57,115
760,1650,61,60,121
760,1660,61,61,122
760,1670,61,61,122
760,1680,62,62,124
760,1690,63,62,125
760,1700,63,62,125
760,1710,63,63,126
760,1720,64,63,127
760,1730,64,63,127
760,1740,64,64,128
760,1750,64,64,128
760,1760,65,64,129
760,1770,67,64,131
760,1780,67,64,131
760,1790,69,65,134
760,1800,70,65,135
760,1810,70,66,136
760,1820,70,66,136
760,1830,71,67,138
760,1840,72,67,139
760,1850,72,67,139
760,1860,74,68,142
760,1870,74,68,142
760,1880,74,68,142
760,1890,75,68,143
760,1900,78,68,146
760,1910,78,68,146
760,1920,79,69,148
760,1930,79,70,149
760,1940,79,71,150
760,1950,79,72,151
760,1960,79,72,151
760,1970,80,73,153
760,1980,80,75,155
760,1990,81,75,156
770,770,0,0,0
770,780,0,0,0
770,790,0,0,0
770,800,0,0,0
770,810,0,1,1
770,820,0,4,4
770,830,0,4,4
770,840,1,6,7
770,850,4,7,11
770,860,4,7,11
770,870,4,7,11
770,880,5,7,12
770,890,6,8,14
770,900,7,9,16
770,910,8,10,18
770,920,9,10,19
770,930,9,12,21
770,940,10,13,23
770,950,10,14,24
770,960,10,16,26
770,970,10,16,26
770,980,10,19,29
770,990,10,20,30
770,1000,11,20,31
770,1010,13,20,33
770,1020,16,20,36
770,1030,16,22,38
770,1040,17,22,39
770,1050,17,23,40
770,1060,17,23,40
770,1070,17,24,41
770,1080,17,24,41
770,1090,18,25,43
770,1100,19,25,44
770,1110,20,27,47
770,1120,21,27,48
770,1130,23,27,50
770,1140,27,27,54
770,1150,27,28,55
770,1160,29,29,58
770,1170,29,30,59
770,1180,30,31,61
770,1190,30,31,61
770,1200,30,32,62
770,1210,30,33,63
770,1220,30,33,63
770,1230,30,34,64
770,1240,30,34,64
770,1250,31,35,66
770,1260,31,36,67
770,1270,32,37,69
770,1280,32,37,69
770,1290,33,38,71
770,1300,34,38,72
770,1310,35,40,75
770,1320,35,41,76
770,1330,36,41,77
770,1340,37,42,79
770,1350,37,44,81
770,1360,38,45,83
770,1370,40,46,86
770,1380,41,47,88
770,1390,43,47,90
770,1400,43,47,90
770,1410,44,47,91
770,1420,45,47,92
770,1430,45,48,93
770,1440,46,48,94
770,1450,47,49,96
770,1460,47,49,96
770,1470,47,50,97
770,1480,48,50,98
770,1490,48,50,98
770,1500,48,52,100
770,1510,49,52,101
770,1520,50,53,103
770,1530,52,53,105
770,1540,52,53,105
770,1550,53,53,106
770,1560,53,53,106
770,1570,53,55,108
770,1580,53,55,108
770,1590,54,55,109
770,1600,55,56,111
770,1610,56,56,112
770,1620,56,56,112
770,1630,56,56,112
770,1640,57,57,114
770,1650,60,60,120
770,1660,60,61,121
770,1670,60,61,121
770,1680,61,62,123
770,1690,62,62,124
770,1700,62,62,124
770,1710,62,63,125
770,1720,63,63,126
770,1730,63,63,126
770,1740,63,64,127
770,1750,63,64,127
770,1760,64,64,128
770,1770,66,64,130
770,1780,66,64,130
770,1790,68,65,133
770,1800,69,65,134
770,1810,69,66,135
770,1820,69,66,135
770,1830,70,67,137
770,1840,71,67,138
770,1850,71,67,138
770,1860,73,68,141
770,1870,73,68,141
770,1880,73,68,141
770,1890,74,68,142
770,1900,77,68,145
770,1910,77,68,145
770,1920,78,69,147
770,1930,78,70,148
770,1940,78,71,149
770,1950,78,72,150
770,1960,78,72,150
770,1970,79,73,152
770,1980,79,75,154
770,1990,80,75,155
780,780,0,0,0
780,790,0,0,0
780,800,0,0,0
780,810,0,1,1
780,820,0,4,4
780,830,0,4,4
780,840,1,6,7
780,850,4,7,11
780,860,4,7,11
780,870,4,7,11
780,880,5,7,12
780,890,6,8,14
780,900,7,9,16
780,910,8,10,18
780,920,9,10,19
780,930,9,12,21
780,940,10,13,23
780,950,10,14,24
780,960,10,16,26
780,970,10,16,26
780,980,10,19,29
780,990,10,20,30
780,1000,11,20,31
780,1010,13,20,33
780,1020,16,20,36
780,1030,16,22,38
780,1040,17,22,39
780,1050,17,23,40
780,1060,17,23,40
780,1070,17,24,41
780,1080,17,24,41
780,1090,18,25,43
780,1100,19,25,44
780,1110,20,27,47
780,1120,21,27,48
780,1130,23,27,50
780,1140,27,27,54
780,1150,27,28,55
780,1160,29,29,58
780,1170,29,30,59
780,1180,30,31,61
780,1190,30,31,61
780,1200,30,32,62
780,1210,30,33,63
780,1220,30,33,63
780,1230,30,34,64
780,1240,30,34,64
780,1250,31,35,66
780,1260,31,36,67
780,1270,32,37,69
780,1280,32,37,69
780,1290,33,38,71
780,1300,34,38,72
780,1310,35,40,75
780,1320,35,41,76
780,1330,36,41,77
780,1340,37,42,79
780,1350,37,44,81
780,1360,38,45,83
780,1370,40,46,86
780,1380,41,47,88
780,1390,43,47,90
780,1400,43,47,90
780,1410,44,47,91
780,1420,45,47,92
780,1430,45,48,93
780,1440,46,48,94
780,1450,47,49,96
780,1460,47,49,96
780,1470,47,50,97
780,1480,48,50,98
780,1490,48,50,98
780,1500,48,52,100
780,1510,49,52,101
780,1520,50,53,103
780,1530,52,53,105
780,1540,52,53,105
780,1550,53,53,106
780,1560,53,53,106
780,1570,53,55,108
780,1580,53,55,108
780,1590,54,55,109
780,1600,55,56,111
780,1610,56,56,112
780,1620,56,56,112
780,1630,56,56,112
780,1640,57,57,114
780,1650,60,60,120
780,1660,60,61,121
780,1670,60,61,121
780,1680,61,62,123
780,1690,62,62,124
780,1700,62,62,124
780,1710,62,63,125
780,1720,63,63,126
780,1730,63,63,126
780,1740,63,64,127
780,1750,63,64,127
780,1760,64,64,128
780,1770,66,64,130
780,1780,66,64,130
780,1790,68,65,133
780,1800,69,65,134
780,1810,69,66,135
780,1820,69,66,135
780,1830,70,67,137
780,1840,71,67,138
780,1850,71,67,138
780,1860,73,68,141
780,1870,73,68,141
780,1880,73,68,141
780,1890,74,68,142
780,1900,77,68,145
780,1910,77,68,145
780,1920,78,69,147
780,1930,78,70,148
780,1940,78,71,149
780,1950,78,72,150
780,1960,78,72,150
780,1970,79,73,152
780,1980,79,75,154
780,1990,80,75,155
790,790,0,0,0
790,800,0,0,0
790,810,0,1,1
790,820,0,4,4
790,830,0,4,4
790,840,1,6,7
790,850,4,7,11
790,860,4,7,11
790,870,4,7,11
790,880,5,7,12
790,890,6,8,14
790,900,7,9,16
790,910,8,10,18
790,920,9,10,19
790,930,9,12,21
790,940,10,13,23
790,950,10,14,24
790,960,10,16,26
790,970,10,16,26
790,980,10,19,29
790,990,10,20,30
790,1000,11,20,31
790,1010,13,20,33
790,1020,16,20,36
790,1030,16,22,38
790,1040,17,22,39
790,1050,17,23,40
790,1060,17,23,40
790,1070,17,24,41
790,1080,17,24,41
790,1090,18,25,43
790,1100,19,25,44
790,1110,20,27,47
790,1120,21,27,48
790,1130,23,27,50
790,1140,27,27,54
790,1150,27,28,55
790,1160,29,29,58
790,1170,29,30,59
790,1180,30,31,61
790,1190,30,31,61
790,1200,30,32,62
790,1210,30,33,63
790,1220,30,33,63
790,1230,30,34,64
790,1240,30,34,64
790,1250,31,35,66
790,1260,31,36,67
790,1270,32,37,69
790,1280,32,37,69
790,1290,33,38,71
790,1300,34,38,72
790,1310,35,40,75
790,1320,35,41,76
790,1330,36,41,77
790,1340,37,42,79
790,1350,37,44,81
790,1360,38,45,83
790,1370,40,46,86
790,1380,41,47,88
790,1390,43,47,90
790,1400,43,47,90
790,1410,44,47,91
790,1420,45,47,92
790,1430,45,48,93
790,1440,46,48,94
790,1450,47,49,96
790,1460,47,49,96
790,1470,47,50,97
790,1480,48,50,98
790,1490,48,50,98
790,1500,48,52,100
790,1510,49,52,101
790,1520,50,53,103
790,1530,52,53,105
790,1540,52,53,105
790,1550,53,53,106
790,1560,53,53,106
790,1570,53,55,108
790,1580,53,55,108
790,1590,54,55,109
790,1600,55,56,111
790,1610,56,56,112
790,1620,56,56,112
790,1630,56,56,112
790,1640,57,57,114
790,1650,60,60,120
790,1660,60,61,121
790,1670,60,61,121
790,1680,61,62,123
790,1690,62,62,124
790,1700,62,62,124
790,1710,62,63,125
790,1720,63,63,126
790,1730,63,63,126
790,1740,63,64,127
790,1750,63,64,127
790,1760,64,64,128
790,1770,66,64,130
790,1780,66,64,130
790,1790,68,65,133
790,1800,69,65,134
790,1810,69,66,135
790,1820,69,66,135
790,1830,70,67,137
790,1840,71,67,138
790,1850,71,67,138
790,1860,73,68,141
790,1870,73,68,141
790,1880,73,68,141
790,1890,74,68,142
790,1900,77,68,145
790,1910,77,68,145
790,1920,78,69,147
790,1930,78,70,148
790,1940,78,71,149
790,1950,78,72,150
790,1960,78,72,150
790,1970,79,73,152
790,1980,79,75,154
790,1990,80,75,155
800,800,0,0,0
800,810,0,1,1
800,820,0,4,4
800,830,0,4,4
800,840,1,6,7
800,850,4,7,11
800,860,4,7,11
800,870,4,7,11
800,880,5,7,12
800,890,6,8,14
800,900,7,9,16
800,910,8,10,18
800,920,9,10,19
800,930,9,12,21
800,940,10,13,23
800,950,10,14,24
800,960,10,16,26
800,970,10,16,26
800,980,10,19,29
800,990,10,20,30
800,1000,11,20,31
800,1010,13,20,33
800,1020,16,20,36
800,1030,16,22,38
800,1040,17,22,39
800,1050,17,23,40
800,1060,17,23,40
800,1070,17,24,41
800,1080,17,24,41
800,1090,18,25,43
800,1100,19,25,44
800,1110,20,27,47
800,1120,21,27,48
800,1130,23,27,50
800,1140,27,27,54
800,1150,27,28,55
800,1160,29,29,58
800,1170,29,30,59
800,1180,30,31,61
800,1190,30,31,61
800,1200,30,32,62
800,1210,30,33,63
800,1220,30,33,63
800,1230,30,34,64
800,1240,30,34,64
800,1250,31,35,66
800,1260,31,36,67
800,1270,32,37,69
800,1280,32,37,69
800,1290,33,38,71
800,1300,34,38,72
800,1310,35,40,75
800,1320,35,41,76
800,1330,36,41,77
800,1340,37,42,79
800,1350,37,44,81
800,1360,38,45,83
800,1370,40,46,86
800,1380,41,47,88
800,1390,43,47,90
800,1400,43,47,90
800,1410,44,47,91
800,1420,45,47,92
800,1430,45,48,93
800,1440,46,48,94
800,1450,47,49,96
800,1460,47,49,96
800,1470,47,50,97
800,1480,48,50,98
800,1490,48,50,98
800,1500,48,52,100
800,1510,49,52,101
800,1520,50,53,103
800,1530,52,53,105
800,1540,52,53,105
800,1550,53,53,106
800,1560,53,53,106
800,1570,53,55,108
800,1580,53,55,108
800,1590,54,55,109
800,1600,55,56,111
800,1610,56,56,112
800,1620,56,56,112
800,1630,56,56,112
800,1640,57,57,114
800,1650,60,60,120
800,1660,60,61,121
800,1670,60,61,121
800,1680,61,62,123
800,1690,62,62,124
800,1700,62,62,124
800,1710,62,63,125
800,1720,63,63,126
800,1730,63,63,126
800,1740,63,64,127
800,1750,63,64,127
800,1760,64,64,128
800,1770,66,64,130
800,1780,66,64,130
800,1790,68,65,133
800,1800,69,65,134
800,1810,69,66,135
800,1820,69,66,135
800,1830,70,67,137
800,1840,71,67,138
800,1850,71,67,138
800,1860,73,68,141
800,1870,73,68,141
800,1880,73,68,141
800,1890,74,68,142
800,1900,77,68,145
800,1910,77,68,145
800,1920,78,69,147
800,1930,78,70,148
800,1940,78,71,149
800,1950,78,72,150
800,1960,78,72,150
800,1970,79,73,152
800,1980,79,75,154
800,1990,80,75,155
810,810,0,0,0
810,820,0,3,3
810,830,0,3,3
810,840,1,5,6
810,850,4,6,10
810,860,4,6,10
810,870,4,6,10
810,880,5,6,11
810,890,6,7,13
810,900,7,8,15
810,910,8,9,17
810,920,9,9,18
810,930,9,11,20
810,940,10,12,22
810,950,10,13,23
810,960,10,15,25
810,970,10,15,25
810,980,10,18,28
810,990,10,19,29
810,1000,11,19,30
810,1010,13,19,32
810,1020,16,19,35
810,1030,16,21,37
810,1040,17,21,38
810,1050,17,22,39
810,1060,17,22,39
810,1070,17,23,40
810,1080,17,23,40
810,1090,18,24,42
810,1100,19,24,43
810,1110,20,26,46
810,1120,21,26,47
810,1130,23,26,49
810,1140,27,26,53
810,1150,27,27,54
810,1160,29,28,57
810,1170,29,29,58
810,1180,30,30,60
810,1190,30,30,60
810,1200,30,31,61
810,1210,30,32,62
810,1220,30,32,62
810,1230,30,33,63
810,1240,30,33,63
810,1250,31,34,65
810,1260,31,35,66
810,1270,32,36,68
810,1280,32,36,68
810,1290,33,37,70
810,1300,34,37,71
810,1310,35,39,74
810,1320,35,40,75
810,1330,36,40,76
810,1340,37,41,78
810,1350,37,43,80
810,1360,38,44,82
810,1370,40,45,85
810,1380,41,46,87
810,1390,43,46,89
810,1400,43,46,89
810,1410,44,46,90
810,1420,45,46,91
810,1430,45,47,92
810,1440,46,47,93
810,1450,47,48,95
810,1460,47,48,95
810,1470,47,49,96
810,1480,48,49,97
810,1490,48,49,97
810,1500,48,51,99
810,1510,49,51,100
810,1520,50,52,102
810,1530,52,52,104
810,1540,52,52,104
810,1550,53,52,105
810,1560,53,52,105
810,1570,53,54,107
810,1580,53,54,107
810,1590,54,54,108
810,1600,55,55,110
810,1610,56,55,111
810,1620,56,55,111
810,1630,56,55,111
810,1640,57,56,113
810,1650,60,59,119
810,1660,60,60,120
810,1670,60,60,120
810,1680,61,61,122
810,1690,62,61,123
810,1700,62,61,123
810,1710,62,62,124
810,1720,63,62,125
810,1730,63,62,125
810,1740,63,63,126
810,1750,63,63,126
810,1760,64,63,127
810,1770,66,63,129
810,1780,66,63,129
810,1790,68,64,132
810,1800,69,64,133
810,1810,69,65,134
810,1820,69,65,134
810,1830,70,66,136
810,1840,71,66,137
810,1850,71,66,137
810,1860,73,67,140
810,1870,73,67,140
810,1880,73,67,140
810,1890,74,67,141
810,1900,77,67,144
810,1910,77,67,144
810,1920,78,68,146
810,1930,78,69,147
810,1940,78,70,148
810,1950,78,71,149
810,1960,78,71,149
810,1970,79,72,151
810,1980,79,74,153
810,1990,80,74,154
820,820,0,0,0
820,830,0,0,0
820,840,1,2,3
820,850,4,3,7
820,860,4,3,7
820,870,4,3,7
820,880,5,3,8
820,890,6,4,10
820,900,7,5,12
820,910,8,6,14
820,920,9,6,15
820,930,9,8,17
820,940,10,9,19
820,950,10,10,20
820,960,10,12,22
820,970,10,12,22
820,980,10,15,25
820,990,10,16,26
820,1000,11,16,27
820,1010,13,16,29
820,1020,16,16,32
820,1030,16,18,34
820,1040,17,18,35
820,1050,17,19,36
820,1060,17,19,36
820,1070,17,20,37
820,1080,17,20,37
820,1090,18,21,39
820,1100,19,21,40
820,1110,20,23,43
820,1120,21,23,44
820,1130,23,23,46
820,1140,27,23,50
820,1150,27,24,51
820,1160,29,25,54
820,1170,29,26,55
820,1180,30,27,57
820,1190,30,27,57
820,1200,30,28,58
820,1210,30,29,59
820,1220,30,29,59
820,1230,30,30,60
820,1240,30,30,60
820,1250,31,31,62
820,1260,31,32,63
820,1270,32,33,65
820,1280,32,33,65
820,1290,33,34,67
820,1300,34,34,68
820,1310,35,36,71
820,1320,35,37,72
820,1330,36,37,73
820,1340,37,38,75
820,1350,37,40,77
820,1360,38,41,79
820,1370,40,42,82
820,1380,41,43,84
820,1390,43,43,86
820,1400,43,43,86
820,1410,44,43,87
820,1420,45,43,88
820,1430,45,44,89
820,1440,46,44,90
820,1450,47,45,92
820,1460,47,45,92
820,1470,47,46,93
820,1480,48,46,94
820,1490,48,46,94
820,1500,48,48,96
820,1510,49,48,97
820,1520,50,49,99
820,1530,52,49,101
820,1540,52,49,101
820,1550,53,49,102
820,1560,53,49,102
820,1570,53,51,104
820,1580,53,51,104
820,1590,54,51,105
820,1600,55,52,107
820,1610,56,52,108
820,1620,56,52,108
820,1630,56,52,108
820,1640,57,53,110
820,1650,60,56,116
820,1660,60,57,117
820,1670,60,57,117
820,1680,61,58,119
820,1690,62,58,120
820,1700,62,58,120
820,1710,62,59,121
820,1720,63,59,122
820,1730,63,59,122
820,1740,63,60,123
820,1750,63,60,123
820,1760,64,60,124
820,1770,66,60,126
820,1780,66,60,126
820,1790,68,61,129
820,1800,69,61,130
820,1810,69,62,131
820,1820,69,62,131
820,1830,70,63,133
820,1840,71,63,134
820,1850,71,63,134
820,1860,73,64,137
820,1870,73,64,137
820,1880,73,64,137
820,1890,74,64,138
820,1900,77,64,141
820,1910,77,64,141
820,1920,78,65,143
820,1930,78,66,144
820,1940,78,67,145
820,1950,78,68,146
820,1960,78,68,146
820,1970,79,69,148
820,1980,79,71,150
820,1990,80,71,151
830,830,0,0,0
830,840,1,2,3
830,850,4,3,7
830,860,4,3,7
830,870,4,3,7
830,880,5,3,8
830,890,6,4,10
830,900,7,5,12
830,910,8,6,14
830,920,9,6,15
830,930,9,8,17
830,940,10,9,19
830,950,10,10,20
830,960,10,12,22
830,970,10,12,22
830,980,10,15,25
830,990,10,16,26
830,1000,11,16,27
830,1010,13,16,29
830,1020,16,16,32
830,1030,16,18,34
830,1040,17,18,35
830,1050,17,19,36
830,1060,17,19,36
830,1070,17,20,37
830,1080,17,20,37
830,1090,18,21,39
830,1100,19,21,40
830,1110,20,23,43
830,1120,21,23,44
830,1130,23,23,46
830,1140,27,23,50
830,1150,27,24,51
830,1160,29,25,54
830,1170,29,26,55
830,1180,30,27,57
830,1190,30,27,57
830,1200,30,28,58
830,1210,30,29,59
830,1220,30,29,59
830,1230,30,30,60
830,1240,30,30,60
830,1250,31,31,62
830,1260,31,32,63
830,1270,32,33,65
830,1280,32,33,65
830,1290,33,34,67
830,1300,34,34,68
830,1310,35,36,71
830,1320,35,37,72
830,1330,36,37,73
830,1340,37,38,75
830,1350,37,40,77
830,1360,38,41,79
830,1370,40,42,82
830,1380,41,43,84
830,1390,43,43,86
830,1400,43,43,86
830,1410,44,43,87
830,1420,45,43,88
830,1430,45,44,89
830,1440,46,44,90
830,1450,47,45,92
830,1460,47,45,92
830,1470,47,46,93
830,1480,48,46,94
830,1490,48,46,94
830,1500,48,48,96
830,1510,49,48,97
830,1520,50,49,99
830,1530,52,49,101
830,1540,52,49,101
830,1550,53,49,102
830,1560,53,49,102
830,1570,53,51,104
830,1580,53,51,104
830,1590,54,51,105
830,1600,55,52,107
830,1610,56,52,108
830,1620,56,52,108
830,1630,56,52,108
830,1640,57,53,110
830,1650,60,56,116
830,1660,60,57,117
830,1670,60,57,117
830,1680,61,58,119
830,1690,62,58,120
830,1700,62,58,120
830,1710,62,59,121
830,1720,63,59,122
830,1730,63,59,122
830,1740,63,60,123
830,1750,63,60,123
830,1760,64,60,124
830,1770,66,60,126
830,1780,66,60,126
830,1790,68,61,129
830,1800,69,61,130
830,1810,69,62,131
830,1820,69,62,131
830,1830,70,63,133
830,1840,71,63,134
830,1850,71,63,134
830,1860,73,64,137
830,1870,73,64,137
830,1880,73,64,137
830,1890,74,64,138
830,1900,77,64,141
830,1910,77,64,141
830,1920,78,65,143
830,1930,78,66,144
830,1940,78,67,145
830,1950,78,68,146
830,1960,78,68,146
830,1970,79,69,148
830,1980,79,71,150
830,1990,80,71,151
840,840,0,0,0
840,850,3,1,4
840,860,3,1,4
840,870,3,1,4
840,880,4,1,5
840,890,5,2,7
840,900,6,3,9
840,910,7,4,11
840,920,8,4,12
840,930,8,6,14
840,940,9,7,16
840,950,9,8,17
840,960,9,10,19
840,970,9,10,19
840,980,9,13,22
840,990,9,14,23
840,1000,10,14,24
840,1010,12,14,26
840,1020,15,14,29
840,1030,15,16,31
840,1040,16,16,32
840,1050,16,17,33
840,1060,16,17,33
840,1070,16,18,34
840,1080,16,18,34
840,1090,17,19,36
840,1100,18,19,37
840,1110,19,21,40
840,1120,20,21,41
840,1130,22,21,43
840,1140,26,21,47
840,1150,26,22,48
840,1160,28,23,51
840,1170,28,24,52
840,1180,29,25,54
840,1190,29,25,54
840,1200,29,26,55
840,1210,29,27,56
840,1220,29,27,56
840,1230,29,28,57
840,1240,29,28,57
840,1250,30,29,59
840,1260,30,30,60
840,1270,31,31,62
840,1280,31,31,62
840,1290,32,32,64
840,1300,33,32,65
840,1310,34,34,68
840,1320,34,35,69
840,1330,35,35,70
840,1340,36,36,72
840,1350,36,38,74
840,1360,37,39,76
840,1370,39,40,79
840,1380,40,41,81
840,1390,42,41,83
840,1400,42,41,83
840,1410,43,41,84
840,1420,44,41,85
840,1430,44,42,86
840,1440,45,42,87
840,1450,46,43,89
840,1460,46,43,89
840,1470,46,44,90
840,1480,47,44,91
840,1490,47,44,91
840,1500,47,46,93
840,1510,48,46,94
840,1520,49,47,96
840,1530,51,47,98
840,1540,51,47,98
840,1550,52,47,99
840,1560,52,47,99
840,1570,52,49,101
840,1580,52,49,101
840,1590,53,49,102
840,1600,54,50,104
840,1610,55,50,105
840,1620,55,50,105
840,1630,55,50,105
840,1640,56,51,107
840,1650,59,54,113
840,1660,59,55,114
840,1670,59,55,114
840,1680,60,56,116
840,1690,61,56,117
840,1700,61,56,117
840,1710,61,57,118
840,1720,62,57,119
840,1730,62,57,119
840,1740,62,58,120
840,1750,62,58,120
840,1760,63,58,121
840,1770,65,58,123
840,1780,65,58,123
840,1790,67,59,126
840,1800,68,59,127
840,1810,68,60,128
840,1820,68,60,128
840,1830,69,61,130
840,1840,70,61,131
840,1850,70,61,131
840,1860,72,62,134
840,1870,72,62,134
840,1880,72,62,134
840,1890,73,62,135
840,1900,76,62,138
840,1910,76,62,138
840,1920,77,63,140
840,1930,77,64,141
840,1940,77,65,142
840,1950,77,66,143
840,1960,77,66,143
840,1970,78,67,145
840,1980,78,69,147
840,1990,79,69,148
850,850,0,0,0
850,860,0,0,0
850,870,0,0,0
850,880,1,0,1
850,890,2,1,3
850,900,3,2,5
850,910,4,3,7
850,920,5,3,8
850,930,5,5,10
850,940,6,6,12
850,950,6,7,13
850,960,6,9,15
850,970,6,9,15
850,980,6,12,18
850,990,6,13,19
850,1000,7,13,20
850,1010,9,13,22
850,1020,12,13,25
850,1030,12,15,27
850,1040,13,15,28
850,1050,13,16,29
850,1060,13,16,29
850,1070,13,17,30
850,1080,13,17,30
850,1090,14,18,32
850,1100,15,18,33
850,1110,16,20,36
850,1120,17,20,37
850,1130,19,20,39
850,1140,23,20,43
850,1150,23,21,44
850,1160,25,22,47
850,1170,25,23,48
850,1180,26,24,50
850,1190,26,24,50
850,1200,26,25,51
850,1210,26,26,52
850,1220,26,26,52
850,1230,26,27,53
850,1240,26,27,53
850,1250,27,28,55
850,1260,27,29,56
850,1270,28,30,58
850,1280,28,30,58
850,1290,29,31,60
850,1300,30,31,61
850,1310,31,33,64
850,1320,31,34,65
850,1330,32,34,66
850,1340,33,35,68
850,1350,33,37,70
850,1360,34,38,72
850,1370,36,39,75
850,1380,37,40,77
850,1390,39,40,79
850,1400,39,40,79
850,1410,40,40,80
850,1420,41,40,81
850,1430,41,41,82
850,1440,42,41,83
850,1450,43,42,85
850,1460,43,42,85
850,1470,43,43,86
850,1480,44,43,87
850,1490,44,43,87
850,1500,44,45,89
850,1510,45,45,90
850,1520,46,46,92
850,1530,48,46,94
850,1540,48,46,94
850,1550,49,46,95
850,1560,49,46,95
850,1570,49,48,97
850,1580,49,48,97
850,1590,50,48,98
850,1600,51,49,100
850,1610,52,49,101
850,1620,52,49,101
850,1630,52,49,101
850,1640,53,50,103
850,1650,56,53,109
850,1660,56,54,110
850,1670,56,54,110
850,1680,57,55,112
850,1690,58,55,113
850,1700,58,55,113
850,1710,58,56,114
850,1720,59,56,115
850,1730,59,56,115
850,1740,59,57,116
850,1750,59,57,116
850,1760,60,57,117
850,1770,62,57,119
850,1780,62,57,119
850,1790,64,58,122
850,1800,65,58,123
850,1810,65,59,124
850,1820,65,59,124
850,1830,66,60,126
850,1840,67,60,127
850,1850,67,60,127
850,1860,69,61,130
850,1870,69,61,130
850,1880,69,61,130
850,1890,70,61,131
850,1900,73,61,134
850,1910,73,61,134
850,1920,74,62,136
850,1930,74,63,137
850,1940,74,64,138
850,1950,74,65,139
850,1960,74,65,139
850,1970,75,66,141
850,1980,75,68,143
850,1990,76,68,144
860,860,0,0,0
860,870,0,0,0
860,880,1,0,1
860,890,2,1,3
860,900,3,2,5
860,910,4,3,7
860,920,5,3,8
860,930,5,5,10
860,940,6,6,12
860,950,6,7,13
860,960,6,9,15
860,970,6,9,15
860,980,6,12,18
860,990,6,13,19
860,1000,7,13,20
860,1010,9,13,22
860,1020,12,13,25
860,1030,12,15,27
860,1040,13,15,28
860,1050,13,16,29
860,1060,13,16,29
860,1070,13,17,30
860,1080,13,17,30
860,1090,14,18,32
860,1100,15,18,33
860,1110,16,20,36
860,1120,17,20,37
860,1130,19,20,39
860,1140,23,20,43
860,1150,23,21,44
860,1160,25,22,47
860,1170,25,23,48
860,1180,26,24,50
860,1190,26,24,50
860,1200,26,25,51
860,1210,26,26,52
860,1220,26,26,52
860,1230,26,27,53
860,1240,26,27,53
860,1250,27,28,55
860,1260,27,29,56
860,1270,28,30,58
860,1280,28,30,58
860,1290,29,31,60
860,1300,30,31,61
860,1310,31,33,64
860,1320,31,34,65
860,1330,32,34,66
860,1340,33,35,68
860,1350,33,37,70
860,1360,34,38,72
860,1370,36,39,75
860,1380,37,40,77
860,1390,39,40,79
860,1400,39,40,79
860,1410,40,40,80
860,1420,41,40,81
860,1430,41,41,82
860,1440,42,41,83
860,1450,43,42,85
860,1460,43,42,85
860,1470,43,43,86
860,1480,44,43,87
860,1490,44,43,87
860,1500,44,45,89
860,1510,45,45,90
860,1520,46,46,92
860,1530,48,46,94
860,1540,48,46,94
860,1550,49,46,95
860,1560,49,46,95
860,1570,49,48,97
860,1580,49,48,97
860,1590,50,48,98
860,1600,51,49,100
860,1610,52,49,101
860,1620,52,49,101
860,1630,52,49,101
860,1640,53,50,103
860,1650,56,53,109
860,1660,56,54,110
860,1670,56,54,110
860,1680,57,55,112
860,1690,58,55,113
860,1700,58,55,113
860,1710,58,56,114
860,1720,59,56,115
860,1730,59,56,115
860,1740,59,57,116
860,1750,59,57,116
860,1760,60,57,117
860,1770,62,57,119
860,1780,62,57,119
860,1790,64,58,122
860,1800,65,58,123
860,1810,65,59,124
860,1820,65,59,124
860,1830,66,60,126
860,1840,67,60,127
860,1850,67,60,127
860,1860,69,61,130
860,1870,69,61,130
860,1880,69,61,130
860,1890,70,61,131
860,1900,73,61,134
860,1910,73,61,134
860,1920,74,62,136
860,1930,74,63,137
860,1940,74,64,138
860,1950,74,65,139
860,1960,74,65,139
860,1970,75,66,141
860,1980,75,68,143
860,1990,76,68,144
870,870,0,0,0
870,880,1,0,1
870,890,2,1,3
870,900,3,2,5
870,910,4,3,7
870,920,5,3,8
870,930,5,5,10
870,940,6,6,12
870,950,6,7,13
870,960,6,9,15
870,970,6,9,15
870,980,6,12,18
870,990,6,13,19
870,1000,7,13,20
870,1010,9,13,22
870,1020,12,13,25
870,1030,12,15,27
870,1040,13,15,28
870,1050,13,16,29
870,1060,13,16,29
870,1070,13,17,30
870,1080,13,17,30
870,1090,14,18,32
870,1100,15,18,33
870,1110,16,20,36
870,1120,17,20,37
870,1130,19,20,39
870,1140,23,20,43
870,1150,23,21,44
870,1160,25,22,47
870,1170,25,23,48
870,1180,26,24,50
870,1190,26,24,50
870,1200,26,25,51
870,1210,26,26,52
870,1220,26,26,52
870,1230,26,27,53
870,1240,26,27,53
870,1250,27,28,55
870,1260,27,29,56
870,1270,28,30,58
870,1280,28,30,58
870,1290,29,31,60
870,1300,30,31,61
870,1310,31,33,64
870,1320,31,34,65
870,1330,32,34,66
870,1340,33,35,68
870,1350,33,37,70
870,1360,34,38,72
870,1370,36,39,75
870,1380,37,40,77
870,1390,39,40,79
870,1400,39,40,79
870,1410,40,40,80
870,1420,41,40,81
870,1430,41,41,82
870,1440,42,41,83
870,1450,43,42,85
870,1460,43,42,85
870,1470,43,43,86
870,1480,44,43,87
870,1490,44,43,87
870,1500,44,45,89
870,1510,45,45,90
870,1520,46,46,92
870,1530,48,46,94
870,1540,48,46,94
870,1550,49,46,95
870,1560,49,46,95
870,1570,49,48,97
870,1580,49,48,97
870,1590,50,48,98
870,1600,51,49,100
870,1610,52,49,101
870,1620,52,49,101
870,1630,52,49,101
870,1640,53,50,103
870,1650,56,53,109
870,1660,56,54,110
870,1670,56,54,110
870,1680,57,55,112
870,1690,58,55,113
870,1700,58,55,113
870,1710,58,56,114
870,1720,59,56,115
870,1730,59,56,115
870,1740,59,57,116
870,1750,59,57,116
870,1760,60,57,117
870,1770,62,57,119
870,1780,62,57,119
870,1790,64,58,122
870,1800,65,58,123
870,1810,65,59,124
870,1820,65,59,124
870,1830,66,60,126
870,1840,67,60,127
870,1850,67,60,127
870,1860,69,61,130
870,1870,69,61,130
870,1880,69,61,130
870,1890,70,61,131
870,1900,73,61,134
870,1910,73,61,134
870,1920,74,62,136
870,1930,74,63,137
870,1940,74,64,138
870,1950,74,65,139
870,1960,74,65,139
870,1970,75,66,141
870,1980,75,68,143
870,1990,76,68,144
880,880,0,0,0
880,890,1,1,2
880,900,2,2,4
880,910,3,3,6
880,920,4,3,7
880,930,4,5,9
880,940,5,6,11
880,950,5,7,12
880,960,5,9,14
880,970,5,9,14
880,980,5,12,17
880,990,5,13,18
880,1000,6,13,19
880,1010,8,13,21
880,1020,11,13,24
880,1030,11,15,26
880,1040,12,15,27
880,1050,12,16,28
880,1060,12,16,28
880,1070,12,17,29
880,1080,12,17,29
880,1090,13,18,31
880,1100,14,18,32
880,1110,15,20,35
880,1120,16,20,36
880,1130,18,20,38
880,1140,22,20,42
880,1150,22,21,43
880,1160,24,22,46
880,1170,24,23,47
880,1180,25,24,49
880,1190,25,24,49
880,1200,25,25,50
880,1210,25,26,51
880,1220,25,26,51
880,1230,25,27,52
880,1240,25,27,52
880,1250,26,28,54
880,1260,26,29,55
880,1270,27,30,57
880,1280,27,30,57
880,1290,28,31,59
880,1300,29,31,60
880,1310,30,33,63
880,1320,30,34,64
880,1330,31,34,65
880,1340,32,35,67
880,1350,32,37,69
880,1360,33,38,71
880,1370,35,39,74
880,1380,36,40,76
880,1390,38,40,78
880,1400,38,40,78
880,1410,39,40,79
880,1420,40,40,80
880,1430,40,41,81
880,1440,41,41,82
880,1450,42,42,84
880,1460,42,42,84
880,1470,42,43,85
880,1480,43,43,86
880,1490,43,43,86
880,1500,43,45,88
880,1510,44,45,89
880,1520,45,46,91
880,1530,47,46,93
880,1540,47,46,93
880,1550,48,46,94
880,1560,48,46,94
880,1570,48,48,96
880,1580,48,48,96
880,1590,49,48,97
880,1600,50,49,99
880,1610,51,49,100
880,1620,51,49,100
880,1630,51,49,100
880,1640,52,50,102
880,1650,55,53,108
880,1660,55,54,109
880,1670,55,54,109
880,1680,56,55,111
880,1690,57,55,112
880,1700,57,55,112
880,1710,57,56,113
880,1720,58,56,114
880,1730,58,56,114
880,1740,58,57,115
880,1750,58,57,115
880,1760,59,57,116
880,1770,61,57,118
880,1780,61,57,118
880,1790,63,58,121
880,1800,64,58,122
880,1810,64,59,123
880,1820,64,59,123
880,1830,65,60,125
880,1840,66,60,126
880,1850,66,60,126
880,1860,68,61,129
880,1870,68,61,129
880,1880,68,61,129
880,1890,69,61,130
880,1900,72,61,133
880,1910,72,61,133
880,1920,73,62,135
880,1930,73,63,136
880,1940,73,64,137
880,1950,73,65,138
880,1960,73,65,138
880,1970,74,66,140
880,1980,74,68,142
880,1990,75,68,143
890,890,0,0,0
890,900,1,1,2
890,910,2,2,4
890,920,3,2,5
890,930,3,4,7
890,940,4,5,9
890,950,4,6,10
890,960,4,8,12
890,970,4,8,12
890,980,4,11,15
890,990,4,12,16
890,1000,5,12,17
890,1010,7,12,19
890,1020,10,12,22
890,1030,10,14,24
890,1040,11,14,25
890,1050,11,15,26
890,1060,11,15,26
890,1070,11,16,27
890,1080,11,16,27
890,1090,12,17,29
890,1100,13,17,30
890,1110,14,19,33
890,1120,15,19,34
890,1130,17,19,36
890,1140,21,19,40
890,1150,21,20,41
890,1160,23,21,44
890,1170,23,22,45
890,1180,24,23,47
890,1190,24,23,47
890,1200,24,24,48
890,1210,24,25,49
890,1220,24,25,49
890,1230,24,26,50
890,1240,24,26,50
890,1250,25,27,52
890,1260,25,28,53
890,1270,26,29,55
890,1280,26,29,55
890,1290,27,30,57
890,1300,28,30,58
890,1310,29,32,61
890,1320,29,33,62
890,1330,30,33,63
890,1340,31,34,65
890,1350,31,36,67
890,1360,32,37,69
890,1370,34,38,72
890,1380,35,39,74
890,1390,37,39,76
890,1400,37,39,76
890,1410,38,39,77
890,1420,39,39,78
890,1430,39,40,79
890,1440,40,40,80
890,1450,41,41,82
890,1460,41,41,82
890,1470,41,42,83
890,1480,42,42,84
890,1490,42,42,84
890,1500,42,44,86
890,1510,43,44,87
890,1520,44,45,89
890,1530,46,45,91
890,1540,46,45,91
890,1550,47,45,92
890,1560,47,45,92
890,1570,47,47,94
890,1580,47,47,94
890,1590,48,47,95
890,1600,49,48,97
890,1610,50,48,98
890,1620,50,48,98
890,1630,50,48,98
890,1640,51,49,100
890,1650,54,52,106
890,1660,54,53,107
890,1670,54,53,107
890,1680,55,54,109
890,1690,56,54,110
890,1700,56,54,110
890,1710,56,55,111
890,1720,57,55,112
890,1730,57,55,112
890,1740,57,56,113
890,1750,57,56,113
890,1760,58,56,114
890,1770,60,56,116
890,1780,60,56,116
890,1790,62,57,119
890,1800,63,57,120
890,1810,63,58,121
890,1820,63,58,121
890,1830,64,59,123
890,1840,65,59,124
890,1850,65,59,124
890,1860,67,60,127
890,1870,67,60,127
890,1880,67,60,127
890,1890,68,60,128
890,1900,71,60,131
890,1910,71,60,131
890,1920,72,61,133
890,1930,72,62,134
890,1940,72,63,135
890,1950,72,64,136
890,1960,72,64,136
890,1970,73,65,138
890,1980,73,67,140
890,1990,74,67,141
900,900,0,0,0
900,910,1,1,2
900,920,2,1,3
900,930,2,3,5
900,940,3,4,7
900,950,3,5,8
900,960,3,7,10
900,970,3,7,10
900,980,3,10,13
900,990,3,11,14
900,1000,4,11,15
900,1010,6,11,17
900,1020,9,11,20
900,1030,9,13,22
900,1040,10,13,23
900,1050,10,14,24
900,1060,10,14,24
900,1070,10,15,25
900,1080,10,15,25
900,1090,11,16,27
900,1100,12,16,28
900,1110,13,18,31
900,1120,14,18,32
900,1130,16,18,34
900,1140,20,18,38
900,1150,20,19,39
900,1160,22,20,42
900,1170,22,21,43
900,1180,23,22,45
900,1190,23,22,45
900,1200,23,23,46
900,1210,23,24,47
900,1220,23,24,47
900,1230,23,25,48
900,1240,23,25,48
900,1250,24,26,50
900,1260,24,27,51
900,1270,25,28,53
900,1280,25,28,53
900,1290,26,29,55
900,1300,27,29,56
900,1310,28,31,59
900,1320,28,32,60
900,1330,29,32,61
900,1340,30,33,63
900,1350,30,35,65
900,1360,31,36,67
900,1370,33,37,70
900,1380,34,38,72
900,1390,36,38,74
900,1400,36,38,74
900,1410,37,38,75
900,1420,38,38,76
900,1430,38,39,77
900,1440,39,39,78
900,1450,40,40,80
900,1460,40,40,80
900,1470,40,41,81
900,1480,41,41,82
900,1490,41,41,82
900,1500,41,43,84
900,1510,42,43,85
900,1520,43,44,87
900,1530,45,44,89
900,1540,45,44,89
900,1550,46,44,90
900,1560,46,44,90
900,1570,46,46,92
900,1580,46,46,92
900,1590,47,46,93
900,1600,48,47,95
900,1610,49,47,96
900,1620,49,47,96
900,1630,49,47,96
900,1640,50,48,98
900,1650,53,51,104
900,1660,53,52,105
900,1670,53,52,105
900,1680,54,53,107
900,1690,55,53,108
900,1700,55,53,108
900,1710,55,54,109
900,1720,56,54,110
900,1730,56,54,110
900,1740,56,55,111
900,1750,56,55,111
900,1760,57,55,112
900,1770,59,55,114
900,1780,59,55,114
900,1790,61,56,117
900,1800,62,56,118
900,1810,62,57,119
900,1820,62,57,119
900,1830,63,58,121
900,1840,64,58,122
900,1850,64,58,122
900,1860,66,59,125
900,1870,66,59,125
900,1880,66,59,125
900,1890,67,59,126
900,1900,70,59,129
900,1910,70,59,129
900,1920,71,60,131
900,1930,71,61,132
900,1940,71,62,133
900,1950,71,63,134
900,1960,71,63,134
900,1970,72,64,136
900,1980,72,66,138
900,1990,73,66,139
910,910,0,0,0
910,920,1,0,1
910,930,1,2,3
910,940,2,3,5
910,950,2,4,6
910,960,2,6,8
910,970,2,6,8
910,980,2,9,11
910,990,2,10,12
910,1000,3,10,13
910,1010,5,10,15
910,1020,8,10,18
910,1030,8,12,20
910,1040,9,12,21
910,1050,9,13,22
910,1060,9,13,22
910,1070,9,14,23
910,1080,9,14,23
910,1090,10,15,25
910,1100,11,15,26
910,1110,12,17,29
910,1120,13,17,30
910,1130,15,17,32
910,1140,19,17,36
910,1150,19,18,37
910,1160,21,19,40
910,1170,21,20,41
910,1180,22,21,43
910,1190,22,21,43
910,1200,22,22,44
910,1210,22,23,45
910,1220,22,23,45
910,1230,22,24,46
910,1240,22,24,46
910,1250,23,25,48
910,1260,23,26,49
910,1270,24,27,51
910,1280,24,27,51
910,1290,25,28,53
910,1300,26,28,54
910,1310,27,30,57
910,1320,27,31,58
910,1330,28,31,59
910,1340,29,32,61
910,1350,29,34,63
910,1360,30,35,65
910,1370,32,36,68
910,1380,33,37,70
910,1390,35,37,72
910,1400,35,37,72
910,1410,36,37,73
910,1420,37,37,74
910,1430,37,38,75
910,1440,38,38,76
910,1450,39,39,78
910,1460,39,39,78
910,1470,39,40,79
910,1480,40,40,80
910,1490,40,40,80
910,1500,40,42,82
910,1510,41,42,83
910,1520,42,43,85
910,1530,44,43,87
910,1540,44,43,87
910,1550,45,43,88
910,1560,45,43,88
910,1570,45,45,90
910,1580,45,45,90
910,1590,46,45,91
910,1600,47,46,93
910,1610,48,46,94
910,1620,48,46,94
910,1630,48,46,94
910,1640,49,47,96
910,1650,52,50,102
910,1660,52,51,103
910,1670,52,51,103
910,1680,53,52,105
910,1690,54,52,106
910,1700,54,52,106
910,1710,54,53,107
910,1720,55,53,108
910,1730,55,53,108
910,1740,55,54,109
910,1750,55,54,109
910,1760,56,54,110
910,1770,58,54,112
910,1780,58,54,112
910,1790,60,55,115
910,1800,61,55,116
910,1810,61,56,117
910,1820,61,56,117
910,1830,62,57,119
910,1840,63,57,120
910,1850,63,57,120
910,1860,65,58,123
910,1870,65,58,123
910,1880,65,58,123
910,1890,66,58,124
910,1900,69,58,127
910,1910,69,58,127
910,1920,70,59,129
910,1930,70,60,130
910,1940,70,61,131
910,1950,70,62,132
910,1960,70,62,132
910,1970,71,63,134
910,1980,71,65,136
910,1990,72,65,137
920,920,1,0,1
920,930,1,2,3
920,940,2,3,5
920,950,2,4,6
920,960,2,6,8
920,970,2,6,8
920,980,2,9,11
920,990,2,10,12
920,1000,3,10,13
920,1010,5,10,15
920,1020,8,10,18
920,1030,8,12,20
920,1040,9,12,21
920,1050,9,13,22
920,1060,9,13,22
920,1070,9,14,23
920,1080,9,14,23
920,1090,10,15,25
920,1100,11,15,26
920,1110,12,17,29
920,1120,13,17,30
920,1130,15,17,32
920,1140,19,17,36
920,1150,19,18,37
920,1160,21,19,40
920,1170,21,20,41
920,1180,22,21,43
920,1190,22,21,43
920,1200,22,22,44
920,1210,22,23,45
920,1220,22,23,45
920,1230,22,24,46
920,1240,22,24,46
920,1250,23,25,48
920,1260,23,26,49
920,1270,24,27,51
920,1280,24,27,51
920,1290,25,28,53
920,1300,26,28,54
920,1310,27,30,57
920,1320,27,31,58
920,1330,28,31,59
920,1340,29,32,61
920,1350,29,34,63
920,1360,30,35,65
920,1370,32,36,68
920,1380,33,37,70
920,1390,35,37,72
920,1400,35,37,72
920,1410,36,37,73
920,1420,37,37,74
920,1430,37,38,75
920,1440,38,38,76
920,1450,39,39,78
920,1460,39,39,78
920,1470,39,40,79
920,1480,40,40,80
920,1490,40,40,80
920,1500,40,42,82
920,1510,41,42,83
920,1520,42,43,85
920,1530,44,43,87
920,1540,44,43,87
920,1550,45,43,88
920,1560,45,43,88
920,1570,45,45,90
920,1580,45,45,90
920,1590,46,45,91
920,1600,47,46,93
920,1610,48,46,94
920,1620,48,46,94
920,1630,48,46,94
920,1640,49,47,96
920,1650,52,50,102
920,1660,52,51,103
920,1670,52,51,103
920,1680,53,52,105
920,1690,54,52,106
920,1700,54,52,106
920,1710,54,53,107
920,1720,55,53,108
920,1730,55,53,108
920,1740,55,54,109
920,1750,55,54,109
920,1760,56,54,110
920,1770,58,54,112
920,1780,58,54,112
920,1790,60,55,115
920,1800,61,55,116
920,1810,61,56,117
920,1820,61,56,117
920,1830,62,57,119
920,1840,63,57,120
920,1850,63,57,120
920,1860,65,58,123
920,1870,65,58,123
920,1880,65,58,123
920,1890,66,58,124
920,1900,69,58,127
920,1910,69,58,127
920,1920,70,59,129
920,1930,70,60,130
920,1940,70,61,131
920,1950,70,62,132
920,1960,70,62,132
920,1970,71,63,134
920,1980,71,65,136
920,1990,72,65,137
930,930,0,0,0
930,940,1,1,2
930,950,1,2,3
930,960,1,4,5
930,970,1,4,5
930,980,1,7,8
930,990,1,8,9
930,1000,2,8,10
930,1010,4,8,12
930,1020,7,8,15
930,1030,7,10,17
930,1040,8,10,18
930,1050,8,11,19
930,1060,8,11,19
930,1070,8,12,20
930,1080,8,12,20
930,1090,9,13,22
930,1100,10,13,23
930,1110,11,15,26
930,1120,12,15,27
930,1130,14,15,29
930,1140,18,15,33
930,1150,18,16,34
930,1160,20,17,37
930,1170,20,18,38
930,1180,21,19,40
930,1190,21,19,40
930,1200,21,20,41
930,1210,21,21,42
930,1220,21,21,42
930,1230,21,22,43
930,1240,21,22,43
930,1250,22,23,45
930,1260,22,24,46
930,1270,23,25,48
930,1280,23,25,48
930,1290,24,26,50
930,1300,25,26,51
930,1310,26,28,54
930,1320,26,29,55
930,1330,27,29,56
930,1340,28,30,58
930,1350,28,32,60
930,1360,29,33,62
930,1370,31,34,65
930,1380,32,35,67
930,1390,34,35,69
930,1400,34,35,69
930,1410,35,35,70
930,1420,36,35,71
930,1430,36,36,72
930,1440,37,36,73
930,1450,38,37,75
930,1460,38,37,75
930,1470,38,38,76
930,1480,39,38,77
930,1490,39,38,77
930,1500,39,40,79
930,1510,40,40,80
930,1520,41,41,82
930,1530,43,41,84
930,1540,43,41,84
930,1550,44,41,85
930,1560,44,41,85
930,1570,44,43,87
930,1580,44,43,87
930,1590,45,43,88
930,1600,46,44,90
930,1610,47,44,91
930,1620,47,44,91
930,1630,47,44,91
930,1640,48,45,93
930,1650,51,48,99
930,1660,51,49,100
930,1670,51,49,100
930,1680,52,50,102
930,1690,53,50,103
930,1700,53,50,103
930,1710,53,51,104
930,1720,54,51,105
930,1730,54,51,105
930,1740,54,52,106
930,1750,54,52,106
930,1760,55,52,107
930,1770,57,52,109
930,1780,57,52,109
930,1790,59,53,112
930,1800,60,53,113
930,1810,60,54,114
930,1820,60,54,114
930,1830,61,55,116
930,1840,62,55,117
930,1850,62,55,117
930,1860,64,56,120
930,1870,64,56,120
930,1880,64,56,120
930,1890,65,56,121
930,1900,68,56,124
930,1910,68,56,124
930,1920,69,57,126
930,1930,69,58,127
930,1940,69,59,128
930,1950,69,60,129
930,1960,69,60,129
930,1970,70,61,131
930,1980,70,63,133
930,1990,71,63,134
940,940,0,0,0
940,950,0,1,1
940,960,0,3,3
940,970,0,3,3
940,980,0,6,6
940,990,0,7,7
940,1000,1,7,8
940,1010,3,7,10
940,1020,6,7,13
940,1030,6,9,15
940,1040,7,9,16
940,1050,7,10,17
940,1060,7,10,17
940,1070,7,11,18
940,1080,7,11,18
940,1090,8,12,20
940,1100,9,12,21
940,1110,10,14,24
940,1120,11,14,25
940,1130,13,14,27
940,1140,17,14,31
940,1150,17,15,32
940,1160,19,16,35
940,1170,19,17,36
940,1180,20,18,38
940,1190,20,18,38
940,1200,20,19,39
940,1210,20,20,40
940,1220,20,20,40
940,1230,20,21,41
940,1240,20,21,41
940,1250,21,22,43
940,1260,21,23,44
940,1270,22,24,46
940,1280,22,24,46
940,1290,23,25,48
940,1300,24,25,49
940,1310,25,27,52
940,1320,25,28,53
940,1330,26,28,54
940,1340,27,29,56
940,1350,27,31,58
940,1360,28,32,60
940,1370,30,33,63
940,1380,31,34,65
940,1390,33,34,67
940,1400,33,34,67
940,1410,34,34,68
940,1420,35,34,69
940,1430,35,35,70
940,1440,36,35,71
940,1450,37,36,73
940,1460,37,36,73
940,1470,37,37,74
940,1480,38,37,75
940,1490,38,37,75
940,1500,38,39,77
940,1510,39,39,78
940,1520,40,40,80
940,1530,42,40,82
940,1540,42,40,82
940,1550,43,40,83
940,1560,43,40,83
940,1570,43,42,85
940,1580,43,42,85
940,1590,44,42,86
940,1600,45,43,88
940,1610,46,43,89
940,1620,46,43,89
940,1630,46,43,89
940,1640,47,44,91
940,1650,50,47,97
940,1660,50,48,98
940,1670,50,48,98
940,1680,51,49,100
940,1690,52,49,101
940,1700,52,49,101
940,1710,52,50,102
940,1720,53,50,103
940,1730,53,50,103
940,1740,53,51,104
940,1750,53,51,104
940,1760,54,51,105
940,1770,56,51,107
940,1780,56,51,107
940,1790,58,52,110
940,1800,59,52,111
940,1810,59,53,112
940,1820,59,53,112
940,1830,60,54,114
940,1840,61,54,115
940,1850,61,54,115
940,1860,63,55,118
940,1870,63,55,118
940,1880,63,55,118
940,1890,64,55,119
940,1900,67,55,122
940,1910,67,55,122
940,1920,68,56,124
940,1930,68,57,125
940,1940,68,58,126
940,1950,68,59,127
940,1960,68,59,127
940,1970,69,60,129
940,1980,69,62,131
940,1990,70,62,132
950,950,0,0,0
950,960,0,2,2
950,970,0,2,2
950,980,0,5,5
950,990,0,6,6
950,1000,1,6,7
950,1010,3,6,9
950,1020,6,6,12
950,1030,6,8,14
950,1040,7,8,15
950,1050,7,9,16
950,1060,7,9,16
950,1070,7,10,17
950,1080,7,10,17
950,1090,8,11,19
950,1100,9,11,20
950,1110,10,13,23
950,1120,11,13,24
950,1130,13,13,26
950,1140,17,13,30
950,1150,17,14,31
950,1160,19,15,34
950,1170,19,16,35
950,1180,20,17,37
950,1190,20,17,37
950,1200,20,18,38
950,1210,20,19,39
950,1220,20,19,39
950,1230,20,20,40
950,1240,20,20,40
950,1250,21,21,42
950,1260,21,22,43
950,1270,22,23,45
950,1280,22,23,45
950,1290,23,24,47
950,1300,24,24,48
950,1310,25,26,51
950,1320,25,27,52
950,1330,26,27,53
950,1340,27,28,55
950,1350,27,30,57
950,1360,28,31,59
950,1370,30,32,62
950,1380,31,33,64
950,1390,33,33,66
950,1400,33,33,66
950,1410,34,33,67
950,1420,35,33,68
950,1430,35,34,69
950,1440,36,34,70
950,1450,37,35,72
950,1460,37,35,72
950,1470,37,36,73
950,1480,38,36,74
950,1490,38,36,74
950,1500,38,38,76
950,1510,39,38,77
950,1520,40,39,79
950,1530,42,39,81
950,1540,42,39,81
950,1550,43,39,82
950,1560,43,39,82
950,1570,43,41,84
950,1580,43,41,84
950,1590,44,41,85
950,1600,45,42,87
950,1610,46,42,88
950,1620,46,42,88
950,1630,46,42,88
950,1640,47,43,90
950,1650,50,46,96
950,1660,50,47,97
950,1670,50,47,97
950,1680,51,48,99
950,1690,52,48,100
950,1700,52,48,100
950,1710,52,49,101
950,1720,53,49,102
950,1730,53,49,102
950,1740,53,50,103
950,1750,53,50,103
950,1760,54,50,104
950,1770,56,50,106
950,1780,56,50,106
950,1790,58,51,109
950,1800,59,51,110
950,1810,59,52,111
950,1820,59,52,111
950,1830,60,53,113
950,1840,61,53,114
950,1850,61,53,114
950,1860,63,54,117
950,1870,63,54,117
950,1880,63,54,117
950,1890,64,54,118
950,1900,67,54,121
950,1910,67,54,121
950,1920,68,55,123
950,1930,68,56,124
950,1940,68,57,125
950,1950,68,58,126
950,1960,68,58,126
950,1970,69,59,128
950,1980,69,61,130
950,1990,70,61,131
960,960,0,1,1
960,970,0,1,1
960,980,0,4,4
960,990,0,5,5
960,1000,1,5,6
960,1010,3,5,8
960,1020,6,5,11
960,1030,6,7,13
960,1040,7,7,14
960,1050,7,8,15
960,1060,7,8,15
960,1070,7,9,16
960,1080,7,9,16
960,1090,8,10,18
960,1100,9,10,19
960,1110,10,12,22
960,1120,11,12,23
960,1130,13,12,25
960,1140,17,12,29
960,1150,17,13,30
960,1160,19,14,33
960,1170,19,15,34
960,1180,20,16,36
960,1190,20,16,36
960,1200,20,17,37
960,1210,20,18,38
960,1220,20,18,38
960,1230,20,19,39
960,1240,20,19,39
960,1250,21,20,41
960,1260,21,21,42
960,1270,22,22,44
960,1280,22,22,44
960,1290,23,23,46
960,1300,24,23,47
960,1310,25,25,50
960,1320,25,26,51
960,1330,26,26,52
960,1340,27,27,54
960,1350,27,29,56
960,1360,28,30,58
960,1370,30,31,61
960,1380,31,32,63
960,1390,33,32,65
960,1400,33,32,65
960,1410,34,32,66
960,1420,35,32,67
960,1430,35,33,68
960,1440,36,33,69
960,1450,37,34,71
960,1460,37,34,71
960,1470,37,35,72
960,1480,38,35,73
960,1490,38,35,73
960,1500,38,37,75
960,1510,39,37,76
960,1520,40,38,78
960,1530,42,38,80
960,1540,42,38,80
960,1550,43,38,81
960,1560,43,38,81
960,1570,43,40,83
960,1580,43,40,83
960,1590,44,40,84
960,1600,45,41,86
960,1610,46,41,87
960,1620,46,41,87
960,1630,46,41,87
960,1640,47,42,89
960,1650,50,45,95
960,1660,50,46,96
960,1670,50,46,96
960,1680,51,47,98
960,1690,52,47,99
960,1700,52,47,99
960,1710,52,48,100
960,1720,53,48,101
960,1730,53,48,101
960,1740,53,49,102
960,1750,53,49,102
960,1760,54,49,103
960,1770,56,49,105
960,1780,56,49,105
960,1790,58,50,108
960,1800,59,50,109
960,1810,59,51,110
960,1820,59,51,110
960,1830,60,52,112
960,1840,61,52,113
960,1850,61,52,113
960,1860,63,53,116
960,1870,63,53,116
960,1880,63,53,116
960,1890,64,53,117
960,1900,67,53,120
960,1910,67,53,120
960,1920,68,54,122
960,1930,68,55,123
960,1940,68,56,124
960,1950,68,57,125
960,1960,68,57,125
960,1970,69,58,127
960,1980,69,60,129
960,1990,70,60,130
970,970,0,0,0
970,980,0,3,3
970,990,0,4,4
970,1000,1,4,5
970,1010,3,4,7
970,1020,6,4,10
970,1030,6,6,12
970,1040,7,6,13
970,1050,7,7,14
970,1060,7,7,14
970,1070,7,8,15
970,1080,7,8,15
970,1090,8,9,17
970,1100,9,9,18
970,1110,10,11,21
970,1120,11,11,22
970,1130,13,11,24
970,1140,17,11,28
970,1150,17,12,29
970,1160,19,13,32
970,1170,19,14,33
970,1180,20,15,35
970,1190,20,15,35
970,1200,20,16,36
970,1210,20,17,37
970,1220,20,17,37
970,1230,20,18,38
970,1240,20,18,38
970,1250,21,19,40
970,1260,21,20,41
970,1270,22,21,43
970,1280,22,21,43
970,1290,23,22,45
970,1300,24,22,46
970,1310,25,24,49
970,1320,25,25,50
970,1330,26,25,51
970,1340,27,26,53
970,1350,27,28,55
970,1360,28,29,57
970,1370,30,30,60
970,1380,31,31,62
970,1390,33,31,64
970,1400,33,31,64
970,1410,34,31,65
970,1420,35,31,66
970,1430,35,32,67
970,1440,36,32,68
970,1450,37,33,70
970,1460,37,33,70
970,1470,37,34,71
970,1480,38,34,72
970,1490,38,34,72
970,1500,38,36,74
970,1510,39,36,75
970,1520,40,37,77
970,1530,42,37,79
970,1540,42,37,79
970,1550,43,37,80
970,1560,43,37,80
970,1570,43,39,82
970,1580,43,39,82
970,1590,44,39,83
970,1600,45,40,85
970,1610,46,40,86
970,1620,46,40,86
970,1630,46,40,86
970,1640,47,41,88
970,1650,50,44,94
970,1660,50,45,95
970,1670,50,45,95
970,1680,51,46,97
970,1690,52,46,98
970,1700,52,46,98
970,1710,52,47,99
970,1720,53,47,100
970,1730,53,47,100
970,1740,53,48,101
970,1750,53,48,101
970,1760,54,48,102
970,1770,56,48,104
970,1780,56,48,104
970,1790,58,49,107
970,1800,59,49,108
970,1810,59,50,109
970,1820,59,50,109
970,1830,60,51,111
970,1840,61,51,112
970,1850,61,51,112
970,1860,63,52,115
970,1870,63,52,115
970,1880,63,52,115
970,1890,64,52,116
970,1900,67,52,119
970,1910,67,52,119
970,1920,68,53,121
970,1930,68,54,122
970,1940,68,55,123
970,1950,68,56,124
970,1960,68,56,124
970,1970,69,57,126
970,1980,69,59,128
970,1990,70,59,129
980,980,0,0,0
980,990,0,1,1
980,1000,1,1,2
980,1010,3,1,4
980,1020,6,1,7
980,1030,6,3,9
980,1040,7,3,10
980,1050,7,4,11
980,1060,7,4,11
980,1070,7,5,12
980,1080,7,5,12
980,1090,8,6,14
980,1100,9,6,15
980,1110,10,8,18
980,1120,11,8,19
980,1130,13,8,21
980,1140,17,8,25
980,1150,17,9,26
980,1160,19,10,29
980,1170,19,11,30
980,1180,20,12,32
980,1190,20,12,32
980,1200,20,13,33
980,1210,20,14,34
980,1220,20,14,34
980,1230,20,15,35
980,1240,20,15,35
980,1250,21,16,37
980,1260,21,17,38
980,1270,22,18,40
980,1280,22,18,40
980,1290,23,19,42
980,1300,24,19,43
980,1310,25,21,46
980,1320,25,22,47
980,1330,26,22,48
980,1340,27,23,50
980,1350,27,25,52
980,1360,28,26,54
980,1370,30,27,57
980,1380,31,28,59
980,1390,33,28,61
980,1400,33,28,61
980,1410,34,28,62
980,1420,35,28,63
980,1430,35,29,64
980,1440,36,29,65
980,1450,37,30,67
980,1460,37,30,67
980,1470,37,31,68
980,1480,38,31,69
980,1490,38,31,69
980,1500,38,33,71
980,1510,39,33,72
980,1520,40,34,74
980,1530,42,34,76
980,1540,42,34,76
980,1550,43,34,77
980,1560,43,34,77
980,1570,43,36,79
980,1580,43,36,79
980,1590,44,36,80
980,1600,45,37,82
980,1610,46,37,83
980,1620,46,37,83
980,1630,46,37,83
980,1640,47,38,85
980,1650,50,41,91
980,1660,50,42,92
980,1670,50,42,92
980,1680,51,43,94
980,1690,52,43,95
980,1700,52,43,95
980,1710,52,44,96
980,1720,53,44,97
980,1730,53,44,97
980,1740,53,45,98
980,1750,53,45,98
980,1760,54,45,99
980,1770,56,45,101
980,1780,56,45,101
980,1790,58,46,104
980,1800,59,46,105
980,1810,59,47,106
980,1820,59,47,106
980,1830,60,48,108
980,1840,61,48,109
980,1850,61,48,109
980,1860,63,49,112
980,1870,63,49,112
980,1880,63,49,112
980,1890,64,49,113
980,1900,67,49,116
980,1910,67,49,116
980,1920,68,50,118
980,1930,68,51,119
980,1940,68,52,120
980,1950,68,53,121
980,1960,68,53,121
980,1970,69,54,123
980,1980,69,56,125
980,1990,70,56,126
990,990,0,0,0
990,1000,1,0,1
990,1010,3,0,3
990,1020,6,0,6
990,1030,6,2,8
990,1040,7,2,9
990,1050,7,3,10
990,1060,7,3,10
990,1070,7,4,11
990,1080,7,4,11
990,1090,8,5,13
990,1100,9,5,14
990,1110,10,7,17
990,1120,11,7,18
990,1130,13,7,20
990,1140,17,7,24
990,1150,17,8,25
990,1160,19,9,28
990,1170,19,10,29
990,1180,20,11,31
990,1190,20,11,31
990,1200,20,12,32
990,1210,20,13,33
990,1220,20,13,33
990,1230,20,14,34
990,1240,20,14,34
990,1250,21,15,36
990,1260,21,16,37
990,1270,22,17,39
990,1280,22,17,39
990,1290,23,18,41
990,1300,24,18,42
990,1310,25,20,45
990,1320,25,21,46
990,1330,26,21,47
990,1340,27,22,49
990,1350,27,24,51
990,1360,28,25,53
990,1370,30,26,56
990,1380,31,27,58
990,1390,33,27,60
990,1400,33,27,60
990,1410,34,27,61
990,1420,35,27,62
990,1430,35,28,63
990,1440,36,28,64
990,1450,37,29,66
990,1460,37,29,66
990,1470,37,30,67
990,1480,38,30,68
990,1490,38,30,68
990,1500,38,32,70
990,1510,39,32,71
990,1520,40,33,73
990,1530,42,33,75
990,1540,42,33,75
990,1550,43,33,76
990,1560,43,33,76
990,1570,43,35,78
990,1580,43,35,78
990,1590,44,35,79
990,1600,45,36,81
990,1610,46,36,82
990,1620,46,36,82
990,1630,46,36,82
990,1640,47,37,84
990,1650,50,40,90
990,1660,50,41,91
990,1670,50,41,91
990,1680,51,42,93
990,1690,52,42,94
990,1700,52,42,94
990,1710,52,43,95
990,1720,53,43,96
990,1730,53,43,96
990,1740,53,44,97
990,1750,53,44,97
990,1760,54,44,98
990,1770,56,44,100
990,1780,56,44,100
990,1790,58,45,103
990,1800,59,45,104
990,1810,59,46,105
990,1820,59,46,105
990,1830,60,47,107
990,1840,61,47,108
990,1850,61,47,108
990,1860,63,48,111
990,1870,63,48,111
990,1880,63,48,111
990,1890,64,48,112
990,1900,67,48,115
990,1910,67,48,115
990,1920,68,49,117
990,1930,68,50,118
990,1940,68,51,119
990,1950,68,52,120
990,1960,68,52,120
990,1970,69,53,122
990,1980,69,55,124
990,1990,70,55,125
1000,1000,0,0,0
1000,1010,2,0,2
1000,1020,5,0,5
1000,1030,5,2,7
1000,1040,6,2,8
1000,1050,6,3,9
1000,1060,6,3,9
1000,1070,6,4,10
1000,1080,6,4,10
1000,1090,7,5,12
1000,1100,8,5,13
1000,1110,9,7,16
1000,1120,10,7,17
1000,1130,12,7,19
1000,1140,16,7,23
1000,1150,16,8,24
1000,1160,18,9,27
1000,1170,18,10,28
1000,1180,19,11,30
1000,1190,19,11,30
1000,1200,19,12,31
1000,1210,19,13,32
1000,1220,19,13,32
1000,1230,19,14,33
1000,1240,19,14,33
1000,1250,20,15,35
1000,1260,20,16,36
1000,1270,21,17,38
1000,1280,21,17,38
1000,1290,22,18,40
1000,1300,23,18,41
1000,1310,24,20,44
1000,1320,24,21,45
1000,1330,25,21,46
1000,1340,26,22,48
1000,1350,26,24,50
1000,1360,27,25,52
1000,1370,29,26,55
1000,1380,30,27,57
1000,1390,32,27,59
1000,1400,32,27,59
1000,1410,33,27,60
1000,1420,34,27,61
1000,1430,34,28,62
1000,1440,35,28,63
1000,1450,36,29,65
1000,1460,36,29,65
1000,1470,36,30,66
1000,1480,37,30,67
1000,1490,37,30,67
1000,1500,37,32,69
1000,1510,38,32,70
1000,1520,39,33,72
1000,1530,41,33,74
1000,1540,41,33,74
1000,1550,42,33,75
1000,1560,42,33,75
1000,1570,42,35,77
1000,1580,42,35,77
1000,1590,43,35,78
1000,1600,44,36,80
1000,1610,45,36,81
1000,1620,45,36,81
1000,1630,45,36,81
1000,1640,46,37,83
1000,1650,49,40,89
1000,1660,49,41,90
1000,1670,49,41,90
1000,1680,50,42,92
1000,1690,51,42,93
1000,1700,51,42,93
1000,1710,51,43,94
1000,1720,52,43,95
1000,1730,52,43,95
1000,1740,52,44,96
1000,1750,52,44,96
1000,1760,53,44,97
1000,1770,55,44,99
1000,1780,55,44,99
1000,1790,57,45,102
1000,1800,58,45,103
1000,1810,58,46,104
1000,1820,58,46,104
1000,1830,59,47,106
1000,1840,60,47,107
1000,1850,60,47,107
1000,1860,62,48,110
1000,1870,62,48,110
1000,1880,62,48,110
1000,1890,63,48,111
1000,1900,66,48,114
1000,1910,66,48,114
1000,1920,67,49,116
1000,1930,67,50,117
1000,1940,67,51,118
1000,1950,67,52,119
1000,1960,67,52,119
1000,1970,68,53,121
1000,1980,68,55,123
1000,1990,69,55,124
1010,1010,0,0,0
1010,1020,3,0,3
1010,1030,3,2,5
1010,1040,4,2,6
1010,1050,4,3,7
1010,1060,4,3,7
1010,1070,4,4,8
1010,1080,4,4,8
1010,1090,5,5,10
1010,1100,6,5,11
1010,1110,7,7,14
1010,1120,8,7,15
1010,1130,10,7,17
1010,1140,14,7,21
1010,1150,14,8,22
1010,1160,16,9,25
1010,1170,16,10,26
1010,1180,17,11,28
1010,1190,17,11,28
1010,1200,17,12,29
1010,1210,17,13,30
1010,1220,17,13,30
1010,1230,17,14,31
1010,1240,17,14,31
1010,1250,18,15,33
1010,1260,18,16,34
1010,1270,19,17,36
1010,1280,19,17,36
1010,1290,20,18,38
1010,1300,21,18,39
1010,1310,22,20,42
1010,1320,22,21,43
1010,1330,23,21,44
1010,1340,24,22,46
1010,1350,24,24,48
1010,1360,25,25,50
1010,1370,27,26,53
1010,1380,28,27,55
1010,1390,30,27,57
1010,1400,30,27,57
1010,1410,31,27,58
1010,1420,32,27,59
1010,1430,32,28,60
1010,1440,33,28,61
1010,1450,34,29,63
1010,1460,34,29,63
1010,1470,34,30,64
1010,1480,35,30,65
1010,1490,35,30,65
1010,1500,35,32,67
1010,1510,36,32,68
1010,1520,37,33,70
1010,1530,39,33,72
1010,1540,39,33,72
1010,1550,40,33,73
1010,1560,40,33,73
1010,1570,40,35,75
1010,1580,40,35,75
1010,1590,41,35,76
1010,1600,42,36,78
1010,1610,43,36,79
1010,1620,43,36,79
1010,1630,43,36,79
1010,1640,44,37,81
1010,1650,47,40,87
1010,1660,47,41,88
1010,1670,47,41,88
1010,1680,48,42,90
1010,1690,49,42,91
1010,1700,49,42,91
1010,1710,49,43,92
1010,1720,50,43,93
1010,1730,50,43,93
1010,1740,50,44,94
1010,1750,50,44,94
1010,1760,51,44,95
1010,1770,53,44,97
1010,1780,53,44,97
1010,1790,55,45,100
1010,1800,56,45,101
1010,1810,56,46,102
1010,1820,56,46,102
1010,1830,57,47,104
1010,1840,58,47,105
1010,1850,58,47,105
1010,1860,60,48,108
1010,1870,60,48,108
1010,1880,60,48,108
1010,1890,61,48,109
1010,1900,64,48,112
1010,1910,64,48,112
1010,1920,65,49,114
1010,1930,65,50,115
1010,1940,65,51,116
1010,1950,65,52,117
1010,1960,65,52,117
1010,1970,66,53,119
1010,1980,66,55,121
1010,1990,67,55,122
1020,1020,0,0,0
1020,1030,0,2,2
1020,1040,1,2,3
1020,1050,1,3,4
1020,1060,1,3,4
1020,1070,1,4,5
1020,1080,1,4,5
1020,1090,2,5,7
1020,1100,3,5,8
1020,1110,4,7,11
1020,1120,5,7,12
1020,1130,7,7,14
1020,1140,11,7,18
1020,1150,11,8,19
1020,1160,13,9,22
1020,1170,13,10,23
1020,1180,14,11,25
1020,1190,14,11,25
1020,1200,14,12,26
1020,1210,14,13,27
1020,1220,14,13,27
1020,1230,14,14,28
1020,1240,14,14,28
1020,1250,15,15,30
1020,1260,15,16,31
1020,1270,16,17,33
1020,1280,16,17,33
1020,1290,17,18,35
1020,1300,18,18,36
1020,1310,19,20,39
1020,1320,19,21,40
1020,1330,20,21,41
1020,1340,21,22,43
1020,1350,21,24,45
1020,1360,22,25,47
1020,1370,24,26,50
1020,1380,25,27,52
1020,1390,27,27,54
1020,1400,27,27,54
1020,1410,28,27,55
1020,1420,29,27,56
1020,1430,29,28,57
1020,1440,30,28,58
1020,1450,31,29,60
1020,1460,31,29,60
1020,1470,31,30,61
1020,1480,32,30,62
1020,1490,32,30,62
1020,1500,32,32,64
1020,1510,33,32,65
1020,1520,34,33,67
1020,1530,36,33,69
1020,1540,36,33,69
1020,1550,37,33,70
1020,1560,37,33,70
1020,1570,37,35,72
1020,1580,37,35,72
1020,1590,38,35,73
1020,1600,39,36,75
1020,1610,40,36,76
1020,1620,40,36,76
1020,1630,40,36,76
1020,1640,41,37,78
1020,1650,44,40,84
1020,1660,44,41,85
1020,1670,44,41,85
1020,1680,45,42,87
1020,1690,46,42,88
1020,1700,46,42,88
1020,1710,46,43,89
1020,1720,47,43,90
1020,1730,47,43,90
1020,1740,47,44,91
1020,1750,47,44,91
1020,1760,48,44,92
1020,1770,50,44,94
1020,1780,50,44,94
1020,1790,52,45,97
1020,1800,53,45,98
1020,1810,53,46,99
1020,1820,53,46,99
1020,1830,54,47,101
1020,1840,55,47,102
1020,1850,55,47,102
1020,1860,57,48,105
1020,1870,57,48,105
1020,1880,57,48,105
1020,1890,58,48,106
1020,1900,61,48,109
1020,1910,61,48,109
1020,1920,62,49,111
1020,1930,62,50,112
1020,1940,62,51,113
1020,1950,62,52,114
1020,1960,62,52,114
1020,1970,63,53,116
1020,1980,63,55,118
1020,1990,64,55,119
1030,1030,0,0,0
1030,1040,1,0,1
1030,1050,1,1,2
1030,1060,1,1,2
1030,1070,1,2,3
1030,1080,1,2,3
1030,1090,2,3,5
1030,1100,3,3,6
1030,1110,4,5,9
1030,1120,5,5,10
1030,1130,7,5,12
1030,1140,11,5,16
1030,1150,11,6,17
1030,1160,13,7,20
1030,1170,13,8,21
1030,1180,14,9,23
1030,1190,14,9,23
1030,1200,14,10,24
1030,1210,14,11,25
1030,1220,14,11,25
1030,1230,14,12,26
1030,1240,14,12,26
1030,1250,15,13,28
1030,1260,15,14,29
1030,1270,16,15,31
1030,1280,16,15,31
1030,1290,17,16,33
1030,1300,18,16,34
1030,1310,19,18,37
1030,1320,19,19,38
1030,1330,20,19,39
1030,1340,21,20,41
1030,1350,21,22,43
1030,1360,22,23,45
1030,1370,24,24,48
1030,1380,25,25,50
1030,1390,27,25,52
1030,1400,27,25,52
1030,1410,28,25,53
1030,1420,29,25,54
1030,1430,29,26,55
1030,1440,30,26,56
1030,1450,31,27,58
1030,1460,31,27,58
1030,1470,31,28,59
1030,1480,32,28,60
1030,1490,32,28,60
1030,1500,32,30,62
1030,1510,33,30,63
1030,1520,34,31,65
1030,1530,36,31,67
1030,1540,36,31,67
1030,1550,37,31,68
1030,1560,37,31,68
1030,1570,37,33,70
1030,1580,37,33,70
1030,1590,38,33,71
1030,1600,39,34,73
1030,1610,40,34,74
1030,1620,40,34,74
1030,1630,40,34,74
1030,1640,41,35,76
1030,1650,44,38,82
1030,1660,44,39,83
1030,1670,44,39,83
1030,1680,45,40,85
1030,1690,46,40,86
1030,1700,46,40,86
1030,1710,46,41,87
1030,1720,47,41,88
1030,1730,47,41,88
1030,1740,47,42,89
1030,1750,47,42,89
1030,1760,48,42,90
1030,1770,50,42,92
1030,1780,50,42,92
1030,1790,52,43,95
1030,1800,53,43,96
1030,1810,53,44,97
1030,1820,53,44,97
1030,1830,54,45,99
1030,1840,55,45,100
1030,1850,55,45,100
1030,1860,57,46,103
1030,1870,57,46,103
1030,1880,57,46,103
1030,1890,58,46,104
1030,1900,61,46,107
1030,1910,61,46,107
1030,1920,62,47,109
1030,1930,62,48,110
1030,1940,62,49,111
1030,1950,62,50,112
1030,1960,62,50,112
1030,1970,63,51,114
1030,1980,63,53,116
1030,1990,64,53,117
1040,1040,0,0,0
1040,1050,0,1,1
1040,1060,0,1,1
1040,1070,0,2,2
1040,1080,0,2,2
1040,1090,1,3,4
1040,1100,2,3,5
1040,1110,3,5,8
1040,1120,4,5,9
1040,1130,6,5,11
1040,1140,10,5,15
1040,1150,10,6,16
1040,1160,12,7,19
1040,1170,12,8,20
1040,1180,13,9,22
1040,1190,13,9,22
1040,1200,13,10,23
1040,1210,13,11,24
1040,1220,13,11,24
1040,1230,13,12,25
1040,1240,13,12,25
1040,1250,14,13,27
1040,1260,14,14,28
1040,1270,15,15,30
1040,1280,15,15,30
1040,1290,16,16,32
1040,1300,17,16,33
1040,1310,18,18,36
1040,1320,18,19,37
1040,1330,19,19,38
1040,1340,20,20,40
1040,1350,20,22,42
1040,1360,21,23,44
1040,1370,23,24,47
1040,1380,24,25,49
1040,1390,26,25,51
1040,1400,26,25,51
1040,1410,27,25,52
1040,1420,28,25,53
1040,1430,28,26,54
1040,1440,29,26,55
1040,1450,30,27,57
1040,1460,30,27,57
1040,1470,30,28,58
1040,1480,31,28,59
1040,1490,31,28,59
1040,1500,31,30,61
1040,1510,32,30,62
1040,1520,33,31,64
1040,1530,35,31,66
1040,1540,35,31,66
1040,1550,36,31,67
1040,1560,36,31,67
1040,1570,36,33,69
1040,1580,36,33,69
1040,1590,37,33,70
1040,1600,38,34,72
1040,1610,39,34,73
1040,1620,39,34,73
1040,1630,39,34,73
1040,1640,40,35,75
1040,1650,43,38,81
1040,1660,43,39,82
1040,1670,43,39,82
1040,1680,44,40,84
1040,1690,45,40,85
1040,1700,45,40,85
1040,1710,45,41,86
1040,1720,46,41,87
1040,1730,46,41,87
1040,1740,46,42,88
1040,1750,46,42,88
1040,1760,47,42,89
1040,1770,49,42,91
1040,1780,49,42,91
1040,1790,51,43,94
1040,1800,52,43,95
1040,1810,52,44,96
1040,1820,52,44,96
1040,1830,53,45,98
1040,1840,54,45,99
1040,1850,54,45,99
1040,1860,56,46,102
1040,1870,56,46,102
1040,1880,56,46,102
1040,1890,57,46,103
1040,1900,60,46,106
1040,1910,60,46,106
1040,1920,61,47,108
1040,1930,61,48,109
1040,1940,61,49,110
1040,1950,61,50,111
1040,1960,61,50,111
1040,1970,62,51,113
1040,1980,62,53,115
1040,1990,63,53,116
1050,1050,0,0,0
1050,1060,0,0,0
1050,1070,0,1,1
1050,1080,0,1,1
1050,1090,1,2,3
1050,1100,2,2,4
1050,1110,3,4,7
1050,1120,4,4,8
1050,1130,6,4,10
1050,1140,10,4,14
1050,1150,10,5,15
1050,1160,12,6,18
1050,1170,12,7,19
1050,1180,13,8,21
1050,1190,13,8,21
1050,1200,13,9,22
1050,1210,13,10,23
1050,1220,13,10,23
1050,1230,13,11,24
1050,1240,13,11,24
1050,1250,14,12,26
1050,1260,14,13,27
1050,1270,15,14,29
1050,1280,15,14,29
1050,1290,16,15,31
1050,1300,17,15,32
1050,1310,18,17,35
1050,1320,18,18,36
1050,1330,19,18,37
1050,1340,20,19,39
1050,1350,20,21,41
1050,1360,21,22,43
1050,1370,23,23,46
1050,1380,24,24,48
1050,1390,26,24,50
1050,1400,26,24,50
1050,1410,27,24,51
1050,1420,28,24,52
1050,1430,28,25,53
1050,1440,29,25,54
1050,1450,30,26,56
1050,1460,30,26,56
1050,1470,30,27,57
1050,1480,31,27,58
1050,1490,31,27,58
1050,1500,31,29,60
1050,1510,32,29,61
1050,1520,33,30,63
1050,1530,35,30,65
1050,1540,35,30,65
1050,1550,36,30,66
1050,1560,36,30,66
1050,1570,36,32,68
1050,1580,36,32,68
1050,1590,37,32,69
1050,1600,38,33,71
1050,1610,39,33,72
1050,1620,39,33,72
1050,1630,39,33,72
1050,1640,40,34,74
1050,1650,43,37,80
1050,1660,43,38,81
1050,1670,43,38,81
1050,1680,44,39,83
1050,1690,45,39,84
1050,1700,45,39,84
1050,1710,45,40,85
1050,1720,46,40,86
1050,1730,46,40,86
1050,1740,46,41,87
1050,1750,46,41,87
1050,1760,47,41,88
1050,1770,49,41,90
1050,1780,49,41,90
1050,1790,51,42,93
1050,1800,52,42,94
1050,1810,52,43,95
1050,1820,52,43,95
1050,1830,53,44,97
1050,1840,54,44,98
1050,1850,54,44,98
1050,1860,56,45,101
1050,1870,56,45,101
1050,1880,56,45,101
1050,1890,57,45,102
1050,1900,60,45,105
1050,1910,60,45,105
1050,1920,61,46,107
1050,1930,61,47,108
1050,1940,61,48,109
1050,1950,61,49,110
1050,1960,61,49,110
1050,1970,62,50,112
1050,1980,62,52,114
1050,1990,63,52,115
1060,1060,0,0,0
1060,1070,0,1,1
1060,1080,0,1,1
1060,1090,1,2,3
1060,1100,2,2,4
1060,1110,3,4,7
1060,1120,4,4,8
1060,1130,6,4,10
1060,1140,10,4,14
1060,1150,10,5,15
1060,1160,12,6,18
1060,1170,12,7,19
1060,1180,13,8,21
1060,1190,13,8,21
1060,1200,13,9,22
1060,1210,13,10,23
1060,1220,13,10,23
1060,1230,13,11,24
1060,1240,13,11,24
1060,1250,14,12,26
1060,1260,14,13,27
1060,1270,15,14,29
1060,1280,15,14,29
1060,1290,16,15,31
1060,1300,17,15,32
1060,1310,18,17,35
1060,1320,18,18,36
1060,1330,19,18,37
1060,1340,20,19,39
1060,1350,20,21,41
1060,1360,21,22,43
1060,1370,23,23,46
1060,1380,24,24,48
1060,1390,26,24,50
1060,1400,26,24,50
1060,1410,27,24,51
1060,1420,28,24,52
1060,1430,28,25,53
1060,1440,29,25,54
1060,1450,30,26,56
1060,1460,30,26,56
1060,1470,30,27,57
1060,1480,31,27,58
1060,1490,31,27,58
1060,1500,31,29,60
1060,1510,32,29,61
1060,1520,33,30,63
1060,1530,35,30,65
1060,1540,35,30,65
1060,1550,36,30,66
1060,1560,36,30,66
1060,1570,36,32,68
1060,1580,36,32,68
1060,1590,37,32,69
1060,1600,38,33,71
1060,1610,39,33,72
1060,1620,39,33,72
1060,1630,39,33,72
1060,1640,40,34,74
1060,1650,43,37,80
1060,1660,43,38,81
1060,1670,43,38,81
1060,1680,44,39,83
1060,1690,45,39,84
1060,1700,45,39,84
1060,1710,45,40,85
1060,1720,46,40,86
1060,1730,46,40,86
1060,1740,46,41,87
1060,1750,46,41,87
1060,1760,47,41,88
1060,1770,49,41,90
1060,1780,49,41,90
1060,1790,51,42,93
1060,1800,52,42,94
1060,1810,52,43,95
1060,1820,52,43,95
1060,1830,53,44,97
1060,1840,54,44,98
1060,1850,54,44,98
1060,1860,56,45,101
1060,1870,56,45,101
1060,1880,56,45,101
1060,1890,57,45,102
1060,1900,60,45,105
1060,1910,60,45,105
1060,1920,61,46,107
1060,1930,61,47,108
1060,1940,61,48,109
1060,1950,61,49,110
1060,1960,61,49,110
1060,1970,62,50,112
1060,1980,62,52,114
1060,1990,63,52,115
1070,1070,0,0,0
1070,1080,0,0,0
1070,1090,1,1,2
1070,1100,2,1,3
1070,1110,3,3,6
1070,1120,4,3,7
1070,1130,6,3,9
1070,1140,10,3,13
1070,1150,10,4,14
1070,1160,12,5,17
1070,1170,12,6,18
1070,1180,13,7,20
1070,1190,13,7,20
1070,1200,13,8,21
1070,1210,13,9,22
1070,1220,13,9,22
1070,1230,13,10,23
1070,1240,13,10,23
1070,1250,14,11,25
1070,1260,14,12,26
1070,1270,15,13,28
1070,1280,15,13,28
1070,1290,16,14,30
1070,1300,17,14,31
1070,1310,18,16,34
1070,1320,18,17,35
1070,1330,19,17,36
1070,1340,20,18,38
1070,1350,20,20,40
1070,1360,21,21,42
1070,1370,23,22,45
1070,1380,24,23,47
1070,1390,26,23,49
1070,1400,26,23,49
1070,1410,27,23,50
1070,1420,28,23,51
1070,1430,28,24,52
1070,1440,29,24,53
1070,1450,30,25,55
1070,1460,30,25,55
1070,1470,30,26,56
1070,1480,31,26,57
1070,1490,31,26,57
1070,1500,31,28,59
1070,1510,32,28,60
1070,1520,33,29,62
1070,1530,35,29,64
1070,1540,35,29,64
1070,1550,36,29,65
1070,1560,36,29,65
1070,1570,36,31,67
1070,1580,36,31,67
1070,1590,37,31,68
1070,1600,38,32,70
1070,1610,39,32,71
1070,1620,39,32,71
1070,1630,39,32,71
1070,1640,40,33,73
1070,1650,43,36,79
1070,1660,43,37,80
1070,1670,43,37,80
1070,1680,44,38,82
1070,1690,45,38,83
1070,1700,45,38,83
1070,1710,45,39,84
1070,1720,46,39,85
1070,1730,46,39,85
1070,1740,46,40,86
1070,1750,46,40,86
1070,1760,47,40,87
1070,1770,49,40,89
1070,1780,49,40,89
1070,1790,51,41,92
1070,1800,52,41,93
1070,1810,52,42,94
1070,1820,52,42,94
1070,1830,53,43,96
1070,1840,54,43,97
1070,1850,54,43,97
1070,1860,56,44,100
1070,1870,56,44,100
1070,1880,56,44,100
1070,1890,57,44,101
1070,1900,60,44,104
1070,1910,60,44,104
1070,1920,61,45,106
1070,1930,61,46,107
1070,1940,61,47,108
1070,1950,61,48,109
1070,1960,61,48,109
1070,1970,62,49,111
1070,1980,62,51,113
1070,1990,63,51,114
1080,1080,0,0,0
1080,1090,1,1,2
1080,1100,2,1,3
1080,1110,3,3,6
1080,1120,4,3,7
1080,1130,6,3,9
1080,1140,10,3,13
1080,1150,10,4,14
1080,1160,12,5,17
1080,1170,12,6,18
1080,1180,13,7,20
1080,1190,13,7,20
1080,1200,13,8,21
1080,1210,13,9,22
1080,1220,13,9,22
1080,1230,13,10,23
1080,1240,13,10,23
1080,1250,14,11,25
1080,1260,14,12,26
1080,1270,15,13,28
1080,1280,15,13,28
1080,1290,16,14,30
1080,1300,17,14,31
1080,1310,18,16,34
1080,1320,18,17,35
1080,1330,19,17,36
1080,1340,20,18,38
1080,1350,20,20,40
1080,1360,21,21,42
1080,1370,23,22,45
1080,1380,24,23,47
1080,1390,26,23,49
1080,1400,26,23,49
1080,1410,27,23,50
1080,1420,28,23,51
1080,1430,28,24,52
1080,1440,29,24,53
1080,1450,30,25,55
1080,1460,30,25,55
1080,1470,30,26,56
1080,1480,31,26,57
1080,1490,31,26,57
1080,1500,31,28,59
1080,1510,32,28,60
1080,1520,33,29,62
1080,1530,35,29,64
1080,1540,35,29,64
1080,1550,36,29,65
1080,1560,36,29,65
1080,1570,36,31,67
1080,1580,36,31,67
1080,1590,37,31,68
1080,1600,38,32,70
1080,1610,39,32,71
1080,1620,39,32,71
1080,1630,39,32,71
1080,1640,40,33,73
1080,1650,43,36,79
1080,1660,43,37,80
1080,1670,43,37,80
1080,1680,44,38,82
1080,1690,45,38,83
1080,1700,45,38,83
1080,1710,45,39,84
1080,1720,46,39,85
1080,1730,46,39,85
1080,1740,46,40,86
1080,1750,46,40,86
1080,1760,47,40,87
1080,1770,49,40,89
1080,1780,49,40,89
1080,1790,51,41,92
1080,1800,52,41,93
1080,1810,52,42,94
1080,1820,52,42,94
1080,1830,53,43,96
1080,1840,54,43,97
1080,1850,54,43,97
1080,1860,56,44,100
1080,1870,56,44,100
1080,1880,56,44,100
1080,1890,57,44,101
1080,1900,60,44,104
1080,1910,60,44,104
1080,1920,61,45,106
1080,1930,61,46,107
1080,1940,61,47,108
1080,1950,61,48,109
1080,1960,61,48,109
1080,1970,62,49,111
1080,1980,62,51,113
1080,1990,63,51,114
1090,1090,0,0,0
1090,1100,1,0,1
1090,1110,2,2,4
1090,1120,3,2,5
1090,1130,5,2,7
1090,1140,9,2,11
1090,1150,9,3,12
1090,1160,11,4,15
1090,1170,11,5,16
1090,1180,12,6,18
1090,1190,12,6,18
1090,1200,12,7,19
1090,1210,12,8,20
1090,1220,12,8,20
1090,1230,12,9,21
1090,1240,12,9,21
1090,1250,13,10,23
1090,1260,13,11,24
1090,1270,14,12,26
1090,1280,14,12,26
1090,1290,15,13,28
1090,1300,16,13,29
1090,1310,17,15,32
1090,1320,17,16,33
1090,1330,18,16,34
1090,1340,19,17,36
1090,1350,19,19,38
1090,1360,20,20,40
1090,1370,22,21,43
1090,1380,23,22,45
1090,1390,25,22,47
1090,1400,25,22,47
1090,1410,26,22,48
1090,1420,27,22,49
1090,1430,27,23,50
1090,1440,28,23,51
1090,1450,29,24,53
1090,1460,29,24,53
1090,1470,29,25,54
1090,1480,30,25,55
1090,1490,30,25,55
1090,1500,30,27,57
1090,1510,31,27,58
1090,1520,32,28,60
1090,1530,34,28,62
1090,1540,34,28,62
1090,1550,35,28,63
1090,1560,35,28,63
1090,1570,35,30,65
1090,1580,35,30,65
1090,1590,36,30,66
1090,1600,37,31,68
1090,1610,38,31,69
1090,1620,38,31,69
1090,1630,38,31,69
1090,1640,39,32,71
1090,1650,42,35,77
1090,1660,42,36,78
1090,1670,42,36,78
1090,1680,43,37,80
1090,1690,44,37,81
1090,1700,44,37,81
1090,1710,44,38,82
1090,1720,45,38,83
1090,1730,45,38,83
1090,1740,45,39,84
1090,1750,45,39,84
1090,1760,46,39,85
1090,1770,48,39,87
1090,1780,48,39,87
1090,1790,50,40,90
1090,1800,51,40,91
1090,1810,51,41,92
1090,1820,51,41,92
1090,1830,52,42,94
1090,1840,53,42,95
1090,1850,53,42,95
1090,1860,55,43,98
1090,1870,55,43,98
1090,1880,55,43,98
1090,1890,56,43,99
1090,1900,59,43,102
1090,1910,59,43,102
1090,1920,60,44,104
1090,1930,60,45,105
1090,1940,60,46,106
1090,1950,60,47,107
1090,1960,60,47,107
1090,1970,61,48,109
1090,1980,61,50,111
1090,1990,62,50,112
1100,1100,0,0,0
1100,1110,1,2,3
1100,1120,2,2,4
1100,1130,4,2,6
1100,1140,8,2,10
1100,1150,8,3,11
1100,1160,10,4,14
1100,1170,10,5,15
1100,1180,11,6,17
1100,1190,11,6,17
1100,1200,11,7,18
1100,1210,11,8,19
1100,1220,11,8,19
1100,1230,11,9,20
1100,1240,11,9,20
1100,1250,12,10,22
1100,1260,12,11,23
1100,1270,13,12,25
1100,1280,13,12,25
1100,1290,14,13,27
1100,1300,15,13,28
1100,1310,16,15,31
1100,1320,16,16,32
1100,1330,17,16,33
1100,1340,18,17,35
1100,1350,18,19,37
1100,1360,19,20,39
1100,1370,21,21,42
1100,1380,22,22,44
1100,1390,24,22,46
1100,1400,24,22,46
1100,1410,25,22,47
1100,1420,26,22,48
1100,1430,26,23,49
1100,1440,27,23,50
1100,1450,28,24,52
1100,1460,28,24,52
1100,1470,28,25,53
1100,1480,29,25,54
1100,1490,29,25,54
1100,1500,29,27,56
1100,1510,30,27,57
1100,1520,31,28,59
1100,1530,33,28,61
1100,1540,33,28,61
1100,1550,34,28,62
1100,1560,34,28,62
1100,1570,34,30,64
1100,1580,34,30,64
1100,1590,35,30,65
1100,1600,36,31,67
1100,1610,37,31,68
1100,1620,37,31,68
1100,1630,37,31,68
1100,1640,38,32,70
1100,1650,41,35,76
1100,1660,41,36,77
1100,1670,41,36,77
1100,1680,42,37,79
1100,1690,43,37,80
1100,1700,43,37,80
1100,1710,43,38,81
1100,1720,44,38,82
1100,1730,44,38,82
1100,1740,44,39,83
1100,1750,44,39,83
1100,1760,45,39,84
1100,1770,47,39,86
1100,1780,47,39,86
1100,1790,49,40,89
1100,1800,50,40,90
1100,1810,50,41,91
1100,1820,50,41,91
1100,1830,51,42,93
1100,1840,52,42,94
1100,1850,52,42,94
1100,1860,54,43,97
1100,1870,54,43,97
1100,1880,54,43,97
1100,1890,55,43,98
1100,1900,58,43,101
1100,1910,58,43,101
1100,1920,59,44,103
1100,1930,59,45,104
1100,1940,59,46,105
1100,1950,59,47,106
1100,1960,59,47,106
1100,1970,60,48,108
1100,1980,60,50,110
1100,1990,61,50,111
1110,1110,1,1,2
1110,1120,2,1,3
1110,1130,4,1,5
1110,1140,8,1,9
1110,1150,8,2,10
1110,1160,10,3,13
1110,1170,10,4,14
1110,1180,11,5,16
1110,1190,11,5,16
1110,1200,11,6,17
1110,1210,11,7,18
1110,1220,11,7,18
1110,1230,11,8,19
1110,1240,11,8,19
1110,1250,12,9,21
1110,1260,12,10,22
1110,1270,13,11,24
1110,1280,13,11,24
1110,1290,14,12,26
1110,1300,15,12,27
1110,1310,16,14,30
1110,1320,16,15,31
1110,1330,17,15,32
1110,1340,18,16,34
1110,1350,18,18,36
1110,1360,19,19,38
1110,1370,21,20,41
1110,1380,22,21,43
1110,1390,24,21,45
1110,1400,24,21,45
1110,1410,25,21,46
1110,1420,26,21,47
1110,1430,26,22,48
1110,1440,27,22,49
1110,1450,28,23,51
1110,1460,28,23,51
1110,1470,28,24,52
1110,1480,29,24,53
1110,1490,29,24,53
1110,1500,29,26,55
1110,1510,30,26,56
1110,1520,31,27,58
1110,1530,33,27,60
1110,1540,33,27,60
1110,1550,34,27,61
1110,1560,34,27,61
1110,1570,34,29,63
1110,1580,34,29,63
1110,1590,35,29,64
1110,1600,36,30,66
1110,1610,37,30,67
1110,1620,37,30,67
1110,1630,37,30,67
1110,1640,38,31,69
1110,1650,41,34,75
1110,1660,41,35,76
1110,1670,41,35,76
1110,1680,42,36,78
1110,1690,43,36,79
1110,1700,43,36,79
1110,1710,43,37,80
1110,1720,44,37,81
1110,1730,44,37,81
1110,1740,44,38,82
1110,1750,44,38,82
1110,1760,45,38,83
1110,1770,47,38,85
1110,1780,47,38,85
1110,1790,49,39,88
1110,1800,50,39,89
1110,1810,50,40,90
1110,1820,50,40,90
1110,1830,51,41,92
1110,1840,52,41,93
1110,1850,52,41,93
1110,1860,54,42,96
1110,1870,54,42,96
1110,1880,54,42,96
1110,1890,55,42,97
1110,1900,58,42,100
1110,1910,58,42,100
1110,1920,59,43,102
1110,1930,59,44,103
1110,1940,59,45,104
1110,1950,59,46,105
1110,1960,59,46,105
1110,1970,60,47,107
1110,1980,60,49,109
1110,1990,61,49,110
1120,1120,0,0,0
1120,1130,2,0,2
1120,1140,6,0,6
1120,1150,6,1,7
1120,1160,8,2,10
1120,1170,8,3,11
1120,1180,9,4,13
1120,1190,9,4,13
1120,1200,9,5,14
1120,1210,9,6,15
1120,1220,9,6,15
1120,1230,9,7,16
1120,1240,9,7,16
1120,1250,10,8,18
1120,1260,10,9,19
1120,1270,11,10,21
1120,1280,11,10,21
1120,1290,12,11,23
1120,1300,13,11,24
1120,1310,14,13,27
1120,1320,14,14,28
1120,1330,15,14,29
1120,1340,16,15,31
1120,1350,16,17,33
1120,1360,17,18,35
1120,1370,19,19,38
1120,1380,20,20,40
1120,1390,22,20,42
1120,1400,22,20,42
1120,1410,23,20,43
1120,1420,24,20,44
1120,1430,24,21,45
1120,1440,25,21,46
1120,1450,26,22,48
1120,1460,26,22,48
1120,1470,26,23,49
1120,1480,27,23,50
1120,1490,27,23,50
1120,1500,27,25,52
1120,1510,28,25,53
1120,1520,29,26,55
1120,1530,31,26,57
1120,1540,31,26,57
1120,1550,32,26,58
1120,1560,32,26,58
1120,1570,32,28,60
1120,1580,32,28,60
1120,1590,33,28,61
1120,1600,34,29,63
1120,1610,35,29,64
1120,1620,35,29,64
1120,1630,35,29,64
1120,1640,36,30,66
1120,1650,39,33,72
1120,1660,39,34,73
1120,1670,39,34,73
1120,1680,40,35,75
1120,1690,41,35,76
1120,1700,41,35,76
1120,1710,41,36,77
1120,1720,42,36,78
1120,1730,42,36,78
1120,1740,42,37,79
1120,1750,42,37,79
1120,1760,43,37,80
1120,1770,45,37,82
1120,1780,45,37,82
1120,1790,47,38,85
1120,1800,48,38,86
1120,1810,48,39,87
1120,1820,48,39,87
1120,1830,49,40,89
1120,1840,50,40,90
1120,1850,50,40,90
1120,1860,52,41,93
1120,1870,52,41,93
1120,1880,52,41,93
1120,1890,53,41,94
1120,1900,56,41,97
1120,1910,56,41,97
1120,1920,57,42,99
1120,1930,57,43,100
1120,1940,57,44,101
1120,1950,57,45,102
1120,1960,57,45,102
1120,1970,58,46,104
1120,1980,58,48,106
1120,1990,59,48,107
1130,1130,0,0,0
1130,1140,4,0,4
1130,1150,4,1,5
1130,1160,6,2,8
1130,1170,6,3,9
1130,1180,7,4,11
1130,1190,7,4,11
1130,1200,7,5,12
1130,1210,7,6,13
1130,1220,7,6,13
1130,1230,7,7,14
1130,1240,7,7,14
1130,1250,8,8,16
1130,1260,8,9,17
1130,1270,9,10,19
1130,1280,9,10,19
1130,1290,10,11,21
1130,1300,11,11,22
1130,1310,12,13,25
1130,1320,12,14,26
1130,1330,13,14,27
1130,1340,14,15,29
1130,1350,14,17,31
1130,1360,15,18,33
1130,1370,17,19,36
1130,1380,18,20,38
1130,1390,20,20,40
1130,1400,20,20,40
1130,1410,21,20,41
1130,1420,22,20,42
1130,1430,22,21,43
1130,1440,23,21,44
1130,1450,24,22,46
1130,1460,24,22,46
1130,1470,24,23,47
1130,1480,25,23,48
1130,1490,25,23,48
1130,1500,25,25,50
1130,1510,26,25,51
1130,1520,27,26,53
1130,1530,29,26,55
1130,1540,29,26,55
1130,1550,30,26,56
1130,1560,30,26,56
1130,1570,30,28,58
1130,1580,30,28,58
1130,1590,31,28,59
1130,1600,32,29,61
1130,1610,33,29,62
1130,1620,33,29,62
1130,1630,33,29,62
1130,1640,34,30,64
1130,1650,37,33,70
1130,1660,37,34,71
1130,1670,37,34,71
1130,1680,38,35,73
1130,1690,39,35,74
1130,1700,39,35,74
1130,1710,39,36,75
1130,1720,40,36,76
1130,1730,40,36,76
1130,1740,40,37,77
1130,1750,40,37,77
1130,1760,41,37,78
1130,1770,43,37,80
1130,1780,43,37,80
1130,1790,45,38,83
1130,1800,46,38,84
1130,1810,46,39,85
1130,1820,46,39,85
1130,1830,47,40,87
1130,1840,48,40,88
1130,1850,48,40,88
1130,1860,50,41,91
1130,1870,50,41,91
1130,1880,50,41,91
1130,1890,51,41,92
1130,1900,54,41,95
1130,1910,54,41,95
1130,1920,55,42,97
1130,1930,55,43,98
1130,1940,55,44,99
1130,1950,55,45,100
1130,1960,55,45,100
1130,1970,56,46,102
1130,1980,56,48,104
1130,1990,57,48,105
1140,1140,1,0,1
1140,1150,1,1,2
1140,1160,3,2,5
1140,1170,3,3,6
1140,1180,4,4,8
1140,1190,4,4,8
1140,1200,4,5,9
1140,1210,4,6,10
1140,1220,4,6,10
1140,1230,4,7,11
1140,1240,4,7,11
1140,1250,5,8,13
1140,1260,5,9,14
1140,1270,6,10,16
1140,1280,6,10,16
1140,1290,7,11,18
1140,1300,8,11,19
1140,1310,9,13,22
1140,1320,9,14,23
1140,1330,10,14,24
1140,1340,11,15,26
1140,1350,11,17,28
1140,1360,12,18,30
1140,1370,14,19,33
1140,1380,15,20,35
1140,1390,17,20,37
1140,1400,17,20,37
1140,1410,18,20,38
1140,1420,19,20,39
1140,1430,19,21,40
1140,1440,20,21,41
1140,1450,21,22,43
1140,1460,21,22,43
1140,1470,21,23,44
1140,1480,22,23,45
1140,1490,22,23,45
1140,1500,22,25,47
1140,1510,23,25,48
1140,1520,24,26,50
1140,1530,26,26,52
1140,1540,26,26,52
1140,1550,27,26,53
1140,1560,27,26,53
1140,1570,27,28,55
1140,1580,27,28,55
1140,1590,28,28,56
1140,1600,29,29,58
1140,1610,30,29,59
1140,1620,30,29,59
1140,1630,30,29,59
1140,1640,31,30,61
1140,1650,34,33,67
1140,1660,34,34,68
1140,1670,34,34,68
1140,1680,35,35,70
1140,1690,36,35,71
1140,1700,36,35,71
1140,1710,36,36,72
1140,1720,37,36,73
1140,1730,37,36,73
1140,1740,37,37,74
1140,1750,37,37,74
1140,1760,38,37,75
1140,1770,40,37,77
1140,1780,40,37,77
1140,1790,42,38,80
1140,1800,43,38,81
1140,1810,43,39,82
1140,1820,43,39,82
1140,1830,44,40,84
1140,1840,45,40,85
1140,1850,45,40,85
1140,1860,47,41,88
1140,1870,47,41,88
1140,1880,47,41,88
1140,1890,48,41,89
1140,1900,51,41,92
1140,1910,51,41,92
1140,1920,52,42,94
1140,1930,52,43,95
1140,1940,52,44,96
1140,1950,52,45,97
1140,1960,52,45,97
1140,1970,53,46,99
1140,1980,53,48,101
1140,1990,54,48,102
1150,1150,0,0,0
1150,1160,2,1,3
1150,1170,2,2,4
1150,1180,3,3,6
1150,1190,3,3,6
1150,1200,3,4,7
1150,1210,3,5,8
1150,1220,3,5,8
1150,1230,3,6,9
1150,1240,3,6,9
1150,1250,4,7,11
1150,1260,4,8,12
1150,1270,5,9,14
1150,1280,5,9,14
1150,1290,6,10,16
1150,1300,7,10,17
1150,1310,8,12,20
1150,1320,8,13,21
1150,1330,9,13,22
1150,1340,10,14,24
1150,1350,10,16,26
1150,1360,11,17,28
1150,1370,13,18,31
1150,1380,14,19,33
1150,1390,16,19,35
1150,1400,16,19,35
1150,1410,17,19,36
1150,1420,18,19,37
1150,1430,18,20,38
1150,1440,19,20,39
1150,1450,20,21,41
1150,1460,20,21,41
1150,1470,20,22,42
1150,1480,21,22,43
1150,1490,21,22,43
1150,1500,21,24,45
1150,1510,22,24,46
1150,1520,23,25,48
1150,1530,25,25,50
1150,1540,25,25,50
1150,1550,26,25,51
1150,1560,26,25,51
1150,1570,26,27,53
1150,1580,26,27,53
1150,1590,27,27,54
1150,1600,28,28,56
1150,1610,29,28,57
1150,1620,29,28,57
1150,1630,29,28,57
1150,1640,30,29,59
1150,1650,33,32,65
1150,1660,33,33,66
1150,1670,33,33,66
1150,1680,34,34,68
1150,1690,35,34,69
1150,1700,35,34,69
1150,1710,35,35,70
1150,1720,36,35,71
1150,1730,36,35,71
1150,1740,36,36,72
1150,1750,36,36,72
1150,1760,37,36,73
1150,1770,39,36,75
1150,1780,39,36,75
1150,1790,41,37,78
1150,1800,42,37,79
1150,1810,42,38,80
1150,1820,42,38,80
1150,1830,43,39,82
1150,1840,44,39,83
1150,1850,44,39,83
1150,1860,46,40,86
1150,1870,46,40,86
1150,1880,46,40,86
1150,1890,47,40,87
1150,1900,50,40,90
1150,1910,50,40,90
1150,1920,51,41,92
1150,1930,51,42,93
1150,1940,51,43,94
1150,1950,51,44,95
1150,1960,51,44,95
1150,1970,52,45,97
1150,1980,52,47,99
1150,1990,53,47,100
1160,1160,0,1,1
1160,1170,0,2,2
1160,1180,1,3,4
1160,1190,1,3,4
1160,1200,1,4,5
1160,1210,1,5,6
1160,1220,1,5,6
1160,1230,1,6,7
1160,1240,1,6,7
1160,1250,2,7,9
1160,1260,2,8,10
1160,1270,3,9,12
1160,1280,3,9,12
1160,1290,4,10,14
1160,1300,5,10,15
1160,1310,6,12,18
1160,1320,6,13,19
1160,1330,7,13,20
1160,1340,8,14,22
1160,1350,8,16,24
1160,1360,9,17,26
1160,1370,11,18,29
1160,1380,12,19,31
1160,1390,14,19,33
1160,1400,14,19,33
1160,1410,15,19,34
1160,1420,16,19,35
1160,1430,16,20,36
1160,1440,17,20,37
1160,1450,18,21,39
1160,1460,18,21,39
1160,1470,18,22,40
1160,1480,19,22,41
1160,1490,19,22,41
1160,1500,19,24,43
1160,1510,20,24,44
1160,1520,21,25,46
1160,1530,23,25,48
1160,1540,23,25,48
1160,1550,24,25,49
1160,1560,24,25,49
1160,1570,24,27,51
1160,1580,24,27,51
1160,1590,25,27,52
1160,1600,26,28,54
1160,1610,27,28,55
1160,1620,27,28,55
1160,1630,27,28,55
1160,1640,28,29,57
1160,1650,31,32,63
1160,1660,31,33,64
1160,1670,31,33,64
1160,1680,32,34,66
1160,1690,33,34,67
1160,1700,33,34,67
1160,1710,33,35,68
1160,1720,34,35,69
1160,1730,34,35,69
1160,1740,34,36,70
1160,1750,34,36,70
1160,1760,35,36,71
1160,1770,37,36,73
1160,1780,37,36,73
1160,1790,39,37,76
1160,1800,40,37,77
1160,1810,40,38,78
1160,1820,40,38,78
1160,1830,41,39,80
1160,1840,42,39,81
1160,1850,42,39,81
1160,1860,44,40,84
1160,1870,44,40,84
1160,1880,44,40,84
1160,1890,45,40,85
1160,1900,48,40,88
1160,1910,48,40,88
1160,1920,49,41,90
1160,1930,49,42,91
1160,1940,49,43,92
1160,1950,49,44,93
1160,1960,49,44,93
1160,1970,50,45,95
1160,1980,50,47,97
1160,1990,51,47,98
1170,1170,0,0,0
1170,1180,1,1,2
1170,1190,1,1,2
1170,1200,1,2,3
1170,1210,1,3,4
1170,1220,1,3,4
1170,1230,1,4,5
1170,1240,1,4,5
1170,1250,2,5,7
1170,1260,2,6,8
1170,1270,3,7,10
1170,1280,3,7,10
1170,1290,4,8,12
1170,1300,5,8,13
1170,1310,6,10,16
1170,1320,6,11,17
1170,1330,7,11,18
1170,1340,8,12,20
1170,1350,8,14,22
1170,1360,9,15,24
1170,1370,11,16,27
1170,1380,12,17,29
1170,1390,14,17,31
1170,1400,14,17,31
1170,1410,15,17,32
1170,1420,16,17,33
1170,1430,16,18,34
1170,1440,17,18,35
1170,1450,18,19,37
1170,1460,18,19,37
1170,1470,18,20,38
1170,1480,19,20,39
1170,1490,19,20,39
1170,1500,19,22,41
1170,1510,20,22,42
1170,1520,21,23,44
1170,1530,23,23,46
1170,1540,23,23,46
1170,1550,24,23,47
1170,1560,24,23,47
1170,1570,24,25,49
1170,1580,24,25,49
1170,1590,25,25,50
1170,1600,26,26,52
1170,1610,27,26,53
1170,1620,27,26,53
1170,1630,27,26,53
1170,1640,28,27,55
1170,1650,31,30,61
1170,1660,31,31,62
1170,1670,31,31,62
1170,1680,32,32,64
1170,1690,33,32,65
1170,1700,33,32,65
1170,1710,33,33,66
1170,1720,34,33,67
1170,1730,34,33,67
1170,1740,34,34,68
1170,1750,34,34,68
1170,1760,35,34,69
1170,1770,37,34,71
1170,1780,37,34,71
1170,1790,39,35,74
1170,1800,40,35,75
1170,1810,40,36,76
1170,1820,40,36,76
1170,1830,41,37,78
1170,1840,42,37,79
1170,1850,42,37,79
1170,1860,44,38,82
1170,1870,44,38,82
1170,1880,44,38,82
1170,1890,45,38,83
1170,1900,48,38,86
1170,1910,48,38,86
1170,1920,49,39,88
1170,1930,49,40,89
1170,1940,49,41,90
1170,1950,49,42,91
1170,1960,49,42,91
1170,1970,50,43,93
1170,1980,50,45,95
1170,1990,51,45,96
1180,1180,0,1,1
1180,1190,0,1,1
1180,1200,0,2,2
1180,1210,0,3,3
1180,1220,0,3,3
1180,1230,0,4,4
1180,1240,0,4,4
1180,1250,1,5,6
1180,1260,1,6,7
1180,1270,2,7,9
1180,1280,2,7,9
1180,1290,3,8,11
1180,1300,4,8,12
1180,1310,5,10,15
1180,1320,5,11,16
1180,1330,6,11,17
1180,1340,7,12,19
1180,1350,7,14,21
1180,1360,8,15,23
1180,1370,10,16,26
1180,1380,11,17,28
1180,1390,13,17,30
1180,1400,13,17,30
1180,1410,14,17,31
1180,1420,15,17,32
1180,1430,15,18,33
1180,1440,16,18,34
1180,1450,17,19,36
1180,1460,17,19,36
1180,1470,17,20,37
1180,1480,18,20,38
1180,1490,18,20,38
1180,1500,18,22,40
1180,1510,19,22,41
1180,1520,20,23,43
1180,1530,22,23,45
1180,1540,22,23,45
1180,1550,23,23,46
1180,1560,23,23,46
1180,1570,23,25,48
1180,1580,23,25,48
1180,1590,24,25,49
1180,1600,25,26,51
1180,1610,26,26,52
1180,1620,26,26,52
1180,1630,26,26,52
1180,1640,27,27,54
1180,1650,30,30,60
1180,1660,30,31,61
1180,1670,30,31,61
1180,1680,31,32,63
1180,1690,32,32,64
1180,1700,32,32,64
1180,1710,32,33,65
1180,1720,33,33,66
1180,1730,33,33,66
1180,1740,33,34,67
1180,1750,33,34,67
1180,1760,34,34,68
1180,1770,36,34,70
1180,1780,36,34,70
1180,1790,38,35,73
1180,1800,39,35,74
1180,1810,39,36,75
1180,1820,39,36,75
1180,1830,40,37,77
1180,1840,41,37,78
1180,1850,41,37,78
1180,1860,43,38,81
1180,1870,43,38,81
1180,1880,43,38,81
1180,1890,44,38,82
1180,1900,47,38,85
1180,1910,47,38,85
1180,1920,48,39,87
1180,1930,48,40,88
1180,1940,48,41,89
1180,1950,48,42,90
1180,1960,48,42,90
1180,1970,49,43,92
1180,1980,49,45,94
1180,1990,50,45,95
1190,1190,0,0,0
1190,1200,0,1,1
1190,1210,0,2,2
1190,1220,0,2,2
1190,1230,0,3,3
1190,1240,0,3,3
1190,1250,1,4,5
1190,1260,1,5,6
1190,1270,2,6,8
1190,1280,2,6,8
1190,1290,3,7,10
1190,1300,4,7,11
1190,1310,5,9,14
1190,1320,5,10,15
1190,1330,6,10,16
1190,1340,7,11,18
1190,1350,7,13,20
1190,1360,8,14,22
1190,1370,10,15,25
1190,1380,11,16,27
1190,1390,13,16,29
1190,1400,13,16,29
1190,1410,14,16,30
1190,1420,15,16,31
1190,1430,15,17,32
1190,1440,16,17,33
1190,1450,17,18,35
1190,1460,17,18,35
1190,1470,17,19,36
1190,1480,18,19,37
1190,1490,18,19,37
1190,1500,18,21,39
1190,1510,19,21,40
1190,1520,20,22,42
1190,1530,22,22,44
1190,1540,22,22,44
1190,1550,23,22,45
1190,1560,23,22,45
1190,1570,23,24,47
1190,1580,23,24,47
1190,1590,24,24,48
1190,1600,25,25,50
1190,1610,26,25,51
1190,1620,26,25,51
1190,1630,26,25,51
1190,1640,27,26,53
1190,1650,30,29,59
1190,1660,30,30,60
1190,1670,30,30,60
1190,1680,31,31,62
1190,1690,32,31,63
1190,1700,32,31,63
1190,1710,32,32,64
1190,1720,33,32,65
1190,1730,33,32,65
1190,1740,33,33,66
1190,1750,33,33,66
1190,1760,34,33,67
1190,1770,36,33,69
1190,1780,36,33,69
1190,1790,38,34,72
1190,1800,39,34,73
1190,1810,39,35,74
1190,1820,39,35,74
1190,1830,40,36,76
1190,1840,41,36,77
1190,1850,41,36,77
1190,1860,43,37,80
1190,1870,43,37,80
1190,1880,43,37,80
1190,1890,44,37,81
1190,1900,47,37,84
1190,1910,47,37,84
1190,1920,48,38,86
1190,1930,48,39,87
1190,1940,48,40,88
1190,1950,48,41,89
1190,1960,48,41,89
1190,1970,49,42,91
1190,1980,49,44,93
1190,1990,50,44,94
1200,1200,0,0,0
1200,1210,0,1,1
1200,1220,0,1,1
1200,1230,0,2,2
1200,1240,0,2,2
1200,1250,1,3,4
1200,1260,1,4,5
1200,1270,2,5,7
1200,1280,2,5,7
1200,1290,3,6,9
1200,1300,4,6,10
1200,1310,5,8,13
1200,1320,5,9,14
1200,1330,6,9,15
1200,1340,7,10,17
1200,1350,7,12,19
1200,1360,8,13,21
1200,1370,10,14,24
1200,1380,11,15,26
1200,1390,13,15,28
1200,1400,13,15,28
1200,1410,14,15,29
1200,1420,15,15,30
1200,1430,15,16,31
1200,1440,16,16,32
1200,1450,17,17,34
1200,1460,17,17,34
1200,1470,17,18,35
1200,1480,18,18,36
1200,1490,18,18,36
1200,1500,18,20,38
1200,1510,19,20,39
1200,1520,20,21,41
1200,1530,22,21,43
1200,1540,22,21,43
1200,1550,23,21,44
1200,1560,23,21,44
1200,1570,23,23,46
1200,1580,23,23,46
1200,1590,24,23,47
1200,1600,25,24,49
1200,1610,26,24,50
1200,1620,26,24,50
1200,1630,26,24,50
1200,1640,27,25,52
1200,1650,30,28,58
1200,1660,30,29,59
1200,1670,30,29,59
1200,1680,31,30,61
1200,1690,32,30,62
1200,1700,32,30,62
1200,1710,32,31,63
1200,1720,33,31,64
1200,1730,33,31,64
1200,1740,33,32,65
1200,1750,33,32,65
1200,1760,34,32,66
1200,1770,36,32,68
1200,1780,36,32,68
1200,1790,38,33,71
1200,1800,39,33,72
1200,1810,39,34,73
1200,1820,39,34,73
1200,1830,40,35,75
1200,1840,41,35,76
1200,1850,41,35,76
1200,1860,43,36,79
1200,1870,43,36,79
1200,1880,43,36,79
1200,1890,44,36,80
1200,1900,47,36,83
1200,1910,47,36,83
1200,1920,48,37,85
1200,1930,48,38,86
1200,1940,48,39,87
1200,1950,48,40,88
1200,1960,48,40,88
1200,1970,49,41,90
1200,1980,49,43,92
1200,1990,50,43,93
1210,1210,0,0,0
1210,1220,0,0,0
1210,1230,0,1,1
1210,1240,0,1,1
1210,1250,1,2,3
1210,1260,1,3,4
1210,1270,2,4,6
1210,1280,2,4,6
1210,1290,3,5,8
1210,1300,4,5,9
1210,1310,5,7,12
1210,1320,5,8,13
1210,1330,6,8,14
1210,1340,7,9,16
1210,1350,7,11,18
1210,1360,8,12,20
1210,1370,10,13,23
1210,1380,11,14,25
1210,1390,13,14,27
1210,1400,13,14,27
1210,1410,14,14,28
1210,1420,15,14,29
1210,1430,15,15,30
1210,1440,16,15,31
1210,1450,17,16,33
1210,1460,17,16,33
1210,1470,17,17,34
1210,1480,18,17,35
1210,1490,18,17,35
1210,1500,18,19,37
1210,1510,19,19,38
1210,1520,20,20,40
1210,1530,22,20,42
1210,1540,22,20,42
1210,1550,23,20,43
1210,1560,23,20,43
1210,1570,23,22,45
1210,1580,23,22,45
1210,1590,24,22,46
1210,1600,25,23,48
1210,1610,26,23,49
1210,1620,26,23,49
1210,1630,26,23,49
1210,1640,27,24,51
1210,1650,30,27,57
1210,1660,30,28,58
1210,1670,30,28,58
1210,1680,31,29,60
1210,1690,32,29,61
1210,1700,32,29,61
1210,1710,32,30,62
1210,1720,33,30,63
1210,1730,33,30,63
1210,1740,33,31,64
1210,1750,33,31,64
1210,1760,34,31,65
1210,1770,36,31,67
1210,1780,36,31,67
1210,1790,38,32,70
1210,1800,39,32,71
1210,1810,39,33,72
1210,1820,39,33,72
1210,1830,40,34,74
1210,1840,41,34,75
1210,1850,41,34,75
1210,1860,43,35,78
1210,1870,43,35,78
1210,1880,43,35,78
1210,1890,44,35,79
1210,1900,47,35,82
1210,1910,47,35,82
1210,1920,48,36,84
1210,1930,48,37,85
1210,1940,48,38,86
1210,1950,48,39,87
1210,1960,48,39,87
1210,1970,49,40,89
1210,1980,49,42,91
1210,1990,50,42,92
1220,1220,0,0,0
1220,1230,0,1,1
1220,1240,0,1,1
1220,1250,1,2,3
1220,1260,1,3,4
1220,1270,2,4,6
1220,1280,2,4,6
1220,1290,3,5,8
1220,1300,4,5,9
1220,1310,5,7,12
1220,1320,5,8,13
1220,1330,6,8,14
1220,1340,7,9,16
1220,1350,7,11,18
1220,1360,8,12,20
1220,1370,10,13,23
1220,1380,11,14,25
1220,1390,13,14,27
1220,1400,13,14,27
1220,1410,14,14,28
1220,1420,15,14,29
1220,1430,15,15,30
1220,1440,16,15,31
1220,1450,17,16,33
1220,1460,17,16,33
1220,1470,17,17,34
1220,1480,18,17,35
1220,1490,18,17,35
1220,1500,18,19,37
1220,1510,19,19,38
1220,1520,20,20,40
1220,1530,22,20,42
1220,1540,22,20,42
1220,1550,23,20,43
1220,1560,23,20,43
1220,1570,23,22,45
1220,1580,23,22,45
1220,1590,24,22,46
1220,1600,25,23,48
1220,1610,26,23,49
1220,1620,26,23,49
1220,1630,26,23,49
1220,1640,27,24,51
1220,1650,30,27,57
1220,1660,30,28,58
1220,1670,30,28,58
1220,1680,31,29,60
1220,1690,32,29,61
1220,1700,32,29,61
1220,1710,32,30,62
1220,1720,33,30,63
1220,1730,33,30,63
1220,1740,33,31,64
1220,1750,33,31,64
1220,1760,34,31,65
1220,1770,36,31,67
1220,1780,36,31,67
1220,1790,38,32,70
1220,1800,39,32,71
1220,1810,39,33,72
1220,1820,39,33,72
1220,1830,40,34,74
1220,1840,41,34,75
1220,1850,41,34,75
1220,1860,43,35,78
1220,1870,43,35,78
1220,1880,43,35,78
1220,1890,44,35,79
1220,1900,47,35,82
1220,1910,47,35,82
1220,1920,48,36,84
1220,1930,48,37,85
1220,1940,48,38,86
1220,1950,48,39,87
1220,1960,48,39,87
1220,1970,49,40,89
1220,1980,49,42,91
1220,1990,50,42,92
1230,1230,0,0,0
1230,1240,0,0,0
1230,1250,1,1,2
1230,1260,1,2,3
1230,1270,2,3,5
1230,1280,2,3,5
1230,1290,3,4,7
1230,1300,4,4,8
1230,1310,5,6,11
1230,1320,5,7,12
1230,1330,6,7,13
1230,1340,7,8,15
1230,1350,7,10,17
1230,1360,8,11,19
1230,1370,10,12,22
1230,1380,11,13,24
1230,1390,13,13,26
1230,1400,13,13,26
1230,1410,14,13,27
1230,1420,15,13,28
1230,1430,15,14,29
1230,1440,16,14,30
1230,1450,17,15,32
1230,1460,17,15,32
1230,1470,17,16,33
1230,1480,18,16,34
1230,1490,18,16,34
1230,1500,18,18,36
1230,1510,19,18,37
1230,1520,20,19,39
1230,1530,22,19,41
1230,1540,22,19,41
1230,1550,23,19,42
1230,1560,23,19,42
1230,1570,23,21,44
1230,1580,23,21,44
1230,1590,24,21,45
1230,1600,25,22,47
1230,1610,26,22,48
1230,1620,26,22,48
1230,1630,26,22,48
1230,1640,27,23,50
1230,1650,30,26,56
1230,1660,30,27,57
1230,1670,30,27,57
1230,1680,31,28,59
1230,1690,32,28,60
1230,1700,32,28,60
1230,1710,32,29,61
1230,1720,33,29,62
1230,1730,33,29,62
1230,1740,33,30,63
1230,1750,33,30,63
1230,1760,34,30,64
1230,1770,36,30,66
1230,1780,36,30,66
1230,1790,38,31,69
1230,1800,39,31,70
1230,1810,39,32,71
1230,1820,39,32,71
1230,1830,40,33,73
1230,1840,41,33,74
1230,1850,41,33,74
1230,1860,43,34,77
1230,1870,43,34,77
1230,1880,43,34,77
1230,1890,44,34,78
1230,1900,47,34,81
1230,1910,47,34,81
1230,1920,48,35,83
1230,1930,48,36,84
1230,1940,48,37,85
1230,1950,48,38,86
1230,1960,48,38,86
1230,1970,49,39,88
1230,1980,49,41,90
1230,1990,50,41,91
1240,1240,0,0,0
1240,1250,1,1,2
1240,1260,1,2,3
1240,1270,2,3,5
1240,1280,2,3,5
1240,1290,3,4,7
1240,1300,4,4,8
1240,1310,5,6,11
1240,1320,5,7,12
1240,1330,6,7,13
1240,1340,7,8,15
1240,1350,7,10,17
1240,1360,8,11,19
1240,1370,10,12,22
1240,1380,11,13,24
1240,1390,13,13,26
1240,1400,13,13,26
1240,1410,14,13,27
1240,1420,15,13,28
1240,1430,15,14,29
1240,1440,16,14,30
1240,1450,17,15,32
1240,1460,17,15,32
1240,1470,17,16,33
1240,1480,18,16,34
1240,1490,18,16,34
1240,1500,18,18,36
1240,1510,19,18,37
1240,1520,20,19,39
1240,1530,22,19,41
1240,1540,22,19,41
1240,1550,23,19,42
1240,1560,23,19,42
1240,1570,23,21,44
1240,1580,23,21,44
1240,1590,24,21,45
1240,1600,25,22,47
1240,1610,26,22,48
1240,1620,26,22,48
1240,1630,26,22,48
1240,1640,27,23,50
1240,1650,30,26,56
1240,1660,30,27,57
1240,1670,30,27,57
1240,1680,31,28,59
1240,1690,32,28,60
1240,1700,32,28,60
1240,1710,32,29,61
1240,1720,33,29,62
1240,1730,33,29,62
1240,1740,33,30,63
1240,1750,33,30,63
1240,1760,34,30,64
1240,1770,36,30,66
1240,1780,36,30,66
1240,1790,38,31,69
1240,1800,39,31,70
1240,1810,39,32,71
1240,1820,39,32,71
1240,1830,40,33,73
1240,1840,41,33,74
1240,1850,41,33,74
1240,1860,43,34,77
1240,1870,43,34,77
1240,1880,43,34,77
1240,1890,44,34,78
1240,1900,47,34,81
1240,1910,47,34,81
1240,1920,48,35,83
1240,1930,48,36,84
1240,1940,48,37,85
1240,1950,48,38,86
1240,1960,48,38,86
1240,1970,49,39,88
1240,1980,49,41,90
1240,1990,50,41,91
1250,1250,0,1,1
1250,1260,0,2,2
1250,1270,1,3,4
1250,1280,1,3,4
1250,1290,2,4,6
1250,1300,3,4,7
1250,1310,4,6,10
1250,1320,4,7,11
1250,1330,5,7,12
1250,1340,6,8,14
1250,1350,6,10,16
1250,1360,7,11,18
1250,1370,9,12,21
1250,1380,10,13,23
1250,1390,12,13,25
1250,1400,12,13,25
1250,1410,13,13,26
1250,1420,14,13,27
1250,1430,14,14,28
1250,1440,15,14,29
1250,1450,16,15,31
1250,1460,16,15,31
1250,1470,16,16,32
1250,1480,17,16,33
1250,1490,17,16,33
1250,1500,17,18,35
1250,1510,18,18,36
1250,1520,19,19,38
1250,1530,21,19,40
1250,1540,21,19,40
1250,1550,22,19,41
1250,1560,22,19,41
1250,1570,22,21,43
1250,1580,22,21,43
1250,1590,23,21,44
1250,1600,24,22,46
1250,1610,25,22,47
1250,1620,25,22,47
1250,1630,25,22,47
1250,1640,26,23,49
1250,1650,29,26,55
1250,1660,29,27,56
1250,1670,29,27,56
1250,1680,30,28,58
1250,1690,31,28,59
1250,1700,31,28,59
1250,1710,31,29,60
1250,1720,32,29,61
1250,1730,32,29,61
1250,1740,32,30,62
1250,1750,32,30,62
1250,1760,33,30,63
1250,1770,35,30,65
1250,1780,35,30,65
1250,1790,37,31,68
1250,1800,38,31,69
1250,1810,38,32,70
1250,1820,38,32,70
1250,1830,39,33,72
1250,1840,40,33,73
1250,1850,40,33,73
1250,1860,42,34,76
1250,1870,42,34,76
1250,1880,42,34,76
1250,1890,43,34,77
1250,1900,46,34,80
1250,1910,46,34,80
1250,1920,47,35,82
1250,1930,47,36,83
1250,1940,47,37,84
1250,1950,47,38,85
1250,1960,47,38,85
1250,1970,48,39,87
1250,1980,48,41,89
1250,1990,49,41,90
1260,1260,0,0,0
1260,1270,1,1,2
1260,1280,1,1,2
1260,1290,2,2,4
1260,1300,3,2,5
1260,1310,4,4,8
1260,1320,4,5,9
1260,1330,5,5,10
1260,1340,6,6,12
1260,1350,6,8,14
1260,1360,7,9,16
1260,1370,9,10,19
1260,1380,10,11,21
1260,1390,12,11,23
1260,1400,12,11,23
1260,1410,13,11,24
1260,1420,14,11,25
1260,1430,14,12,26
1260,1440,15,12,27
1260,1450,16,13,29
1260,1460,16,13,29
1260,1470,16,14,30
1260,1480,17,14,31
1260,1490,17,14,31
1260,1500,17,16,33
1260,1510,18,16,34
1260,1520,19,17,36
1260,1530,21,17,38
1260,1540,21,17,38
1260,1550,22,17,39
1260,1560,22,17,39
1260,1570,22,19,41
1260,1580,22,19,41
1260,1590,23,19,42
1260,1600,24,20,44
1260,1610,25,20,45
1260,1620,25,20,45
1260,1630,25,20,45
1260,1640,26,21,47
1260,1650,29,24,53
1260,1660,29,25,54
1260,1670,29,25,54
1260,1680,30,26,56
1260,1690,31,26,57
1260,1700,31,26,57
1260,1710,31,27,58
1260,1720,32,27,59
1260,1730,32,27,59
1260,1740,32,28,60
1260,1750,32,28,60
1260,1760,33,28,61
1260,1770,35,28,63
1260,1780,35,28,63
1260,1790,37,29,66
1260,1800,38,29,67
1260,1810,38,30,68
1260,1820,38,30,68
1260,1830,39,31,70
1260,1840,40,31,71
1260,1850,40,31,71
1260,1860,42,32,74
1260,1870,42,32,74
1260,1880,42,32,74
1260,1890,43,32,75
1260,1900,46,32,78
1260,1910,46,32,78
1260,1920,47,33,80
1260,1930,47,34,81
1260,1940,47,35,82
1260,1950,47,36,83
1260,1960,47,36,83
1260,1970,48,37,85
1260,1980,48,39,87
1260,1990,49,39,88
1270,1270,1,0,1
1270,1280,1,0,1
1270,1290,2,1,3
1270,1300,3,1,4
1270,1310,4,3,7
1270,1320,4,4,8
1270,1330,5,4,9
1270,1340,6,5,11
1270,1350,6,7,13
1270,1360,7,8,15
1270,1370,9,9,18
1270,1380,10,10,20
1270,1390,12,10,22
1270,1400,12,10,22
1270,1410,13,10,23
1270,1420,14,10,24
1270,1430,14,11,25
1270,1440,15,11,26
1270,1450,16,12,28
1270,1460,16,12,28
1270,1470,16,13,29
1270,1480,17,13,30
1270,1490,17,13,30
1270,1500,17,15,32
1270,1510,18,15,33
1270,1520,19,16,35
1270,1530,21,16,37
1270,1540,21,16,37
1270,1550,22,16,38
1270,1560,22,16,38
1270,1570,22,18,40
1270,1580,22,18,40
1270,1590,23,18,41
1270,1600,24,19,43
1270,1610,25,19,44
1270,1620,25,19,44
1270,1630,25,19,44
1270,1640,26,20,46
1270,1650,29,23,52
1270,1660,29,24,53
1270,1670,29,24,53
1270,1680,30,25,55
1270,1690,31,25,56
1270,1700,31,25,56
1270,1710,31,26,57
1270,1720,32,26,58
1270,1730,32,26,58
1270,1740,32,27,59
1270,1750,32,27,59
1270,1760,33,27,60
1270,1770,35,27,62
1270,1780,35,27,62
1270,1790,37,28,65
1270,1800,38,28,66
1270,1810,38,29,67
1270,1820,38,29,67
1270,1830,39,30,69
1270,1840,40,30,70
1270,1850,40,30,70
1270,1860,42,31,73
1270,1870,42,31,73
1270,1880,42,31,73
1270,1890,43,31,74
1270,1900,46,31,77
1270,1910,46,31,77
1270,1920,47,32,79
1270,1930,47,33,80
1270,1940,47,34,81
1270,1950,47,35,82
1270,1960,47,35,82
1270,1970,48,36,84
1270,1980,48,38,86
1270,1990,49,38,87
1280,1280,0,0,0
1280,1290,1,1,2
1280,1300,2,1,3
1280,1310,3,3,6
1280,1320,3,4,7
1280,1330,4,4,8
1280,1340,5,5,10
1280,1350,5,7,12
1280,1360,6,8,14
1280,1370,8,9,17
1280,1380,9,10,19
1280,1390,11,10,21
1280,1400,11,10,21
1280,1410,12,10,22
1280,1420,13,10,23
1280,1430,13,11,24
1280,1440,14,11,25
1280,1450,15,12,27
1280,1460,15,12,27
1280,1470,15,13,28
1280,1480,16,13,29
1280,1490,16,13,29
1280,1500,16,15,31
1280,1510,17,15,32
1280,1520,18,16,34
1280,1530,20,16,36
1280,1540,20,16,36
1280,1550,21,16,37
1280,1560,21,16,37
1280,1570,21,18,39
1280,1580,21,18,39
1280,1590,22,18,40
1280,1600,23,19,42
1280,1610,24,19,43
1280,1620,24,19,43
1280,1630,24,19,43
1280,1640,25,20,45
1280,1650,28,23,51
1280,1660,28,24,52
1280,1670,28,24,52
1280,1680,29,25,54
1280,1690,30,25,55
1280,1700,30,25,55
1280,1710,30,26,56
1280,1720,31,26,57
1280,1730,31,26,57
1280,1740,31,27,58
1280,1750,31,27,58
1280,1760,32,27,59
1280,1770,34,27,61
1280,1780,34,27,61
1280,1790,36,28,64
1280,1800,37,28,65
1280,1810,37,29,66
1280,1820,37,29,66
1280,1830,38,30,68
1280,1840,39,30,69
1280,1850,39,30,69
1280,1860,41,31,72
1280,1870,41,31,72
1280,1880,41,31,72
1280,1890,42,31,73
1280,1900,45,31,76
1280,1910,45,31,76
1280,1920,46,32,78
1280,1930,46,33,79
1280,1940,46,34,80
1280,1950,46,35,81
1280,1960,46,35,81
1280,1970,47,36,83
1280,1980,47,38,85
1280,1990,48,38,86
1290,1290,0,0,0
1290,1300,1,0,1
1290,1310,2,2,4
1290,1320,2,3,5
1290,1330,3,3,6
1290,1340,4,4,8
1290,1350,4,6,10
1290,1360,5,7,12
1290,1370,7,8,15
1290,1380,8,9,17
1290,1390,10,9,19
1290,1400,10,9,19
1290,1410,11,9,20
1290,1420,12,9,21
1290,1430,12,10,22
1290,1440,13,10,23
1290,1450,14,11,25
1290,1460,14,11,25
1290,1470,14,12,26
1290,1480,15,12,27
1290,1490,15,12,27
1290,1500,15,14,29
1290,1510,16,14,30
1290,1520,17,15,32
1290,1530,19,15,34
1290,1540,19,15,34
1290,1550,20,15,35
1290,1560,20,15,35
1290,1570,20,17,37
1290,1580,20,17,37
1290,1590,21,17,38
1290,1600,22,18,40
1290,1610,23,18,41
1290,1620,23,18,41
1290,1630,23,18,41
1290,1640,24,19,43
1290,1650,27,22,49
1290,1660,27,23,50
1290,1670,27,23,50
1290,1680,28,24,52
1290,1690,29,24,53
1290,1700,29,24,53
1290,1710,29,25,54
1290,1720,30,25,55
1290,1730,30,25,55
1290,1740,30,26,56
1290,1750,30,26,56
1290,1760,31,26,57
1290,1770,33,26,59
1290,1780,33,26,59
1290,1790,35,27,62
1290,1800,36,27,63
1290,1810,36,28,64
1290,1820,36,28,64
1290,1830,37,29,66
1290,1840,38,29,67
1290,1850,38,29,67
1290,1860,40,30,70
1290,1870,40,30,70
1290,1880,40,30,70
1290,1890,41,30,71
1290,1900,44,30,74
1290,1910,44,30,74
1290,1920,45,31,76
1290,1930,45,32,77
1290,1940,45,33,78
1290,1950,45,34,79
1290,1960,45,34,79
1290,1970,46,35,81
1290,1980,46,37,83
1290,1990,47,37,84
1300,1300,0,0,0
1300,1310,1,2,3
1300,1320,1,3,4
1300,1330,2,3,5
1300,1340,3,4,7
1300,1350,3,6,9
1300,1360,4,7,11
1300,1370,6,8,14
1300,1380,7,9,16
1300,1390,9,9,18
1300,1400,9,9,18
1300,1410,10,9,19
1300,1420,11,9,20
1300,1430,11,10,21
1300,1440,12,10,22
1300,1450,13,11,24
1300,1460,13,11,24
1300,1470,13,12,25
1300,1480,14,12,26
1300,1490,14,12,26
1300,1500,14,14,28
1300,1510,15,14,29
1300,1520,16,15,31
1300,1530,18,15,33
1300,1540,18,15,33
1300,1550,19,15,34
1300,1560,19,15,34
1300,1570,19,17,36
1300,1580,19,17,36
1300,1590,20,17,37
1300,1600,21,18,39
1300,1610,22,18,40
1300,1620,22,18,40
1300,1630,22,18,40
1300,1640,23,19,42
1300,1650,26,22,48
1300,1660,26,23,49
1300,1670,26,23,49
1300,1680,27,24,51
1300,1690,28,24,52
1300,1700,28,24,52
1300,1710,28,25,53
1300,1720,29,25,54
1300,1730,29,25,54
1300,1740,29,26,55
1300,1750,29,26,55
1300,1760,30,26,56
1300,1770,32,26,58
1300,1780,32,26,58
1300,1790,34,27,61
1300,1800,35,27,62
1300,1810,35,28,63
1300,1820,35,28,63
1300,1830,36,29,65
1300,1840,37,29,66
1300,1850,37,29,66
1300,1860,39,30,69
1300,1870,39,30,69
1300,1880,39,30,69
1300,1890,40,30,70
1300,1900,43,30,73
1300,1910,43,30,73
1300,1920,44,31,75
1300,1930,44,32,76
1300,1940,44,33,77
1300,1950,44,34,78
1300,1960,44,34,78
1300,1970,45,35,80
1300,1980,45,37,82
1300,1990,46,37,83
1310,1310,0,0,0
1310,1320,0,1,1
1310,1330,1,1,2
1310,1340,2,2,4
1310,1350,2,4,6
1310,1360,3,5,8
1310,1370,5,6,11
1310,1380,6,7,13
1310,1390,8,7,15
1310,1400,8,7,15
1310,1410,9,7,16
1310,1420,10,7,17
1310,1430,10,8,18
1310,1440,11,8,19
1310,1450,12,9,21
1310,1460,12,9,21
1310,1470,12,10,22
1310,1480,13,10,23
1310,1490,13,10,23
1310,1500,13,12,25
1310,1510,14,12,26
1310,1520,15,13,28
1310,1530,17,13,30
1310,1540,17,13,30
1310,1550,18,13,31
1310,1560,18,13,31
1310,1570,18,15,33
1310,1580,18,15,33
1310,1590,19,15,34
1310,1600,20,16,36
1310,1610,21,16,37
1310,1620,21,16,37
1310,1630,21,16,37
1310,1640,22,17,39
1310,1650,25,20,45
1310,1660,25,21,46
1310,1670,25,21,46
1310,1680,26,22,48
1310,1690,27,22,49
1310,1700,27,22,49
1310,1710,27,23,50
1310,1720,28,23,51
1310,1730,28,23,51
1310,1740,28,24,52
1310,1750,28,24,52
1310,1760,29,24,53
1310,1770,31,24,55
1310,1780,31,24,55
1310,1790,33,25,58
1310,1800,34,25,59
1310,1810,34,26,60
1310,1820,34,26,60
1310,1830,35,27,62
1310,1840,36,27,63
1310,1850,36,27,63
1310,1860,38,28,66
1310,1870,38,28,66
1310,1880,38,28,66
1310,1890,39,28,67
1310,1900,42,28,70
1310,1910,42,28,70
1310,1920,43,29,72
1310,1930,43,30,73
1310,1940,43,31,74
1310,1950,43,32,75
1310,1960,43,32,75
1310,1970,44,33,77
1310,1980,44,35,79
1310,1990,45,35,80
1320,1320,0,0,0
1320,1330,1,0,1
1320,1340,2,1,3
1320,1350,2,3,5
1320,1360,3,4,7
1320,1370,5,5,10
1320,1380,6,6,12
1320,1390,8,6,14
1320,1400,8,6,14
1320,1410,9,6,15
1320,1420,10,6,16
1320,1430,10,7,17
1320,1440,11,7,18
1320,1450,12,8,20
1320,1460,12,8,20
1320,1470,12,9,21
1320,1480,13,9,22
1320,1490,13,9,22
1320,1500,13,11,24
1320,1510,14,11,25
1320,1520,15,12,27
1320,1530,17,12,29
1320,1540,17,12,29
1320,1550,18,12,30
1320,1560,18,12,30
1320,1570,18,14,32
1320,1580,18,14,32
1320,1590,19,14,33
1320,1600,20,15,35
1320,1610,21,15,36
1320,1620,21,15,36
1320,1630,21,15,36
1320,1640,22,16,38
1320,1650,25,19,44
1320,1660,25,20,45
1320,1670,25,20,45
1320,1680,26,21,47
1320,1690,27,21,48
1320,1700,27,21,48
1320,1710,27,22,49
1320,1720,28,22,50
1320,1730,28,22,50
1320,1740,28,23,51
1320,1750,28,23,51
1320,1760,29,23,52
1320,1770,31,23,54
1320,1780,31,23,54
1320,1790,33,24,57
1320,1800,34,24,58
1320,1810,34,25,59
1320,1820,34,25,59
1320,1830,35,26,61
1320,1840,36,26,62
1320,1850,36,26,62
1320,1860,38,27,65
1320,1870,38,27,65
1320,1880,38,27,65
1320,1890,39,27,66
1320,1900,42,27,69
1320,1910,42,27,69
1320,1920,43,28,71
1320,1930,43,29,72
1320,1940,43,30,73
1320,1950,43,31,74
1320,1960,43,31,74
1320,1970,44,32,76
1320,1980,44,34,78
1320,1990,45,34,79
1330,1330,0,0,0
1330,1340,1,1,2
1330,1350,1,3,4
1330,1360,2,4,6
1330,1370,4,5,9
1330,1380,5,6,11
1330,1390,7,6,13
1330,1400,7,6,13
1330,1410,8,6,14
1330,1420,9,6,15
1330,1430,9,7,16
1330,1440,10,7,17
1330,1450,11,8,19
1330,1460,11,8,19
1330,1470,11,9,20
1330,1480,12,9,21
1330,1490,12,9,21
1330,1500,12,11,23
1330,1510,13,11,24
1330,1520,14,12,26
1330,1530,16,12,28
1330,1540,16,12,28
1330,1550,17,12,29
1330,1560,17,12,29
1330,1570,17,14,31
1330,1580,17,14,31
1330,1590,18,14,32
1330,1600,19,15,34
1330,1610,20,15,35
1330,1620,20,15,35
1330,1630,20,15,35
1330,1640,21,16,37
1330,1650,24,19,43
1330,1660,24,20,44
1330,1670,24,20,44
1330,1680,25,21,46
1330,1690,26,21,47
1330,1700,26,21,47
1330,1710,26,22,48
1330,1720,27,22,49
1330,1730,27,22,49
1330,1740,27,23,50
1330,1750,27,23,50
1330,1760,28,23,51
1330,1770,30,23,53
1330,1780,30,23,53
1330,1790,32,24,56
1330,1800,33,24,57
1330,1810,33,25,58
1330,1820,33,25,58
1330,1830,34,26,60
1330,1840,35,26,61
1330,1850,35,26,61
1330,1860,37,27,64
1330,1870,37,27,64
1330,1880,37,27,64
1330,1890,38,27,65
1330,1900,41,27,68
1330,1910,41,27,68
1330,1920,42,28,70
1330,1930,42,29,71
1330,1940,42,30,72
1330,1950,42,31,73
1330,1960,42,31,73
1330,1970,43,32,75
1330,1980,43,34,77
1330,1990,44,34,78
1340,1340,0,0,0
1340,1350,0,2,2
1340,1360,1,3,4
1340,1370,3,4,7
1340,1380,4,5,9
1340,1390,6,5,11
1340,1400,6,5,11
1340,1410,7,5,12
1340,1420,8,5,13
1340,1430,8,6,14
1340,1440,9,6,15
1340,1450,10,7,17
1340,1460,10,7,17
1340,1470,10,8,18
1340,1480,11,8,19
1340,1490,11,8,19
1340,1500,11,10,21
1340,1510,12,10,22
1340,1520,13,11,24
1340,1530,15,11,26
1340,1540,15,11,26
1340,1550,16,11,27
1340,1560,16,11,27
1340,1570,16,13,29
1340,1580,16,13,29
1340,1590,17,13,30
1340,1600,18,14,32
1340,1610,19,14,33
1340,1620,19,14,33
1340,1630,19,14,33
1340,1640,20,15,35
1340,1650,23,18,41
1340,1660,23,19,42
1340,1670,23,19,42
1340,1680,24,20,44
1340,1690,25,20,45
1340,1700,25,20,45
1340,1710,25,21,46
1340,1720,26,21,47
1340,1730,26,21,47
1340,1740,26,22,48
1340,1750,26,22,48
1340,1760,27,22,49
1340,1770,29,22,51
1340,1780,29,22,51
1340,1790,31,23,54
1340,1800,32,23,55
1340,1810,32,24,56
1340,1820,32,24,56
1340,1830,33,25,58
1340,1840,34,25,59
1340,1850,34,25,59
1340,1860,36,26,62
1340,1870,36,26,62
1340,1880,36,26,62
1340,1890,37,26,63
1340,1900,40,26,66
1340,1910,40,26,66
1340,1920,41,27,68
1340,1930,41,28,69
1340,1940,41,29,70
1340,1950,41,30,71
1340,1960,41,30,71
1340,1970,42,31,73
1340,1980,42,33,75
1340,1990,43,33,76
1350,1350,0,0,0
1350,1360,1,1,2
1350,1370,3,2,5
1350,1380,4,3,7
1350,1390,6,3,9
1350,1400,6,3,9
1350,1410,7,3,10
1350,1420,8,3,11
1350,1430,8,4,12
1350,1440,9,4,13
1350,1450,10,5,15
1350,1460,10,5,15
1350,1470,10,6,16
1350,1480,11,6,17
1350,1490,11,6,17
1350,1500,11,8,19
1350,1510,12,8,20
1350,1520,13,9,22
1350,1530,15,9,24
1350,1540,15,9,24
1350,1550,16,9,25
1350,1560,16,9,25
1350,1570,16,11,27
1350,1580,16,11,27
1350,1590,17,11,28
1350,1600,18,12,30
1350,1610,19,12,31
1350,1620,19,12,31
1350,1630,19,12,31
1350,1640,20,13,33
1350,1650,23,16,39
1350,1660,23,17,40
1350,1670,23,17,40
1350,1680,24,18,42
1350,1690,25,18,43
1350,1700,25,18,43
1350,1710,25,19,44
1350,1720,26,19,45
1350,1730,26,19,45
1350,1740,26,20,46
1350,1750,26,20,46
1350,1760,27,20,47
1350,1770,29,20,49
1350,1780,29,20,49
1350,1790,31,21,52
1350,1800,32,21,53
1350,1810,32,22,54
1350,1820,32,22,54
1350,1830,33,23,56
1350,1840,34,23,57
1350,1850,34,23,57
1350,1860,36,24,60
1350,1870,36,24,60
1350,1880,36,24,60
1350,1890,37,24,61
1350,1900,40,24,64
1350,1910,40,24,64
1350,1920,41,25,66
1350,1930,41,26,67
1350,1940,41,27,68
1350,1950,41,28,69
1350,1960,41,28,69
1350,1970,42,29,71
1350,1980,42,31,73
1350,1990,43,31,74
1360,1360,0,0,0
1360,1370,2,1,3
1360,1380,3,2,5
1360,1390,5,2,7
1360,1400,5,2,7
1360,1410,6,2,8
1360,1420,7,2,9
1360,1430,7,3,10
1360,1440,8,3,11
1360,1450,9,4,13
1360,1460,9,4,13
1360,1470,9,5,14
1360,1480,10,5,15
1360,1490,10,5,15
1360,1500,10,7,17
1360,1510,11,7,18
1360,1520,12,8,20
1360,1530,14,8,22
1360,1540,14,8,22
1360,1550,15,8,23
1360,1560,15,8,23
1360,1570,15,10,25
1360,1580,15,10,25
1360,1590,16,10,26
1360,1600,17,11,28
1360,1610,18,11,29
1360,1620,18,11,29
1360,1630,18,11,29
1360,1640,19,12,31
1360,1650,22,15,37
1360,1660,22,16,38
1360,1670,22,16,38
1360,1680,23,17,40
1360,1690,24,17,41
1360,1700,24,17,41
1360,1710,24,18,42
1360,1720,25,18,43
1360,1730,25,18,43
1360,1740,25,19,44
1360,1750,25,19,44
1360,1760,26,19,45
1360,1770,28,19,47
1360,1780,28,19,47
1360,1790,30,20,50
1360,1800,31,20,51
1360,1810,31,21,52
1360,1820,31,21,52
1360,1830,32,22,54
1360,1840,33,22,55
1360,1850,33,22,55
1360,1860,35,23,58
1360,1870,35,23,58
1360,1880,35,23,58
1360,1890,36,23,59
1360,1900,39,23,62
1360,1910,39,23,62
1360,1920,40,24,64
1360,1930,40,25,65
1360,1940,40,26,66
1360,1950,40,27,67
1360,1960,40,27,67
1360,1970,41,28,69
1360,1980,41,30,71
1360,1990,42,30,72
1370,1370,0,0,0
1370,1380,1,1,2
1370,1390,3,1,4
1370,1400,3,1,4
1370,1410,4,1,5
1370,1420,5,1,6
1370,1430,5,2,7
1370,1440,6,2,8
1370,1450,7,3,10
1370,1460,7,3,10
1370,1470,7,4,11
1370,1480,8,4,12
1370,1490,8,4,12
1370,1500,8,6,14
1370,1510,9,6,15
1370,1520,10,7,17
1370,1530,12,7,19
1370,1540,12,7,19
1370,1550,13,7,20
1370,1560,13,7,20
1370,1570,13,9,22
1370,1580,13,9,22
1370,1590,14,9,23
1370,1600,15,10,25
1370,1610,16,10,26
1370,1620,16,10,26
1370,1630,16,10,26
1370,1640,17,11,28
1370,1650,20,14,34
1370,1660,20,15,35
1370,1670,20,15,35
1370,1680,21,16,37
1370,1690,22,16,38
1370,1700,22,16,38
1370,1710,22,17,39
1370,1720,23,17,40
1370,1730,23,17,40
1370,1740,23,18,41
1370,1750,23,18,41
1370,1760,24,18,42
1370,1770,26,18,44
1370,1780,26,18,44
1370,1790,28,19,47
1370,1800,29,19,48
1370,1810,29,20,49
1370,1820,29,20,49
1370,1830,30,21,51
1370,1840,31,21,52
1370,1850,31,21,52
1370,1860,33,22,55
1370,1870,33,22,55
1370,1880,33,22,55
1370,1890,34,22,56
1370,1900,37,22,59
1370,1910,37,22,59
1370,1920,38,23,61
1370,1930,38,24,62
1370,1940,38,25,63
1370,1950,38,26,64
1370,1960,38,26,64
1370,1970,39,27,66
1370,1980,39,29,68
1370,1990,40,29,69
1380,1380,0,0,0
1380,1390,2,0,2
1380,1400,2,0,2
1380,1410,3,0,3
1380,1420,4,0,4
1380,1430,4,1,5
1380,1440,5,1,6
1380,1450,6,2,8
1380,1460,6,2,8
1380,1470,6,3,9
1380,1480,7,3,10
1380,1490,7,3,10
1380,1500,7,5,12
1380,1510,8,5,13
1380,1520,9,6,15
1380,1530,11,6,17
1380,1540,11,6,17
1380,1550,12,6,18
1380,1560,12,6,18
1380,1570,12,8,20
1380,1580,12,8,20
1380,1590,13,8,21
1380,1600,14,9,23
1380,1610,15,9,24
1380,1620,15,9,24
1380,1630,15,9,24
1380,1640,16,10,26
1380,1650,19,13,32
1380,1660,19,14,33
1380,1670,19,14,33
1380,1680,20,15,35
1380,1690,21,15,36
1380,1700,21,15,36
1380,1710,21,16,37
1380,1720,22,16,38
1380,1730,22,16,38
1380,1740,22,17,39
1380,1750,22,17,39
1380,1760,23,17,40
1380,1770,25,17,42
1380,1780,25,17,42
1380,1790,27,18,45
1380,1800,28,18,46
1380,1810,28,19,47
1380,1820,28,19,47
1380,1830,29,20,49
1380,1840,30,20,50
1380,1850,30,20,50
1380,1860,32,21,53
1380,1870,32,21,53
1380,1880,32,21,53
1380,1890,33,21,54
1380,1900,36,21,57
1380,1910,36,21,57
1380,1920,37,22,59
1380,1930,37,23,60
1380,1940,37,24,61
1380,1950,37,25,62
1380,1960,37,25,62
1380,1970,38,26,64
1380,1980,38,28,66
1380,1990,39,28,67
1390,1390,0,0,0
1390,1400,0,0,0
1390,1410,1,0,1
1390,1420,2,0,2
1390,1430,2,1,3
1390,1440,3,1,4
1390,1450,4,2,6
1390,1460,4,2,6
1390,1470,4,3,7
1390,1480,5,3,8
1390,1490,5,3,8
1390,1500,5,5,10
1390,1510,6,5,11
1390,1520,7,6,13
1390,1530,9,6,15
1390,1540,9,6,15
1390,1550,10,6,16
1390,1560,10,6,16
1390,1570,10,8,18
1390,1580,10,8,18
1390,1590,11,8,19
1390,1600,12,9,21
1390,1610,13,9,22
1390,1620,13,9,22
1390,1630,13,9,22
1390,1640,14,10,24
1390,1650,17,13,30
1390,1660,17,14,31
1390,1670,17,14,31
1390,1680,18,15,33
1390,1690,19,15,34
1390,1700,19,15,34
1390,1710,19,16,35
1390,1720,20,16,36
1390,1730,20,16,36
1390,1740,20,17,37
1390,1750,20,17,37
1390,1760,21,17,38
1390,1770,23,17,40
1390,1780,23,17,40
1390,1790,25,18,43
1390,1800,26,18,44
1390,1810,26,19,45
1390,1820,26,19,45
1390,1830,27,20,47
1390,1840,28,20,48
1390,1850,28,20,48
1390,1860,30,21,51
1390,1870,30,21,51
1390,1880,30,21,51
1390,1890,31,21,52
1390,1900,34,21,55
1390,1910,34,21,55
1390,1920,35,22,57
1390,1930,35,23,58
1390,1940,35,24,59
1390,1950,35,25,60
1390,1960,35,25,60
1390,1970,36,26,62
1390,1980,36,28,64
1390,1990,37,28,65
1400,1400,0,0,0
1400,1410,1,0,1
1400,1420,2,0,2
1400,1430,2,1,3
1400,1440,3,1,4
1400,1450,4,2,6
1400,1460,4,2,6
1400,1470,4,3,7
1400,1480,5,3,8
1400,1490,5,3,8
1400,1500,5,5,10
1400,1510,6,5,11
1400,1520,7,6,13
1400,1530,9,6,15
1400,1540,9,6,15
1400,1550,10,6,16
1400,1560,10,6,16
1400,1570,10,8,18
1400,1580,10,8,18
1400,1590,11,8,19
1400,1600,12,9,21
1400,1610,13,9,22
1400,1620,13,9,22
1400,1630,13,9,22
1400,1640,14,10,24
1400,1650,17,13,30
1400,1660,17,14,31
1400,1670,17,14,31
1400,1680,18,15,33
1400,1690,19,15,34
1400,1700,19,15,34
1400,1710,19,16,35
1400,1720,20,16,36
1400,1730,20,16,36
1400,1740,20,17,37
1400,1750,20,17,37
1400,1760,21,17,38
1400,1770,23,17,40
1400,1780,23,17,40
1400,1790,25,18,43
1400,1800,26,18,44
1400,1810,26,19,45
1400,1820,26,19,45
1400,1830,27,20,47
1400,1840,28,20,48
1400,1850,28,20,48
1400,1860,30,21,51
1400,1870,30,21,51
1400,1880,30,21,51
1400,1890,31,21,52
1400,1900,34,21,55
1400,1910,34,21,55
1400,1920,35,22,57
1400,1930,35,23,58
1400,1940,35,24,59
1400,1950,35,25,60
1400,1960,35,25,60
1400,1970,36,26,62
1400,1980,36,28,64
1400,1990,37,28,65
1410,1410,0,0,0
1410,1420,1,0,1
1410,1430,1,1,2
1410,1440,2,1,3
1410,1450,3,2,5
1410,1460,3,2,5
1410,1470,3,3,6
1410,1480,4,3,7
1410,1490,4,3,7
1410,1500,4,5,9
1410,1510,5,5,10
1410,1520,6,6,12
1410,1530,8,6,14
1410,1540,8,6,14
1410,1550,9,6,15
1410,1560,9,6,15
1410,1570,9,8,17
1410,1580,9,8,17
1410,1590,10,8,18
1410,1600,11,9,20
1410,1610,12,9,21
1410,1620,12,9,21
1410,1630,12,9,21
1410,1640,13,10,23
1410,1650,16,13,29
1410,1660,16,14,30
1410,1670,16,14,30
1410,1680,17,15,32
1410,1690,18,15,33
1410,1700,18,15,33
1410,1710,18,16,34
1410,1720,19,16,35
1410,1730,19,16,35
1410,1740,19,17,36
1410,1750,19,17,36
1410,1760,20,17,37
1410,1770,22,17,39
1410,1780,22,17,39
1410,1790,24,18,42
1410,1800,25,18,43
1410,1810,25,19,44
1410,1820,25,19,44
1410,1830,26,20,46
1410,1840,27,20,47
1410,1850,27,20,47
1410,1860,29,21,50
1410,1870,29,21,50
1410,1880,29,21,50
1410,1890,30,21,51
1410,1900,33,21,54
1410,1910,33,21,54
1410,1920,34,22,56
1410,1930,34,23,57
1410,1940,34,24,58
1410,1950,34,25,59
1410,1960,34,25,59
1410,1970,35,26,61
1410,1980,35,28,63
1410,1990,36,28,64
1420,1420,0,0,0
1420,1430,0,1,1
1420,1440,1,1,2
1420,1450,2,2,4
1420,1460,2,2,4
1420,1470,2,3,5
1420,1480,3,3,6
1420,1490,3,3,6
1420,1500,3,5,8
1420,1510,4,5,9
1420,1520,5,6,11
1420,1530,7,6,13
1420,1540,7,6,13
1420,1550,8,6,14
1420,1560,8,6,14
1420,1570,8,8,16
1420,1580,8,8,16
1420,1590,9,8,17
1420,1600,10,9,19
1420,1610,11,9,20
1420,1620,11,9,20
1420,1630,11,9,20
1420,1640,12,10,22
1420,1650,15,13,28
1420,1660,15,14,29
1420,1670,15,14,29
1420,1680,16,15,31
1420,1690,17,15,32
1420,1700,17,15,32
1420,1710,17,16,33
1420,1720,18,16,34
1420,1730,18,16,34
1420,1740,18,17,35
1420,1750,18,17,35
1420,1760,19,17,36
1420,1770,21,17,38
1420,1780,21,17,38
1420,1790,23,18,41
1420,1800,24,18,42
1420,1810,24,19,43
1420,1820,24,19,43
1420,1830,25,20,45
1420,1840,26,20,46
1420,1850,26,20,46
1420,1860,28,21,49
1420,1870,28,21,49
1420,1880,28,21,49
1420,1890,29,21,50
1420,1900,32,21,53
1420,1910,32,21,53
1420,1920,33,22,55
1420,1930,33,23,56
1420,1940,33,24,57
1420,1950,33,25,58
1420,1960,33,25,58
1420,1970,34,26,60
1420,1980,34,28,62
1420,1990,35,28,63
1430,1430,0,1,1
1430,1440,1,1,2
1430,1450,2,2,4
1430,1460,2,2,4
1430,1470,2,3,5
1430,1480,3,3,6
1430,1490,3,3,6
1430,1500,3,5,8
1430,1510,4,5,9
1430,1520,5,6,11
1430,1530,7,6,13
1430,1540,7,6,13
1430,1550,8,6,14
1430,1560,8,6,14
1430,1570,8,8,16
1430,1580,8,8,16
1430,1590,9,8,17
1430,1600,10,9,19
1430,1610,11,9,20
1430,1620,11,9,20
1430,1630,11,9,20
1430,1640,12,10,22
1430,1650,15,13,28
1430,1660,15,14,29
1430,1670,15,14,29
1430,1680,16,15,31
1430,1690,17,15,32
1430,1700,17,15,32
1430,1710,17,16,33
1430,1720,18,16,34
1430,1730,18,16,34
1430,1740,18,17,35
1430,1750,18,17,35
1430,1760,19,17,36
1430,1770,21,17,38
1430,1780,21,17,38
1430,1790,23,18,41
1430,1800,24,18,42
1430,1810,24,19,43
1430,1820,24,19,43
1430,1830,25,20,45
1430,1840,26,20,46
1430,1850,26,20,46
1430,1860,28,21,49
1430,1870,28,21,49
1430,1880,28,21,49
1430,1890,29,21,50
1430,1900,32,21,53
1430,1910,32,21,53
1430,1920,33,22,55
1430,1930,33,23,56
1430,1940,33,24,57
1430,1950,33,25,58
1430,1960,33,25,58
1430,1970,34,26,60
1430,1980,34,28,62
1430,1990,35,28,63
1440,1440,0,0,0
1440,1450,1,1,2
1440,1460,1,1,2
1440,1470,1,2,3
1440,1480,2,2,4
1440,1490,2,2,4
1440,1500,2,4,6
1440,1510,3,4,7
1440,1520,4,5,9
1440,1530,6,5,11
1440,1540,6,5,11
1440,1550,7,5,12
1440,1560,7,5,12
1440,1570,7,7,14
1440,1580,7,7,14
1440,1590,8,7,15
1440,1600,9,8,17
1440,1610,10,8,18
1440,1620,10,8,18
1440,1630,10,8,18
1440,1640,11,9,20
1440,1650,14,12,26
1440,1660,14,13,27
1440,1670,14,13,27
1440,1680,15,14,29
1440,1690,16,14,30
1440,1700,16,14,30
1440,1710,16,15,31
1440,1720,17,15,32
1440,1730,17,15,32
1440,1740,17,16,33
1440,1750,17,16,33
1440,1760,18,16,34
1440,1770,20,16,36
1440,1780,20,16,36
1440,1790,22,17,39
1440,1800,23,17,40
1440,1810,23,18,41
1440,1820,23,18,41
1440,1830,24,19,43
1440,1840,25,19,44
1440,1850,25,19,44
1440,1860,27,20,47
1440,1870,27,20,47
1440,1880,27,20,47
1440,1890,28,20,48
1440,1900,31,20,51
1440,1910,31,20,51
1440,1920,32,21,53
1440,1930,32,22,54
1440,1940,32,23,55
1440,1950,32,24,56
1440,1960,32,24,56
1440,1970,33,25,58
1440,1980,33,27,60
1440,1990,34,27,61
1450,1450,0,0,0
1450,1460,0,0,0
1450,1470,0,1,1
1450,1480,1,1,2
1450,1490,1,1,2
1450,1500,1,3,4
1450,1510,2,3,5
1450,1520,3,4,7
1450,1530,5,4,9
1450,1540,5,4,9
1450,1550,6,4,10
1450,1560,6,4,10
1450,1570,6,6,12
1450,1580,6,6,12
1450,1590,7,6,13
1450,1600,8,7,15
1450,1610,9,7,16
1450,1620,9,7,16
1450,1630,9,7,16
1450,1640,10,8,18
1450,1650,13,11,24
1450,1660,13,12,25
1450,1670,13,12,25
1450,1680,14,13,27
1450,1690,15,13,28
1450,1700,15,13,28
1450,1710,15,14,29
1450,1720,16,14,30
1450,1730,16,14,30
1450,1740,16,15,31
1450,1750,16,15,31
1450,1760,17,15,32
1450,1770,19,15,34
1450,1780,19,15,34
1450,1790,21,16,37
1450,1800,22,16,38
1450,1810,22,17,39
1450,1820,22,17,39
1450,1830,23,18,41
1450,1840,24,18,42
1450,1850,24,18,42
1450,1860,26,19,45
1450,1870,26,19,45
1450,1880,26,19,45
1450,1890,27,19,46
1450,1900,30,19,49
1450,1910,30,19,49
1450,1920,31,20,51
1450,1930,31,21,52
1450,1940,31,22,53
1450,1950,31,23,54
1450,1960,31,23,54
1450,1970,32,24,56
1450,1980,32,26,58
1450,1990,33,26,59
1460,1460,0,0,0
1460,1470,0,1,1
1460,1480,1,1,2
1460,1490,1,1,2
1460,1500,1,3,4
1460,1510,2,3,5
1460,1520,3,4,7
1460,1530,5,4,9
1460,1540,5,4,9
1460,1550,6,4,10
1460,1560,6,4,10
1460,1570,6,6,12
1460,1580,6,6,12
1460,1590,7,6,13
1460,1600,8,7,15
1460,1610,9,7,16
1460,1620,9,7,16
1460,1630,9,7,16
1460,1640,10,8,18
1460,1650,13,11,24
1460,1660,13,12,25
1460,1670,13,12,25
1460,1680,14,13,27
1460,1690,15,13,28
1460,1700,15,13,28
1460,1710,15,14,29
1460,1720,16,14,30
1460,1730,16,14,30
1460,1740,16,15,31
1460,1750,16,15,31
1460,1760,17,15,32
1460,1770,19,15,34
1460,1780,19,15,34
1460,1790,21,16,37
1460,1800,22,16,38
1460,1810,22,17,39
1460,1820,22,17,39
1460,1830,23,18,41
1460,1840,24,18,42
1460,1850,24,18,42
1460,1860,26,19,45
1460,1870,26,19,45
1460,1880,26,19,45
1460,1890,27,19,46
1460,1900,30,19,49
1460,1910,30,19,49
1460,1920,31,20,51
1460,1930,31,21,52
1460,1940,31,22,53
1460,1950,31,23,54
1460,1960,31,23,54
1460,1970,32,24,56
1460,1980,32,26,58
1460,1990,33,26,59
1470,1470,0,0,0
1470,1480,1,0,1
1470,1490,1,0,1
1470,1500,1,2,3
1470,1510,2,2,4
1470,1520,3,3,6
1470,1530,5,3,8
1470,1540,5,3,8
1470,1550,6,3,9
1470,1560,6,3,9
1470,1570,6,5,11
1470,1580,6,5,11
1470,1590,7,5,12
1470,1600,8,6,14
1470,1610,9,6,15
1470,1620,9,6,15
1470,1630,9,6,15
1470,1640,10,7,17
1470,1650,13,10,23
1470,1660,13,11,24
1470,1670,13,11,24
1470,1680,14,12,26
1470,1690,15,12,27
1470,1700,15,12,27
1470,1710,15,13,28
1470,1720,16,13,29
1470,1730,16,13,29
1470,1740,16,14,30
1470,1750,16,14,30
1470,1760,17,14,31
1470,1770,19,14,33
1470,1780,19,14,33
1470,1790,21,15,36
1470,1800,22,15,37
1470,1810,22,16,38
1470,1820,22,16,38
1470,1830,23,17,40
1470,1840,24,17,41
1470,1850,24,17,41
1470,1860,26,18,44
1470,1870,26,18,44
1470,1880,26,18,44
1470,1890,27,18,45
1470,1900,30,18,48
1470,1910,30,18,48
1470,1920,31,19,50
1470,1930,31,20,51
1470,1940,31,21,52
1470,1950,31,22,53
1470,1960,31,22,53
1470,1970,32,23,55
1470,1980,32,25,57
1470,1990,33,25,58
1480,1480,0,0,0
1480,1490,0,0,0
1480,1500,0,2,2
1480,1510,1,2,3
1480,1520,2,3,5
1480,1530,4,3,7
1480,1540,4,3,7
1480,1550,5,3,8
1480,1560,5,3,8
1480,1570,5,5,10
1480,1580,5,5,10
1480,1590,6,5,11
1480,1600,7,6,13
1480,1610,8,6,14
1480,1620,8,6,14
1480,1630,8,6,14
1480,1640,9,7,16
1480,1650,12,10,22
1480,1660,12,11,23
1480,1670,12,11,23
1480,1680,13,12,25
1480,1690,14,12,26
1480,1700,14,12,26
1480,1710,14,13,27
1480,1720,15,13,28
1480,1730,15,13,28
1480,1740,15,14,29
1480,1750,15,14,29
1480,1760,16,14,30
1480,1770,18,14,32
1480,1780,18,14,32
1480,1790,20,15,35
1480,1800,21,15,36
1480,1810,21,16,37
1480,1820,21,16,37
1480,1830,22,17,39
1480,1840,23,17,40
1480,1850,23,17,40
1480,1860,25,18,43
1480,1870,25,18,43
1480,1880,25,18,43
1480,1890,26,18,44
1480,1900,29,18,47
1480,1910,29,18,47
1480,1920,30,19,49
1480,1930,30,20,50
1480,1940,30,21,51
1480,1950,30,22,52
1480,1960,30,22,52
1480,1970,31,23,54
1480,1980,31,25,56
1480,1990,32,25,57
1490,1490,0,0,0
1490,1500,0,2,2
1490,1510,1,2,3
1490,1520,2,3,5
1490,1530,4,3,7
1490,1540,4,3,7
1490,1550,5,3,8
1490,1560,5,3,8
1490,1570,5,5,10
1490,1580,5,5,10
1490,1590,6,5,11
1490,1600,7,6,13
1490,1610,8,6,14
1490,1620,8,6,14
1490,1630,8,6,14
1490,1640,9,7,16
1490,1650,12,10,22
1490,1660,12,11,23
1490,1670,12,11,23
1490,1680,13,12,25
1490,1690,14,12,26
1490,1700,14,12,26
1490,1710,14,13,27
1490,1720,15,13,28
1490,1730,15,13,28
1490,1740,15,14,29
1490,1750,15,14,29
1490,1760,16,14,30
1490,1770,18,14,32
1490,1780,18,14,32
1490,1790,20,15,35
1490,1800,21,15,36
1490,1810,21,16,37
1490,1820,21,16,37
1490,1830,22,17,39
1490,1840,23,17,40
1490,1850,23,17,40
1490,1860,25,18,43
1490,1870,25,18,43
1490,1880,25,18,43
1490,1890,26,18,44
1490,1900,29,18,47
1490,1910,29,18,47
1490,1920,30,19,49
1490,1930,30,20,50
1490,1940,30,21,51
1490,1950,30,22,52
1490,1960,30,22,52
1490,1970,31,23,54
1490,1980,31,25,56
1490,1990,32,25,57
1500,1500,0,0,0
1500,1510,1,0,1
1500,1520,2,1,3
1500,1530,4,1,5
1500,1540,4,1,5
1500,1550,5,1,6
1500,1560,5,1,6
1500,1570,5,3,8
1500,1580,5,3,8
1500,1590,6,3,9
1500,1600,7,4,11
1500,1610,8,4,12
1500,1620,8,4,12
1500,1630,8,4,12
1500,1640,9,5,14
1500,1650,12,8,20
1500,1660,12,9,21
1500,1670,12,9,21
1500,1680,13,10,23
1500,1690,14,10,24
1500,1700,14,10,24
1500,1710,14,11,25
1500,1720,15,11,26
1500,1730,15,11,26
1500,1740,15,12,27
1500,1750,15,12,27
1500,1760,16,12,28
1500,1770,18,12,30
1500,1780,18,12,30
1500,1790,20,13,33
1500,1800,21,13,34
1500,1810,21,14,35
1500,1820,21,14,35
1500,1830,22,15,37
1500,1840,23,15,38
1500,1850,23,15,38
1500,1860,25,16,41
1500,1870,25,16,41
1500,1880,25,16,41
1500,1890,26,16,42
1500,1900,29,16,45
1500,1910,29,16,45
1500,1920,30,17,47
1500,1930,30,18,48
1500,1940,30,19,49
1500,1950,30,20,50
1500,1960,30,20,50
1500,1970,31,21,52
1500,1980,31,23,54
1500,1990,32,23,55
1510,1510,0,0,0
1510,1520,1,1,2
1510,1530,3,1,4
1510,1540,3,1,4
1510,1550,4,1,5
1510,1560,4,1,5
1510,1570,4,3,7
1510,1580,4,3,7
1510,1590,5,3,8
1510,1600,6,4,10
1510,1610,7,4,11
1510,1620,7,4,11
1510,1630,7,4,11
1510,1640,8,5,13
1510,1650,11,8,19
1510,1660,11,9,20
1510,1670,11,9,20
1510,1680,12,10,22
1510,1690,13,10,23
1510,1700,13,10,23
1510,1710,13,11,24
1510,1720,14,11,25
1510,1730,14,11,25
1510,1740,14,12,26
1510,1750,14,12,26
1510,1760,15,12,27
1510,1770,17,12,29
1510,1780,17,12,29
1510,1790,19,13,32
1510,1800,20,13,33
1510,1810,20,14,34
1510,1820,20,14,34
1510,1830,21,15,36
1510,1840,22,15,37
1510,1850,22,15,37
1510,1860,24,16,40
1510,1870,24,16,40
1510,1880,24,16,40
1510,1890,25,16,41
1510,1900,28,16,44
1510,1910,28,16,44
1510,1920,29,17,46
1510,1930,29,18,47
1510,1940,29,19,48
1510,1950,29,20,49
1510,1960,29,20,49
1510,1970,30,21,51
1510,1980,30,23,53
1510,1990,31,23,54
1520,1520,0,0,0
1520,1530,2,0,2
1520,1540,2,0,2
1520,1550,3,0,3
1520,1560,3,0,3
1520,1570,3,2,5
1520,1580,3,2,5
1520,1590,4,2,6
1520,1600,5,3,8
1520,1610,6,3,9
1520,1620,6,3,9
1520,1630,6,3,9
1520,1640,7,4,11
1520,1650,10,7,17
1520,1660,10,8,18
1520,1670,10,8,18
1520,1680,11,9,20
1520,1690,12,9,21
1520,1700,12,9,21
1520,1710,12,10,22
1520,1720,13,10,23
1520,1730,13,10,23
1520,1740,13,11,24
1520,1750,13,11,24
1520,1760,14,11,25
1520,1770,16,11,27
1520,1780,16,11,27
1520,1790,18,12,30
1520,1800,19,12,31
1520,1810,19,13,32
1520,1820,19,13,32
1520,1830,20,14,34
1520,1840,21,14,35
1520,1850,21,14,35
1520,1860,23,15,38
1520,1870,23,15,38
1520,1880,23,15,38
1520,1890,24,15,39
1520,1900,27,15,42
1520,1910,27,15,42
1520,1920,28,16,44
1520,1930,28,17,45
1520,1940,28,18,46
1520,1950,28,19,47
1520,1960,28,19,47
1520,1970,29,20,49
1520,1980,29,22,51
1520,1990,30,22,52
1530,1530,0,0,0
1530,1540,0,0,0
1530,1550,1,0,1
1530,1560,1,0,1
1530,1570,1,2,3
1530,1580,1,2,3
1530,1590,2,2,4
1530,1600,3,3,6
1530,1610,4,3,7
1530,1620,4,3,7
1530,1630,4,3,7
1530,1640,5,4,9
1530,1650,8,7,15
1530,1660,8,8,16
1530,1670,8,8,16
1530,1680,9,9,18
1530,1690,10,9,19
1530,1700,10,9,19
1530,1710,10,10,20
1530,1720,11,10,21
1530,1730,11,10,21
1530,1740,11,11,22
1530,1750,11,11,22
1530,1760,12,11,23
1530,1770,14,11,25
1530,1780,14,11,25
1530,1790,16,12,28
1530,1800,17,12,29
1530,1810,17,13,30
1530,1820,17,13,30
1530,1830,18,14,32
1530,1840,19,14,33
1530,1850,19,14,33
1530,1860,21,15,36
1530,1870,21,15,36
1530,1880,21,15,36
1530,1890,22,15,37
1530,1900,25,15,40
1530,1910,25,15,40
1530,1920,26,16,42
1530,1930,26,17,43
1530,1940,26,18,44
1530,1950,26,19,45
1530,1960,26,19,45
1530,1970,27,20,47
1530,1980,27,22,49
1530,1990,28,22,50
1540,1540,0,0,0
1540,1550,1,0,1
1540,1560,1,0,1
1540,1570,1,2,3
1540,1580,1,2,3
1540,1590,2,2,4
1540,1600,3,3,6
1540,1610,4,3,7
1540,1620,4,3,7
1540,1630,4,3,7
1540,1640,5,4,9
1540,1650,8,7,15
1540,1660,8,8,16
1540,1670,8,8,16
1540,1680,9,9,18
1540,1690,10,9,19
1540,1700,10,9,19
1540,1710,10,10,20
1540,1720,11,10,21
1540,1730,11,10,21
1540,1740,11,11,22
1540,1750,11,11,22
1540,1760,12,11,23
1540,1770,14,11,25
1540,1780,14,11,25
1540,1790,16,12,28
1540,1800,17,12,29
1540,1810,17,13,30
1540,1820,17,13,30
1540,1830,18,14,32
1540,1840,19,14,33
1540,1850,19,14,33
1540,1860,21,15,36
1540,1870,21,15,36
1540,1880,21,15,36
1540,1890,22,15,37
1540,1900,25,15,40
1540,1910,25,15,40
1540,1920,26,16,42
1540,1930,26,17,43
1540,1940,26,18,44
1540,1950,26,19,45
1540,1960,26,19,45
1540,1970,27,20,47
1540,1980,27,22,49
1540,1990,28,22,50
1550,1550,0,0,0
1550,1560,0,0,0
1550,1570,0,2,2
1550,1580,0,2,2
1550,1590,1,2,3
1550,1600,2,3,5
1550,1610,3,3,6
1550,1620,3,3,6
1550,1630,3,3,6
1550,1640,4,4,8
1550,1650,7,7,14
1550,1660,7,8,15
1550,1670,7,8,15
1550,1680,8,9,17
1550,1690,9,9,18
1550,1700,9,9,18
1550,1710,9,10,19
1550,1720,10,10,20
1550,1730,10,10,20
1550,1740,10,11,21
1550,1750,10,11,21
1550,1760,11,11,22
1550,1770,13,11,24
1550,1780,13,11,24
1550,1790,15,12,27
1550,1800,16,12,28
1550,1810,16,13,29
1550,1820,16,13,29
1550,1830,17,14,31
1550,1840,18,14,32
1550,1850,18,14,32
1550,1860,20,15,35
1550,1870,20,15,35
1550,1880,20,15,35
1550,1890,21,15,36
1550,1900,24,15,39
1550,1910,24,15,39
1550,1920,25,16,41
1550,1930,25,17,42
1550,1940,25,18,43
1550,1950,25,19,44
1550,1960,25,19,44
1550,1970,26,20,46
1550,1980,26,22,48
1550,1990,27,22,49
1560,1560,0,0,0
1560,1570,0,2,2
1560,1580,0,2,2
1560,1590,1,2,3
1560,1600,2,3,5
1560,1610,3,3,6
1560,1620,3,3,6
1560,1630,3,3,6
1560,1640,4,4,8
1560,1650,7,7,14
1560,1660,7,8,15
1560,1670,7,8,15
1560,1680,8,9,17
1560,1690,9,9,18
1560,1700,9,9,18
1560,1710,9,10,19
1560,1720,10,10,20
1560,1730,10,10,20
1560,1740,10,11,21
1560,1750,10,11,21
1560,1760,11,11,22
1560,1770,13,11,24
1560,1780,13,11,24
1560,1790,15,12,27
1560,1800,16,12,28
1560,1810,16,13,29
1560,1820,16,13,29
1560,1830,17,14,31
1560,1840,18,14,32
1560,1850,18,14,32
1560,1860,20,15,35
1560,1870,20,15,35
1560,1880,20,15,35
1560,1890,21,15,36
1560,1900,24,15,39
1560,1910,24,15,39
1560,1920,25,16,41
1560,1930,25,17,42
1560,1940,25,18,43
1560,1950,25,19,44
1560,1960,25,19,44
1560,1970,26,20,46
1560,1980,26,22,48
1560,1990,27,22,49
1570,1570,0,0,0
1570,1580,0,0,0
1570,1590,1,0,1
1570,1600,2,1,3
1570,1610,3,1,4
1570,1620,3,1,4
1570,1630,3,1,4
1570,1640,4,2,6
1570,1650,7,5,12
1570,1660,7,6,13
1570,1670,7,6,13
1570,1680,8,7,15
1570,1690,9,7,16
1570,1700,9,7,16
1570,1710,9,8,17
1570,1720,10,8,18
1570,1730,10,8,18
1570,1740,10,9,19
1570,1750,10,9,19
1570,1760,11,9,20
1570,1770,13,9,22
1570,1780,13,9,22
1570,1790,15,10,25
1570,1800,16,10,26
1570,1810,16,11,27
1570,1820,16,11,27
1570,1830,17,12,29
1570,1840,18,12,30
1570,1850,18,12,30
1570,1860,20,13,33
1570,1870,20,13,33
1570,1880,20,13,33
1570,1890,21,13,34
1570,1900,24,13,37
1570,1910,24,13,37
1570,1920,25,14,39
1570,1930,25,15,40
1570,1940,25,16,41
1570,1950,25,17,42
1570,1960,25,17,42
1570,1970,26,18,44
1570,1980,26,20,46
1570,1990,27,20,47
1580,1580,0,0,0
1580,1590,1,0,1
1580,1600,2,1,3
1580,1610,3,1,4
1580,1620,3,1,4
1580,1630,3,1,4
1580,1640,4,2,6
1580,1650,7,5,12
1580,1660,7,6,13
1580,1670,7,6,13
1580,1680,8,7,15
1580,1690,9,7,16
1580,1700,9,7,16
1580,1710,9,8,17
1580,1720,10,8,18
1580,1730,10,8,18
1580,1740,10,9,19
1580,1750,10,9,19
1580,1760,11,9,20
1580,1770,13,9,22
1580,1780,13,9,22
1580,1790,15,10,25
1580,1800,16,10,26
1580,1810,16,11,27
1580,1820,16,11,27
1580,1830,17,12,29
1580,1840,18,12,30
1580,1850,18,12,30
1580,1860,20,13,33
1580,1870,20,13,33
1580,1880,20,13,33
1580,1890,21,13,34
1580,1900,24,13,37
1580,1910,24,13,37
1580,1920,25,14,39
1580,1930,25,15,40
1580,1940,25,16,41
1580,1950,25,17,42
1580,1960,25,17,42
1580,1970,26,18,44
1580,1980,26,20,46
1580,1990,27,20,47
1590,1590,0,0,0
1590,1600,1,1,2
1590,1610,2,1,3
1590,1620,2,1,3
1590,1630,2,1,3
1590,1640,3,2,5
1590,1650,6,5,11
1590,1660,6,6,12
1590,1670,6,6,12
1590,1680,7,7,14
1590,1690,8,7,15
1590,1700,8,7,15
1590,1710,8,8,16
1590,1720,9,8,17
1590,1730,9,8,17
1590,1740,9,9,18
1590,1750,9,9,18
1590,1760,10,9,19
1590,1770,12,9,21
1590,1780,12,9,21
1590,1790,14,10,24
1590,1800,15,10,25
1590,1810,15,11,26
1590,1820,15,11,26
1590,1830,16,12,28
1590,1840,17,12,29
1590,1850,17,12,29
1590,1860,19,13,32
1590,1870,19,13,32
1590,1880,19,13,32
1590,1890,20,13,33
1590,1900,23,13,36
1590,1910,23,13,36
1590,1920,24,14,38
1590,1930,24,15,39
1590,1940,24,16,40
1590,1950,24,17,41
1590,1960,24,17,41
1590,1970,25,18,43
1590,1980,25,20,45
1590,1990,26,20,46
1600,1600,0,0,0
1600,1610,1,0,1
1600,1620,1,0,1
1600,1630,1,0,1
1600,1640,2,1,3
1600,1650,5,4,9
1600,1660,5,5,10
1600,1670,5,5,10
1600,1680,6,6,12
1600,1690,7,6,13
1600,1700,7,6,13
1600,1710,7,7,14
1600,1720,8,7,15
1600,1730,8,7,15
1600,1740,8,8,16
1600,1750,8,8,16
1600,1760,9,8,17
1600,1770,11,8,19
1600,1780,11,8,19
1600,1790,13,9,22
1600,1800,14,9,23
1600,1810,14,10,24
1600,1820,14,10,24
1600,1830,15,11,26
1600,1840,16,11,27
1600,1850,16,11,27
1600,1860,18,12,30
1600,1870,18,12,30
1600,1880,18,12,30
1600,1890,19,12,31
1600,1900,22,12,34
1600,1910,22,12,34
1600,1920,23,13,36
1600,1930,23,14,37
1600,1940,23,15,38
1600,1950,23,16,39
1600,1960,23,16,39
1600,1970,24,17,41
1600,1980,24,19,43
1600,1990,25,19,44
1610,1610,0,0,0
1610,1620,0,0,0
1610,1630,0,0,0
1610,1640,1,1,2
1610,1650,4,4,8
1610,1660,4,5,9
1610,1670,4,5,9
1610,1680,5,6,11
1610,1690,6,6,12
1610,1700,6,6,12
1610,1710,6,7,13
1610,1720,7,7,14
1610,1730,7,7,14
1610,1740,7,8,15
1610,1750,7,8,15
1610,1760,8,8,16
1610,1770,10,8,18
1610,1780,10,8,18
1610,1790,12,9,21
1610,1800,13,9,22
1610,1810,13,10,23
1610,1820,13,10,23
1610,1830,14,11,25
1610,1840,15,11,26
1610,1850,15,11,26
1610,1860,17,12,29
1610,1870,17,12,29
1610,1880,17,12,29
1610,1890,18,12,30
1610,1900,21,12,33
1610,1910,21,12,33
1610,1920,22,13,35
1610,1930,22,14,36
1610,1940,22,15,37
1610,1950,22,16,38
1610,1960,22,16,38
1610,1970,23,17,40
1610,1980,23,19,42
1610,1990,24,19,43
1620,1620,0,0,0
1620,1630,0,0,0
1620,1640,1,1,2
1620,1650,4,4,8
1620,1660,4,5,9
1620,1670,4,5,9
1620,1680,5,6,11
1620,1690,6,6,12
1620,1700,6,6,12
1620,1710,6,7,13
1620,1720,7,7,14
1620,1730,7,7,14
1620,1740,7,8,15
1620,1750,7,8,15
1620,1760,8,8,16
1620,1770,10,8,18
1620,1780,10,8,18
1620,1790,12,9,21
1620,1800,13,9,22
1620,1810,13,10,23
1620,1820,13,10,23
1620,1830,14,11,25
1620,1840,15,11,26
1620,1850,15,11,26
1620,1860,17,12,29
1620,1870,17,12,29
1620,1880,17,12,29
1620,1890,18,12,30
1620,1900,21,12,33
1620,1910,21,12,33
1620,1920,22,13,35
1620,1930,22,14,36
1620,1940,22,15,37
1620,1950,22,16,38
1620,1960,22,16,38
1620,1970,23,17,40
1620,1980,23,19,42
1620,1990,24,19,43
1630,1630,0,0,0
1630,1640,1,1,2
1630,1650,4,4,8
1630,1660,4,5,9
1630,1670,4,5,9
1630,1680,5,6,11
1630,1690,6,6,12
1630,1700,6,6,12
1630,1710,6,7,13
1630,1720,7,7,14
1630,1730,7,7,14
1630,1740,7,8,15
1630,1750,7,8,15
1630,1760,8,8,16
1630,1770,10,8,18
1630,1780,10,8,18
1630,1790,12,9,21
1630,1800,13,9,22
1630,1810,13,10,23
1630,1820,13,10,23
1630,1830,14,11,25
1630,1840,15,11,26
1630,1850,15,11,26
1630,1860,17,12,29
1630,1870,17,12,29
1630,1880,17,12,29
1630,1890,18,12,30
1630,1900,21,12,33
1630,1910,21,12,33
1630,1920,22,13,35
1630,1930,22,14,36
1630,1940,22,15,37
1630,1950,22,16,38
1630,1960,22,16,38
1630,1970,23,17,40
1630,1980,23,19,42
1630,1990,24,19,43
1640,1640,1,0,1
1640,1650,4,3,7
1640,1660,4,4,8
1640,1670,4,4,8
1640,1680,5,5,10
1640,1690,6,5,11
1640,1700,6,5,11
1640,1710,6,6,12
1640,1720,7,6,13
1640,1730,7,6,13
1640,1740,7,7,14
1640,1750,7,7,14
1640,1760,8,7,15
1640,1770,10,7,17
1640,1780,10,7,17
1640,1790,12,8,20
1640,1800,13,8,21
1640,1810,13,9,22
1640,1820,13,9,22
1640,1830,14,10,24
1640,1840,15,10,25
1640,1850,15,10,25
1640,1860,17,11,28
1640,1870,17,11,28
1640,1880,17,11,28
1640,1890,18,11,29
1640,1900,21,11,32
1640,1910,21,11,32
1640,1920,22,12,34
1640,1930,22,13,35
1640,1940,22,14,36
1640,1950,22,15,37
1640,1960,22,15,37
1640,1970,23,16,39
1640,1980,23,18,41
1640,1990,24,18,42
1650,1650,1,0,1
1650,1660,1,1,2
1650,1670,1,1,2
1650,1680,2,2,4
1650,1690,3,2,5
1650,1700,3,2,5
1650,1710,3,3,6
1650,1720,4,3,7
1650,1730,4,3,7
1650,1740,4,4,8
1650,1750,4,4,8
1650,1760,5,4,9
1650,1770,7,4,11
1650,1780,7,4,11
1650,1790,9,5,14
1650,1800,10,5,15
1650,1810,10,6,16
1650,1820,10,6,16
1650,1830,11,7,18
1650,1840,12,7,19
1650,1850,12,7,19
1650,1860,14,8,22
1650,1870,14,8,22
1650,1880,14,8,22
1650,1890,15,8,23
1650,1900,18,8,26
1650,1910,18,8,26
1650,1920,19,9,28
1650,1930,19,10,29
1650,1940,19,11,30
1650,1950,19,12,31
1650,1960,19,12,31
1650,1970,20,13,33
1650,1980,20,15,35
1650,1990,21,15,36
1660,1660,0,1,1
1660,1670,0,1,1
1660,1680,1,2,3
1660,1690,2,2,4
1660,1700,2,2,4
1660,1710,2,3,5
1660,1720,3,3,6
1660,1730,3,3,6
1660,1740,3,4,7
1660,1750,3,4,7
1660,1760,4,4,8
1660,1770,6,4,10
1660,1780,6,4,10
1660,1790,8,5,13
1660,1800,9,5,14
1660,1810,9,6,15
1660,1820,9,6,15
1660,1830,10,7,17
1660,1840,11,7,18
1660,1850,11,7,18
1660,1860,13,8,21
1660,1870,13,8,21
1660,1880,13,8,21
1660,1890,14,8,22
1660,1900,17,8,25
1660,1910,17,8,25
1660,1920,18,9,27
1660,1930,18,10,28
1660,1940,18,11,29
1660,1950,18,12,30
1660,1960,18,12,30
1660,1970,19,13,32
1660,1980,19,15,34
1660,1990,20,15,35
1670,1670,0,0,0
1670,1680,1,1,2
1670,1690,2,1,3
1670,1700,2,1,3
1670,1710,2,2,4
1670,1720,3,2,5
1670,1730,3,2,5
1670,1740,3,3,6
1670,1750,3,3,6
1670,1760,4,3,7
1670,1770,6,3,9
1670,1780,6,3,9
1670,1790,8,4,12
1670,1800,9,4,13
1670,1810,9,5,14
1670,1820,9,5,14
1670,1830,10,6,16
1670,1840,11,6,17
1670,1850,11,6,17
1670,1860,13,7,20
1670,1870,13,7,20
1670,1880,13,7,20
1670,1890,14,7,21
1670,1900,17,7,24
1670,1910,17,7,24
1670,1920,18,8,26
1670,1930,18,9,27
1670,1940,18,10,28
1670,1950,18,11,29
1670,1960,18,11,29
1670,1970,19,12,31
1670,1980,19,14,33
1670,1990,20,14,34
1680,1680,0,1,1
1680,1690,1,1,2
1680,1700,1,1,2
1680,1710,1,2,3
1680,1720,2,2,4
1680,1730,2,2,4
1680,1740,2,3,5
1680,1750,2,3,5
1680,1760,3,3,6
1680,1770,5,3,8
1680,1780,5,3,8
1680,1790,7,4,11
1680,1800,8,4,12
1680,1810,8,5,13
1680,1820,8,5,13
1680,1830,9,6,15
1680,1840,10,6,16
1680,1850,10,6,16
1680,1860,12,7,19
1680,1870,12,7,19
1680,1880,12,7,19
1680,1890,13,7,20
1680,1900,16,7,23
1680,1910,16,7,23
1680,1920,17,8,25
1680,1930,17,9,26
1680,1940,17,10,27
1680,1950,17,11,28
1680,1960,17,11,28
1680,1970,18,12,30
1680,1980,18,14,32
1680,1990,19,14,33
1690,1690,0,0,0
1690,1700,0,0,0
1690,1710,0,1,1
1690,1720,1,1,2
1690,1730,1,1,2
1690,1740,1,2,3
1690,1750,1,2,3
1690,1760,2,2,4
1690,1770,4,2,6
1690,1780,4,2,6
1690,1790,6,3,9
1690,1800,7,3,10
1690,1810,7,4,11
1690,1820,7,4,11
1690,1830,8,5,13
1690,1840,9,5,14
1690,1850,9,5,14
1690,1860,11,6,17
1690,1870,11,6,17
1690,1880,11,6,17
1690,1890,12,6,18
1690,1900,15,6,21
1690,1910,15,6,21
1690,1920,16,7,23
1690,1930,16,8,24
1690,1940,16,9,25
1690,1950,16,10,26
1690,1960,16,10,26
1690,1970,17,11,28
1690,1980,17,13,30
1690,1990,18,13,31
1700,1700,0,0,0
1700,1710,0,1,1
1700,1720,1,1,2
1700,1730,1,1,2
1700,1740,1,2,3
1700,1750,1,2,3
1700,1760,2,2,4
1700,1770,4,2,6
1700,1780,4,2,6
1700,1790,6,3,9
1700,1800,7,3,10
1700,1810,7,4,11
1700,1820,7,4,11
1700,1830,8,5,13
1700,1840,9,5,14
1700,1850,9,5,14
1700,1860,11,6,17
1700,1870,11,6,17
1700,1880,11,6,17
1700,1890,12,6,18
1700,1900,15,6,21
1700,1910,15,6,21
1700,1920,16,7,23
1700,1930,16,8,24
1700,1940,16,9,25
1700,1950,16,10,26
1700,1960,16,10,26
1700,1970,17,11,28
1700,1980,17,13,30
1700,1990,18,13,31
1710,1710,0,0,0
1710,1720,1,0,1
1710,1730,1,0,1
1710,1740,1,1,2
1710,1750,1,1,2
1710,1760,2,1,3
1710,1770,4,1,5
1710,1780,4,1,5
1710,1790,6,2,8
1710,1800,7,2,9
1710,1810,7,3,10
1710,1820,7,3,10
1710,1830,8,4,12
1710,1840,9,4,13
1710,1850,9,4,13
1710,1860,11,5,16
1710,1870,11,5,16
1710,1880,11,5,16
1710,1890,12,5,17
1710,1900,15,5,20
1710,1910,15,5,20
1710,1920,16,6,22
1710,1930,16,7,23
1710,1940,16,8,24
1710,1950,16,9,25
1710,1960,16,9,25
1710,1970,17,10,27
1710,1980,17,12,29
1710,1990,18,12,30
1720,1720,0,0,0
1720,1730,0,0,0
1720,1740,0,1,1
1720,1750,0,1,1
1720,1760,1,1,2
1720,1770,3,1,4
1720,1780,3,1,4
1720,1790,5,2,7
1720,1800,6,2,8
1720,1810,6,3,9
1720,1820,6,3,9
1720,1830,7,4,11
1720,1840,8,4,12
1720,1850,8,4,12
1720,1860,10,5,15
1720,1870,10,5,15
1720,1880,10,5,15
1720,1890,11,5,16
1720,1900,14,5,19
1720,1910,14,5,19
1720,1920,15,6,21
1720,1930,15,7,22
1720,1940,15,8,23
1720,1950,15,9,24
1720,1960,15,9,24
1720,1970,16,10,26
1720,1980,16,12,28
1720,1990,17,12,29
1730,1730,0,0,0
1730,1740,0,1,1
1730,1750,0,1,1
1730,1760,1,1,2
1730,1770,3,1,4
1730,1780,3,1,4
1730,1790,5,2,7
1730,1800,6,2,8
1730,1810,6,3,9
1730,1820,6,3,9
1730,1830,7,4,11
1730,1840,8,4,12
1730,1850,8,4,12
1730,1860,10,5,15
1730,1870,10,5,15
1730,1880,10,5,15
1730,1890,11,5,16
1730,1900,14,5,19
1730,1910,14,5,19
1730,1920,15,6,21
1730,1930,15,7,22
1730,1940,15,8,23
1730,1950,15,9,24
1730,1960,15,9,24
1730,1970,16,10,26
1730,1980,16,12,28
1730,1990,17,12,29
1740,1740,0,0,0
1740,1750,0,0,0
1740,1760,1,0,1
1740,1770,3,0,3
1740,1780,3,0,3
1740,1790,5,1,6
1740,1800,6,1,7
1740,1810,6,2,8
1740,1820,6,2,8
1740,1830,7,3,10
1740,1840,8,3,11
1740,1850,8,3,11
1740,1860,10,4,14
1740,1870,10,4,14
1740,1880,10,4,14
1740,1890,11,4,15
1740,1900,14,4,18
1740,1910,14,4,18
1740,1920,15,5,20
1740,1930,15,6,21
1740,1940,15,7,22
1740,1950,15,8,23
1740,1960,15,8,23
1740,1970,16,9,25
1740,1980,16,11,27
1740,1990,17,11,28
1750,1750,0,0,0
1750,1760,1,0,1
1750,1770,3,0,3
1750,1780,3,0,3
1750,1790,5,1,6
1750,1800,6,1,7
1750,1810,6,2,8
1750,1820,6,2,8
1750,1830,7,3,10
1750,1840,8,3,11
1750,1850,8,3,11
1750,1860,10,4,14
1750,1870,10,4,14
1750,1880,10,4,14
1750,1890,11,4,15
1750,1900,14,4,18
1750,1910,14,4,18
1750,1920,15,5,20
1750,1930,15,6,21
1750,1940,15,7,22
1750,1950,15,8,23
1750,1960,15,8,23
1750,1970,16,9,25
1750,1980,16,11,27
1750,1990,17,11,28
1760,1760,0,0,0
1760,1770,2,0,2
1760,1780,2,0,2
1760,1790,4,1,5
1760,1800,5,1,6
1760,1810,5,2,7
1760,1820,5,2,7
1760,1830,6,3,9
1760,1840,7,3,10
1760,1850,7,3,10
1760,1860,9,4,13
1760,1870,9,4,13
1760,1880,9,4,13
1760,1890,10,4,14
1760,1900,13,4,17
1760,1910,13,4,17
1760,1920,14,5,19
1760,1930,14,6,20
1760,1940,14,7,21
1760,1950,14,8,22
1760,1960,14,8,22
1760,1970,15,9,24
1760,1980,15,11,26
1760,1990,16,11,27
1770,1770,0,0,0
1770,1780,0,0,0
1770,1790,2,1,3
1770,1800,3,1,4
1770,1810,3,2,5
1770,1820,3,2,5
1770,1830,4,3,7
1770,1840,5,3,8
1770,1850,5,3,8
1770,1860,7,4,11
1770,1870,7,4,11
1770,1880,7,4,11
1770,1890,8,4,12
1770,1900,11,4,15
1770,1910,11,4,15
1770,1920,12,5,17
1770,1930,12,6,18
1770,1940,12,7,19
1770,1950,12,8,20
1770,1960,12,8,20
1770,1970,13,9,22
1770,1980,13,11,24
1770,1990,14,11,25
1780,1780,0,0,0
1780,1790,2,1,3
1780,1800,3,1,4
1780,1810,3,2,5
1780,1820,3,2,5
1780,1830,4,3,7
1780,1840,5,3,8
1780,1850,5,3,8
1780,1860,7,4,11
1780,1870,7,4,11
1780,1880,7,4,11
1780,1890,8,4,12
1780,1900,11,4,15
1780,1910,11,4,15
1780,1920,12,5,17
1780,1930,12,6,18
1780,1940,12,7,19
1780,1950,12,8,20
1780,1960,12,8,20
1780,1970,13,9,22
1780,1980,13,11,24
1780,1990,14,11,25
1790,1790,0,0,0
1790,1800,1,0,1
1790,1810,1,1,2
1790,1820,1,1,2
1790,1830,2,2,4
1790,1840,3,2,5
1790,1850,3,2,5
1790,1860,5,3,8
1790,1870,5,3,8
1790,1880,5,3,8
1790,1890,6,3,9
1790,1900,9,3,12
1790,1910,9,3,12
1790,1920,10,4,14
1790,1930,10,5,15
1790,1940,10,6,16
1790,1950,10,7,17
1790,1960,10,7,17
1790,1970,11,8,19
1790,1980,11,10,21
1790,1990,12,10,22
1800,1800,0,0,0
1800,1810,0,1,1
1800,1820,0,1,1
1800,1830,1,2,3
1800,1840,2,2,4
1800,1850,2,2,4
1800,1860,4,3,7
1800,1870,4,3,7
1800,1880,4,3,7
1800,1890,5,3,8
1800,1900,8,3,11
1800,1910,8,3,11
1800,1920,9,4,13
1800,1930,9,5,14
1800,1940,9,6,15
1800,1950,9,7,16
1800,1960,9,7,16
1800,1970,10,8,18
1800,1980,10,10,20
1800,1990,11,10,21
1810,1810,0,0,0
1810,1820,0,0,0
1810,1830,1,1,2
1810,1840,2,1,3
1810,1850,2,1,3
1810,1860,4,2,6
1810,1870,4,2,6
1810,1880,4,2,6
1810,1890,5,2,7
1810,1900,8,2,10
1810,1910,8,2,10
1810,1920,9,3,12
1810,1930,9,4,13
1810,1940,9,5,14
1810,1950,9,6,15
1810,1960,9,6,15
1810,1970,10,7,17
1810,1980,10,9,19
1810,1990,11,9,20
1820,1820,0,0,0
1820,1830,1,1,2
1820,1840,2,1,3
1820,1850,2,1,3
1820,1860,4,2,6
1820,1870,4,2,6
1820,1880,4,2,6
1820,1890,5,2,7
1820,1900,8,2,10
1820,1910,8,2,10
1820,1920,9,3,12
1820,1930,9,4,13
1820,1940,9,5,14
1820,1950,9,6,15
1820,1960,9,6,15
1820,1970,10,7,17
1820,1980,10,9,19
1820,1990,11,9,20
1830,1830,0,0,0
1830,1840,1,0,1
1830,1850,1,0,1
1830,1860,3,1,4
1830,1870,3,1,4
1830,1880,3,1,4
1830,1890,4,1,5
1830,1900,7,1,8
1830,1910,7,1,8
1830,1920,8,2,10
1830,1930,8,3,11
1830,1940,8,4,12
1830,1950,8,5,13
1830,1960,8,5,13
1830,1970,9,6,15
1830,1980,9,8,17
1830,1990,10,8,18
1840,1840,0,0,0
1840,1850,0,0,0
1840,1860,2,1,3
1840,1870,2,1,3
1840,1880,2,1,3
1840,1890,3,1,4
1840,1900,6,1,7
1840,1910,6,1,7
1840,1920,7,2,9
1840,1930,7,3,10
1840,1940,7,4,11
1840,1950,7,5,12
1840,1960,7,5,12
1840,1970,8,6,14
1840,1980,8,8,16
1840,1990,9,8,17
1850,1850,0,0,0
1850,1860,2,1,3
1850,1870,2,1,3
1850,1880,2,1,3
1850,1890,3,1,4
1850,1900,6,1,7
1850,1910,6,1,7
1850,1920,7,2,9
1850,1930,7,3,10
1850,1940,7,4,11
1850,1950,7,5,12
1850,1960,7,5,12
1850,1970,8,6,14
1850,1980,8,8,16
1850,1990,9,8,17
1860,1860,0,0,0
1860,1870,0,0,0
1860,1880,0,0,0
1860,1890,1,0,1
1860,1900,4,0,4
1860,1910,4,0,4
1860,1920,5,1,6
1860,1930,5,2,7
1860,1940,5,3,8
1860,1950,5,4,9
1860,1960,5,4,9
1860,1970,6,5,11
1860,1980,6,7,13
1860,1990,7,7,14
1870,1870,0,0,0
1870,1880,0,0,0
1870,1890,1,0,1
1870,1900,4,0,4
1870,1910,4,0,4
1870,1920,5,1,6
1870,1930,5,2,7
1870,1940,5,3,8
1870,1950,5,4,9
1870,1960,5,4,9
1870,1970,6,5,11
1870,1980,6,7,13
1870,1990,7,7,14
1880,1880,0,0,0
1880,1890,1,0,1
1880,1900,4,0,4
1880,1910,4,0,4
1880,1920,5,1,6
1880,1930,5,2,7
1880,1940,5,3,8
1880,1950,5,4,9
1880,1960,5,4,9
1880,1970,6,5,11
1880,1980,6,7,13
1880,1990,7,7,14
1890,1890,0,0,0
1890,1900,3,0,3
1890,1910,3,0,3
1890,1920,4,1,5
1890,1930,4,2,6
1890,1940,4,3,7
1890,1950,4,4,8
1890,1960,4,4,8
1890,1970,5,5,10
1890,1980,5,7,12
1890,1990,6,7,13
1900,1900,1,0,1
1900,1910,1,0,1
1900,1920,2,1,3
1900,1930,2,2,4
1900,1940,2,3,5
1900,1950,2,4,6
1900,1960,2,4,6
1900,1970,3,5,8
1900,1980,3,7,10
1900,1990,4,7,11
1910,1910,0,0,0
1910,1920,1,1,2
1910,1930,1,2,3
1910,1940,1,3,4
1910,1950,1,4,5
1910,1960,1,4,5
1910,1970,2,5,7
1910,1980,2,7,9
1910,1990,3,7,10
1920,1920,0,0,0
1920,1930,0,1,1
1920,1940,0,2,2
1920,1950,0,3,3
1920,1960,0,3,3
1920,1970,1,4,5
1920,1980,1,6,7
1920,1990,2,6,8
1930,1930,0,0,0
1930,1940,0,1,1
1930,1950,0,2,2
1930,1960,0,2,2
1930,1970,1,3,4
1930,1980,1,5,6
1930,1990,2,5,7
1940,1940,0,0,0
1940,1950,0,1,1
1940,1960,0,1,1
1940,1970,1,2,3
1940,1980,1,4,5
1940,1990,2,4,6
1950,1950,0,0,0
1950,1960,0,0,0
1950,1970,1,1,2
1950,1980,1,3,4
1950,1990,2,3,5
1960,1960,0,0,0
1960,1970,1,1,2
1960,1980,1,3,4
1960,1990,2,3,5
1970,1970,0,0,0
1970,1980,0,2,2
1970,1990,1,2,3
1980,1980,0,0,0
1980,1990,1,0,1
1990,1990,0,0,0
